contig	position	id	ref_allele	alt_allele	depth	depth_pass	n_ref_total	n_ref_pass	n_alt_total	n_alt_pass	seen_in_norm	n_alt_dsc_suppressed	n_alt_ssc_total	n_alt_ssc_pass	n_alt_ssc_only
1	7094535	1_7094535_A_T	A	T	9006	7557	8927	7557	0	0	NA	0	0	0	0
1	10166074	1_10166074_T_A	T	A	9097	8146	9059	8146	0	0	NA	1	0	0	0
1	14130459	1_14130459_G_T	G	T	8388	7174	8327	7174	0	0	NA	0	0	0	0
1	14305223	1_14305223_A_T	A	T	8473	7657	8424	7657	0	0	NA	0	0	0	0
1	14368353	1_14368353_T_A	T	A	9165	7934	9116	7934	0	0	NA	0	0	0	0
1	14586176	1_14586176_T_A	T	A	9168	7841	9099	7841	0	0	NA	0	0	0	0
1	25581878	1_25581878_T_A	T	A	9366	7957	9315	7957	0	0	NA	0	1	0	0
1	26351320	1_26351320_T_A	T	A	8874	7514	8820	7514	0	0	NA	0	0	0	0
1	27842715	1_27842715_A_G	A	G	8921	7660	8878	7660	0	0	NA	0	0	0	0
1	29357852	1_29357852_C_G	C	G	9297	7984	9234	7982	2	2	NA	0	3	3	3
1	34509050	1_34509050_A_C	A	C	8855	7895	8814	7895	0	0	NA	0	0	0	0
1	37000185	1_37000185_C_T	C	T	9170	7765	9098	7765	0	0	NA	3	0	0	0
1	42124687	1_42124687_A_T	A	T	9485	8243	9437	8243	0	0	NA	0	0	0	0
1	45313189	1_45313189_A_T	A	T	9007	7601	8942	7601	0	0	NA	0	0	0	0
1	47988360	1_47988360_C_A	C	A	9909	8534	9814	8534	0	0	NA	3	0	0	0
1	49053801	1_49053801_C_T	C	T	8276	7366	8193	7366	0	0	NA	0	0	0	0
1	49853819	1_49853819_C_T	C	T	8575	7754	8482	7754	0	0	NA	1	0	0	0
1	49903171	1_49903171_G_C	G	C	8235	7450	8175	7450	0	0	NA	0	0	0	0
1	56757965	1_56757965_A_T	A	T	8648	7396	8585	7396	0	0	NA	0	0	0	0
1	58671331	1_58671331_C_A	C	A	9637	8333	9532	8333	0	0	NA	3	0	0	0
1	59752542	1_59752542_C_T	C	T	8699	7620	8648	7620	0	0	NA	1	0	0	0
1	60774412	1_60774412_C_T	C	T	8972	8036	8840	8036	0	0	NA	2	0	0	0
1	60787876	1_60787876_T_A	T	A	9296	8308	9247	8308	0	0	NA	0	0	0	0
1	62569006	1_62569006_C_G	C	G	9544	8136	9442	8136	0	0	NA	0	0	0	0
1	63453412	1_63453412_C_A	C	A	7129	6247	7078	6247	0	0	NA	0	0	0	0
1	68229681	1_68229681_A_G	A	G	9394	8088	9328	8088	0	0	NA	1	0	0	0
1	69925104	1_69925104_T_A	T	A	9327	8118	9274	8118	0	0	NA	0	0	0	0
1	70549171	1_70549171_T_G	T	G	9618	8545	9583	8544	1	1	NA	0	1	1	1
1	71762295	1_71762295_C_A	C	A	9517	8070	9429	8070	0	0	NA	1	0	0	0
1	72215472	1_72215472_G_A	G	A	8211	7275	8139	7275	0	0	NA	1	0	0	0
1	73043740	1_73043740_T_A	T	A	8847	7782	8788	7782	0	0	NA	0	0	0	0
1	75203834	1_75203834_A_G	A	G	6225	5024	6206	5024	0	0	NA	0	0	0	0
1	76095347	1_76095347_G_A	G	A	8983	7640	8860	7640	0	0	NA	1	0	0	0
1	76402934	1_76402934_A_T	A	T	7752	6695	7705	6695	0	0	NA	0	0	0	0
1	78585785	1_78585785_G_A	G	A	10900	8877	10823	8877	0	0	NA	1	0	0	0
1	82645053	1_82645053_T_A	T	A	9711	8294	9636	8294	0	0	NA	1	0	0	0
1	83476515	1_83476515_T_A	T	A	9644	8378	9593	8378	0	0	NA	0	0	0	0
1	87243964	1_87243964_T_A	T	A	9820	8362	9755	8362	0	0	NA	0	0	0	0
1	92094701	1_92094701_T_A	T	A	9412	8389	9337	8389	0	0	NA	0	0	0	0
1	95152755	1_95152755_T_A	T	A	9808	8278	9719	8278	0	0	NA	0	0	0	0
1	96719737	1_96719737_G_C	G	C	9924	8690	9838	8685	5	5	NA	0	6	6	6
1	97511647	1_97511647_A_G	A	G	8522	7202	8481	7202	0	0	NA	1	0	0	0
1	97744885	1_97744885_A_C	A	C	9008	7956	8966	7956	0	0	NA	0	0	0	0
1	102205673	1_102205673_A_T	A	T	9697	8572	9636	8572	0	0	NA	0	0	0	0
1	113533078	1_113533078_A_T	A	T	8840	7778	8773	7778	0	0	NA	2	0	0	0
1	114119587	1_114119587_G_T	G	T	9464	8366	9429	8366	0	0	NA	0	0	0	0
1	117885539	1_117885539_A_T	A	T	9426	8147	9377	8147	0	0	NA	0	0	0	0
1	120294902	1_120294902_T_A	T	A	9429	8180	9384	8180	0	0	NA	1	0	0	0
1	147052913	1_147052913_C_T	C	T	8638	7019	8513	7019	1	0	NA	0	1	0	0
1	154717893	1_154717893_C_A	C	A	9473	7909	9382	7909	0	0	NA	2	1	0	0
1	164871645	1_164871645_T_A	T	A	9190	8049	9133	8049	0	0	NA	1	0	0	0
1	165165288	1_165165288_C_T	C	T	9187	7913	9099	7913	0	0	NA	2	0	0	0
1	165179752	1_165179752_C_A	C	A	9118	7754	9045	7754	0	0	NA	0	0	0	0
1	166336486	1_166336486_G_A	G	A	9255	8043	9143	8043	0	0	NA	3	0	0	0
1	167411804	1_167411804_G_T	G	T	9829	8367	9780	8367	0	0	NA	0	0	0	0
1	167455591	1_167455591_G_A	G	A	9067	7777	9006	7777	0	0	NA	0	0	0	0
1	167639990	1_167639990_A_T	A	T	9432	7459	9205	7459	0	0	NA	1	0	0	0
1	170885341	1_170885341_G_A	G	A	9522	8248	9432	8248	0	0	NA	0	0	0	0
1	170972065	1_170972065_A_T	A	T	9218	7721	9068	7720	1	1	NA	0	3	3	3
1	171261649	1_171261649_A_T	A	T	6385	5811	6366	5811	0	0	NA	0	1	0	0
1	178444467	1_178444467_G_A	G	A	9510	7985	9408	7985	0	0	NA	2	0	0	0
1	179639763	1_179639763_T_A	T	A	9204	7808	9153	7808	0	0	NA	0	0	0	0
1	181291571	1_181291571_C_G	C	G	9381	8034	9015	7804	278	230	NA	2	463	395	395
1	181641566	1_181641566_T_A	T	A	9185	7976	9130	7976	0	0	NA	0	0	0	0
1	185891336	1_185891336_G_T	G	T	9242	7957	9172	7957	0	0	NA	1	0	0	0
1	189307385	1_189307385_C_A	C	A	9022	7677	8662	7429	288	248	NA	1	454	399	399
1	192203828	1_192203828_T_A	T	A	9704	8461	9669	8461	0	0	NA	0	0	0	0
1	198084955	1_198084955_T_A	T	A	9316	8041	9265	8041	0	0	NA	0	0	0	0
1	204996197	1_204996197_C_A	C	A	9091	7622	9026	7622	0	0	NA	1	0	0	0
1	208204002	1_208204002_C_T	C	T	9137	7176	9080	7176	1	0	NA	0	3	0	0
1	209677507	1_209677507_A_T	A	T	8245	7368	8196	7368	0	0	NA	0	0	0	0
1	213357053	1_213357053_A_T	A	T	8427	7746	8388	7746	0	0	NA	1	0	0	0
1	214068195	1_214068195_C_T	C	T	8770	7957	8696	7957	0	0	NA	1	0	0	0
1	214433933	1_214433933_C_A	C	A	8852	7926	8788	7926	0	0	NA	0	0	0	0
1	220857037	1_220857037_T_A	T	A	8447	7264	8371	7264	0	0	NA	1	0	0	0
1	222266903	1_222266903_G_A	G	A	8892	7534	8767	7534	0	0	NA	0	0	0	0
1	224421008	1_224421008_G_C	G	C	8599	7316	8521	7316	0	0	NA	0	0	0	0
1	224855917	1_224855917_C_G	C	G	9978	8368	9864	8368	0	0	NA	0	0	0	0
1	225856099	1_225856099_G_A	G	A	8489	7659	8427	7659	0	0	NA	2	0	0	0
1	234385373	1_234385373_C_G	C	G	8077	6653	7988	6652	1	1	NA	0	1	1	1
1	239718565	1_239718565_A_G	A	G	9201	7878	9133	7878	0	0	NA	1	0	0	0
1	240783201	1_240783201_T_A	T	A	10112	8619	10033	8619	0	0	NA	0	0	0	0
1	245020351	1_245020351_A_G	A	G	9181	8061	9142	8061	0	0	NA	3	0	0	0
1	245313729	1_245313729_A_C	A	C	9238	7896	9188	7896	0	0	NA	0	0	0	0
1	247227659	1_247227659_A_T	A	T	9925	8442	9852	8442	0	0	NA	0	0	0	0
1	247451365	1_247451365_A_T	A	T	7330	6011	7291	6011	0	0	NA	0	0	0	0
1	248291532	1_248291532_G_A	G	A	9764	8380	9684	8380	0	0	NA	0	0	0	0
2	2717454	2_2717454_C_T	C	T	9330	7673	9253	7673	0	0	NA	1	0	0	0
2	2833658	2_2833658_A_C	A	C	9391	8186	9327	8186	0	0	NA	0	0	0	0
2	6396566	2_6396566_T_A	T	A	8303	7145	8267	7145	0	0	NA	0	0	0	0
2	7330960	2_7330960_G_T	G	T	8788	7490	8727	7490	0	0	NA	0	0	0	0
2	8861686	2_8861686_C_A	C	A	8525	7395	8450	7395	0	0	NA	2	0	0	0
2	9017239	2_9017239_C_A	C	A	9517	8202	9416	8202	0	0	NA	0	0	0	0
2	10516236	2_10516236_G_A	G	A	9359	7629	9246	7629	0	0	NA	2	0	0	0
2	12696040	2_12696040_G_T	G	T	8885	7704	8816	7704	0	0	NA	2	0	0	0
2	13314481	2_13314481_T_A	T	A	9913	8596	9864	8596	0	0	NA	0	0	0	0
2	13343609	2_13343609_C_A	C	A	10629	9307	10521	9307	0	0	NA	0	0	0	0
2	14691015	2_14691015_G_C	G	C	8912	4899	8868	4899	0	0	NA	0	0	0	0
2	14897806	2_14897806_G_A	G	A	7288	6114	7167	6114	0	0	NA	7	0	0	0
2	18566772	2_18566772_C_A	C	A	10286	8845	10211	8845	0	0	NA	0	0	0	0
2	22076946	2_22076946_C_A	C	A	9773	8439	9655	8439	0	0	NA	0	0	0	0
2	22589023	2_22589023_T_A	T	A	10431	9087	10370	9087	0	0	NA	1	0	0	0
2	27438417	2_27438417_A_T	A	T	9933	8472	9863	8472	0	0	NA	0	0	0	0
2	28323535	2_28323535_A_G	A	G	8653	7787	8613	7787	0	0	NA	0	0	0	0
2	29301328	2_29301328_A_C	A	C	9513	8074	9433	8074	0	0	NA	1	0	0	0
2	29624012	2_29624012_T_A	T	A	9879	8512	9824	8512	0	0	NA	0	0	0	0
2	31004514	2_31004514_C_A	C	A	9418	8207	9359	8207	0	0	NA	0	0	0	0
2	34759822	2_34759822_T_A	T	A	9756	8419	9694	8419	0	0	NA	0	0	0	0
2	39198433	2_39198433_G_C	G	C	9353	8067	9284	8067	0	0	NA	0	0	0	0
2	45987436	2_45987436_T_A	T	A	8895	7539	8811	7539	0	0	NA	1	0	0	0
2	49154409	2_49154409_A_T	A	T	9609	8447	9562	8447	0	0	NA	0	0	0	0
2	51982546	2_51982546_G_A	G	A	9573	8259	9497	8259	0	0	NA	0	0	0	0
2	55098274	2_55098274_G_A	G	A	9939	8518	9877	8517	2	1	NA	0	2	1	1
2	56331589	2_56331589_T_A	T	A	9620	8028	9517	8028	0	0	NA	1	0	0	0
2	56854512	2_56854512_A_G	A	G	10174	8750	10123	8749	1	1	NA	1	1	1	1
2	56920362	2_56920362_C_T	C	T	7802	6958	7755	6958	0	0	NA	0	0	0	0
2	59041398	2_59041398_A_T	A	T	9793	8332	9697	8332	0	0	NA	0	0	0	0
2	59772202	2_59772202_C_T	C	T	9898	8509	9794	8508	0	0	NA	1	0	0	0
2	61061770	2_61061770_T_A	T	A	10346	8770	10288	8770	0	0	NA	0	0	0	0
2	65276603	2_65276603_A_T	A	T	10528	8917	10464	8917	0	0	NA	0	0	0	0
2	66762821	2_66762821_T_A	T	A	8306	7197	8253	7197	0	0	NA	0	0	0	0
2	67052759	2_67052759_A_G	A	G	9692	8230	9627	8230	0	0	NA	1	0	0	0
2	72726030	2_72726030_T_C	T	C	9269	8332	9230	8332	0	0	NA	0	0	0	0
2	75574357	2_75574357_C_G	C	G	9288	7940	9225	7940	0	0	NA	1	0	0	0
2	75972890	2_75972890_A_G	A	G	8084	6731	8047	6731	0	0	NA	2	0	0	0
2	79470759	2_79470759_T_A	T	A	8224	7295	8172	7295	0	0	NA	1	0	0	0
2	81272215	2_81272215_A_G	A	G	10063	8768	9993	8768	0	0	NA	0	0	0	0
2	98278199	2_98278199_T_C	T	C	8835	7515	8734	7483	37	32	NA	0	55	50	50
2	100857666	2_100857666_G_T	G	T	10422	8833	10319	8832	1	1	NA	2	1	1	1
2	102711695	2_102711695_G_T	G	T	9821	8156	9758	8156	0	0	NA	0	0	0	0
2	103222350	2_103222350_C_G	C	G	8381	6647	8318	6647	0	0	NA	0	0	0	0
2	104488821	2_104488821_G_T	G	T	9409	8048	9311	8048	0	0	NA	2	0	0	0
2	111977616	2_111977616_T_C	T	C	10304	8985	10259	8985	0	0	NA	0	0	0	0
2	116057804	2_116057804_T_G	T	G	9405	8284	9341	8284	0	0	NA	0	0	0	0
2	118314751	2_118314751_G_T	G	T	9736	8483	9683	8483	0	0	NA	0	0	0	0
2	123007001	2_123007001_C_A	C	A	8456	7452	8413	7452	0	0	NA	0	0	0	0
2	123966167	2_123966167_G_C	G	C	9548	8252	9475	8252	0	0	NA	0	0	0	0
2	124779321	2_124779321_T_A	T	A	9403	8262	9351	8262	0	0	NA	0	0	0	0
2	125816134	2_125816134_G_A	G	A	10794	9033	10681	9033	0	0	NA	1	0	0	0
2	129394592	2_129394592_A_T	A	T	9790	8252	9715	8252	0	0	NA	0	0	0	0
2	130124862	2_130124862_G_A	G	A	10287	8866	10199	8866	0	0	NA	2	0	0	0
2	131601459	2_131601459_A_T	A	T	8823	7548	8765	7548	0	0	NA	1	0	0	0
2	132171226	2_132171226_T_A	T	A	9181	7932	9134	7932	0	0	NA	1	0	0	0
2	135434929	2_135434929_C_T	C	T	8893	7495	8803	7495	0	0	NA	0	0	0	0
2	139376671	2_139376671_G_T	G	T	9572	7881	9496	7881	0	0	NA	1	0	0	0
2	139479950	2_139479950_T_G	T	G	10196	8384	10018	8384	0	0	NA	1	0	0	0
2	142789391	2_142789391_A_G	A	G	9422	8213	9369	8213	0	0	NA	1	0	0	0
2	151251233	2_151251233_A_C	A	C	9958	7173	9892	7173	0	0	NA	0	0	0	0
2	155635312	2_155635312_G_T	G	T	8876	8139	8821	8139	0	0	NA	0	0	0	0
2	156160386	2_156160386_A_G	A	G	9869	8499	9828	8499	0	0	NA	0	0	0	0
2	164227721	2_164227721_A_G	A	G	9437	8138	9389	8138	0	0	NA	2	0	0	0
2	166429980	2_166429980_G_T	G	T	9323	8649	9261	8649	0	0	NA	0	0	0	0
2	172578287	2_172578287_C_G	C	G	8995	8052	8902	8052	0	0	NA	0	0	0	0
2	176062541	2_176062541_A_G	A	G	9290	8417	9239	8417	0	0	NA	0	0	0	0
2	177112878	2_177112878_C_T	C	T	9551	8134	9474	8134	0	0	NA	2	0	0	0
2	180469616	2_180469616_C_T	C	T	9505	8320	9424	8320	0	0	NA	0	0	0	0
2	181569633	2_181569633_C_A	C	A	9707	8099	9641	8099	0	0	NA	0	0	0	0
2	184534335	2_184534335_A_T	A	T	9845	8446	9793	8446	0	0	NA	0	0	0	0
2	186784153	2_186784153_G_A	G	A	10214	8455	10068	8455	0	0	NA	1	0	0	0
2	189133261	2_189133261_C_G	C	G	8640	7792	8556	7792	0	0	NA	0	0	0	0
2	193178687	2_193178687_T_G	T	G	9892	8242	9854	8242	0	0	NA	0	0	0	0
2	193725350	2_193725350_G_T	G	T	9536	8474	9478	8474	0	0	NA	0	0	0	0
2	197080798	2_197080798_C_A	C	A	9861	8163	9764	8163	0	0	NA	0	0	0	0
2	204613586	2_204613586_A_G	A	G	9268	7991	9229	7991	0	0	NA	1	0	0	0
2	210022620	2_210022620_T_C	T	C	9463	8273	9382	8248	27	25	NA	0	46	43	43
2	212109972	2_212109972_G_T	G	T	10184	8948	10092	8948	0	0	NA	1	0	0	0
2	217241300	2_217241300_C_T	C	T	9096	8028	8992	8028	0	0	NA	0	0	0	0
2	220050208	2_220050208_A_T	A	T	8653	7834	8573	7834	0	0	NA	0	1	0	0
2	220890824	2_220890824_G_A	G	A	9790	8477	9695	8477	0	0	NA	2	1	1	1
2	223617610	2_223617610_G_A	G	A	9991	8534	9915	8534	0	0	NA	1	0	0	0
2	227718451	2_227718451_G_A	G	A	9900	8278	9821	8278	0	0	NA	1	0	0	0
2	229822013	2_229822013_T_A	T	A	9975	8313	9884	8313	0	0	NA	1	0	0	0
2	236042650	2_236042650_A_T	A	T	8464	6656	8401	6656	0	0	NA	0	0	0	0
2	236528516	2_236528516_A_T	A	T	9067	7460	9013	7460	0	0	NA	0	0	0	0
2	236724229	2_236724229_G_A	G	A	9386	7930	9296	7930	0	0	NA	0	0	0	0
2	236760396	2_236760396_A_G	A	G	8783	7612	8751	7611	1	1	NA	0	1	1	1
3	2395873	3_2395873_C_T	C	T	8587	7490	8521	7490	0	0	NA	0	0	0	0
3	2937892	3_2937892_G_A	G	A	8868	7889	8818	7889	0	0	NA	1	3	2	2
3	3069377	3_3069377_A_G	A	G	9383	7909	9312	7909	0	0	NA	0	0	0	0
3	7176739	3_7176739_G_A	G	A	9642	8417	9585	8417	0	0	NA	0	0	0	0
3	14169612	3_14169612_A_G	A	G	9341	8046	9293	8046	0	0	NA	0	0	0	0
3	22289604	3_22289604_C_A	C	A	10187	8748	10111	8748	0	0	NA	0	0	0	0
3	25499994	3_25499994_A_G	A	G	9968	8589	9881	8569	26	20	NA	1	42	35	35
3	26120634	3_26120634_T_A	T	A	9956	8540	9900	8540	0	0	NA	0	0	0	0
3	26851067	3_26851067_C_T	C	T	9086	7649	9023	7649	0	0	NA	4	0	0	0
3	27123086	3_27123086_C_A	C	A	9675	7892	9613	7892	0	0	NA	0	0	0	0
3	31724760	3_31724760_G_A	G	A	8937	7282	8874	7281	1	1	NA	1	5	4	4
3	36752412	3_36752412_A_T	A	T	9332	7922	9254	7922	0	0	NA	0	0	0	0
3	42005138	3_42005138_G_T	G	T	9179	7837	9109	7837	0	0	NA	2	0	0	0
3	44919356	3_44919356_A_T	A	T	8991	7918	8954	7918	0	0	NA	0	0	0	0
3	45508823	3_45508823_T_C	T	C	9582	8328	9521	8328	0	0	NA	0	0	0	0
3	45884515	3_45884515_A_C	A	C	9455	7876	9389	7876	0	0	NA	0	0	0	0
3	48971487	3_48971487_A_T	A	T	9248	8117	9209	8117	0	0	NA	0	0	0	0
3	51924398	3_51924398_T_A	T	A	9364	8216	9315	8216	0	0	NA	0	0	0	0
3	53187241	3_53187241_C_G	C	G	10580	8932	10509	8932	0	0	NA	0	0	0	0
3	54747783	3_54747783_T_A	T	A	9460	8260	9416	8260	0	0	NA	0	0	0	0
3	60016907	3_60016907_G_A	G	A	8456	7055	8392	7055	0	0	NA	5	0	0	0
3	62517395	3_62517395_G_T	G	T	10209	8599	10129	8599	0	0	NA	0	0	0	0
3	64121027	3_64121027_C_A	C	A	9429	8141	9326	8141	0	0	NA	0	0	0	0
3	65479888	3_65479888_T_A	T	A	9355	7979	9296	7979	0	0	NA	0	0	0	0
3	66488293	3_66488293_A_C	A	C	9559	8193	9498	8193	0	0	NA	0	0	0	0
3	68714246	3_68714246_A_T	A	T	9130	8093	9089	8093	0	0	NA	0	0	0	0
3	69273496	3_69273496_C_T	C	T	9362	8261	9284	8261	0	0	NA	2	0	0	0
3	72960003	3_72960003_G_T	G	T	9459	8105	9370	8105	0	0	NA	2	0	0	0
3	77771788	3_77771788_C_T	C	T	9613	8083	9533	8083	0	0	NA	1	0	0	0
3	79155051	3_79155051_G_T	G	T	9501	8173	9451	8173	0	0	NA	0	0	0	0
3	80225905	3_80225905_G_A	G	A	9697	8520	9618	8520	0	0	NA	0	0	0	0
3	80414726	3_80414726_A_C	A	C	8851	8057	8784	8057	0	0	NA	0	2	2	2
3	85797660	3_85797660_T_A	T	A	10158	8499	10101	8499	0	0	NA	0	0	0	0
3	95119918	3_95119918_C_T	C	T	9721	8522	9636	8521	1	1	NA	2	1	1	1
3	95176994	3_95176994_G_T	G	T	9371	6929	9298	6929	0	0	NA	1	0	0	0
3	95984275	3_95984275_C_G	C	G	9907	8670	9815	8670	0	0	NA	2	0	0	0
3	99013947	3_99013947_A_G	A	G	8484	7447	8445	7447	0	0	NA	0	0	0	0
3	105078586	3_105078586_T_C	T	C	9782	8130	9735	8130	0	0	NA	1	0	0	0
3	108107684	3_108107684_T_A	T	A	9614	8091	9548	8091	0	0	NA	0	0	0	0
3	108140079	3_108140079_A_T	A	T	9314	7745	9255	7745	0	0	NA	1	0	0	0
3	110788937	3_110788937_G_T	G	T	9016	7717	8953	7717	0	0	NA	1	1	0	0
3	111514495	3_111514495_G_T	G	T	10409	8959	10309	8959	0	0	NA	0	0	0	0
3	117527286	3_117527286_G_A	G	A	9457	8283	9369	8283	0	0	NA	0	0	0	0
3	126721766	3_126721766_G_A	G	A	9344	7778	9232	7778	0	0	NA	2	0	0	0
3	129510457	3_129510457_C_T	C	T	9152	7909	4768	4150	4315	3759	NA	2	7286	6391	6391
3	130624029	3_130624029_T_A	T	A	10239	8918	10148	8918	0	0	NA	0	0	0	0
3	142605738	3_142605738_C_G	C	G	9743	8127	9640	8093	41	34	NA	0	71	58	58
3	144006889	3_144006889_G_A	G	A	10215	8637	10163	8637	0	0	NA	1	0	0	0
3	145201439	3_145201439_G_C	G	C	9596	8548	9549	8548	0	0	NA	0	0	0	0
3	146336616	3_146336616_C_A	C	A	9770	8472	9676	8472	0	0	NA	0	0	0	0
3	147511070	3_147511070_C_T	C	T	9265	8275	9190	8275	0	0	NA	1	0	0	0
3	149013554	3_149013554_T_A	T	A	11113	9481	11059	9481	0	0	NA	1	0	0	0
3	149338101	3_149338101_C_T	C	T	9035	7848	8973	7848	0	0	NA	0	0	0	0
3	152598993	3_152598993_T_C	T	C	8571	7966	8534	7966	0	0	NA	0	0	0	0
3	156759018	3_156759018_T_A	T	A	9593	8074	9513	8074	0	0	NA	0	0	0	0
3	161407614	3_161407614_T_A	T	A	8641	7639	8602	7639	0	0	NA	0	0	0	0
3	168861456	3_168861456_A_G	A	G	9951	8592	9896	8592	0	0	NA	0	2	2	2
3	171835691	3_171835691_A_T	A	T	9653	8445	9587	8445	0	0	NA	1	0	0	0
3	173718915	3_173718915_A_T	A	T	7726	7025	7678	7025	0	0	NA	0	0	0	0
3	180833741	3_180833741_T_A	T	A	9543	8137	9482	8137	0	0	NA	0	0	0	0
3	181893774	3_181893774_G_C	G	C	9958	8591	9912	8591	0	0	NA	1	0	0	0
3	186693845	3_186693845_C_T	C	T	9967	8250	9903	8250	0	0	NA	0	0	0	0
3	189567767	3_189567767_T_A	T	A	8590	7582	8539	7582	0	0	NA	0	0	0	0
3	191396578	3_191396578_C_T	C	T	10165	8581	10101	8581	0	0	NA	1	0	0	0
3	191968686	3_191968686_C_A	C	A	9154	8118	9026	8118	0	0	NA	1	0	0	0
3	194430224	3_194430224_G_T	G	T	9778	8260	9720	8260	0	0	NA	2	0	0	0
4	3853457	4_3853457_T_G	T	G	9300	7944	9243	7944	0	0	NA	0	0	0	0
4	6331698	4_6331698_A_T	A	T	9439	7799	9357	7799	0	0	NA	0	0	0	0
4	6760610	4_6760610_G_T	G	T	9559	7982	9491	7982	0	0	NA	1	0	0	0
4	7528997	4_7528997_G_A	G	A	9172	6940	9116	6940	0	0	NA	2	0	0	0
4	8706519	4_8706519_C_T	C	T	9905	8206	9796	8206	0	0	NA	1	0	0	0
4	11598303	4_11598303_T_A	T	A	10368	8635	10307	8635	0	0	NA	0	0	0	0
4	14053976	4_14053976_T_G	T	G	9170	7894	9106	7894	0	0	NA	1	0	0	0
4	14177974	4_14177974_T_A	T	A	9639	8364	9587	8364	0	0	NA	0	0	0	0
4	15215093	4_15215093_G_T	G	T	9116	7864	9063	7864	0	0	NA	0	0	0	0
4	15812320	4_15812320_T_A	T	A	9908	8404	9856	8404	0	0	NA	3	0	0	0
4	16263185	4_16263185_C_T	C	T	7998	6879	7921	6879	0	0	NA	1	0	0	0
4	16463499	4_16463499_G_C	G	C	9692	8290	9593	8290	0	0	NA	0	0	0	0
4	19060259	4_19060259_C_T	C	T	7906	5962	7853	5962	0	0	NA	1	0	0	0
4	23299284	4_23299284_T_C	T	C	8090	7175	8038	7175	0	0	NA	0	0	0	0
4	24039111	4_24039111_C_A	C	A	9354	8445	9249	8445	0	0	NA	1	0	0	0
4	24284013	4_24284013_A_C	A	C	9300	7887	9256	7887	0	0	NA	1	0	0	0
4	24447808	4_24447808_C_A	C	A	10725	9231	10622	9231	0	0	NA	0	0	0	0
4	26849570	4_26849570_T_C	T	C	9718	8491	9683	8491	0	0	NA	0	0	0	0
4	30661146	4_30661146_A_G	A	G	9248	8586	9213	8586	0	0	NA	1	0	0	0
4	31512047	4_31512047_G_C	G	C	10053	8742	9950	8742	0	0	NA	0	0	0	0
4	37340036	4_37340036_C_A	C	A	8965	7564	8887	7564	0	0	NA	1	0	0	0
4	37356775	4_37356775_C_A	C	A	8356	7440	8275	7440	0	0	NA	0	0	0	0
4	47165175	4_47165175_G_T	G	T	8713	7619	8646	7619	0	0	NA	1	0	0	0
4	52873547	4_52873547_T_A	T	A	8632	6945	8583	6945	0	0	NA	0	0	0	0
4	55770727	4_55770727_A_C	A	C	9604	8595	9554	8595	0	0	NA	0	0	0	0
4	57942137	4_57942137_A_G	A	G	8815	7104	8759	7104	0	0	NA	0	0	0	0
4	59237811	4_59237811_C_A	C	A	9644	8418	9575	8418	0	0	NA	0	0	0	0
4	60833847	4_60833847_C_A	C	A	9797	8220	9695	8220	0	0	NA	3	1	0	0
4	60852572	4_60852572_C_T	C	T	9209	7996	9146	7996	0	0	NA	1	0	0	0
4	60882735	4_60882735_A_G	A	G	8665	7829	8612	7829	0	0	NA	1	0	0	0
4	62878137	4_62878137_T_C	T	C	9595	8604	9542	8604	0	0	NA	1	0	0	0
4	64086971	4_64086971_T_A	T	A	9400	8199	9351	8199	0	0	NA	0	0	0	0
4	67846293	4_67846293_C_T	C	T	9194	7986	9117	7986	0	0	NA	0	0	0	0
4	68070338	4_68070338_A_G	A	G	9981	8660	9924	8660	0	0	NA	0	0	0	0
4	75687609	4_75687609_T_A	T	A	9944	8625	9890	8625	0	0	NA	0	1	0	0
4	84289312	4_84289312_T_A	T	A	9903	8871	9850	8871	0	0	NA	0	0	0	0
4	88094472	4_88094472_C_T	C	T	9581	8524	9484	8524	0	0	NA	0	0	0	0
4	89601642	4_89601642_G_T	G	T	9388	8368	9318	8368	0	0	NA	0	0	0	0
4	94617490	4_94617490_C_A	C	A	10234	8570	10140	8570	0	0	NA	1	1	0	0
4	101829934	4_101829934_A_G	A	G	8347	7507	8296	7507	0	0	NA	0	0	0	0
4	103073610	4_103073610_C_T	C	T	9659	8208	9580	8208	0	0	NA	0	0	0	0
4	105870597	4_105870597_G_T	G	T	9668	8425	9560	8425	0	0	NA	3	0	0	0
4	108945655	4_108945655_C_A	C	A	9439	8050	9361	8050	0	0	NA	1	0	0	0
4	109818952	4_109818952_G_T	G	T	9477	8198	9403	8198	0	0	NA	0	0	0	0
4	111982500	4_111982500_C_A	C	A	10017	8749	9918	8749	0	0	NA	0	0	0	0
4	114381242	4_114381242_A_T	A	T	7779	6879	7739	6879	0	0	NA	0	0	0	0
4	116991745	4_116991745_A_T	A	T	9580	8493	9540	8493	0	0	NA	0	0	0	0
4	117822502	4_117822502_T_A	T	A	9363	8223	9338	8223	0	0	NA	0	0	0	0
4	118628408	4_118628408_T_A	T	A	9990	8154	9882	8154	0	0	NA	0	0	0	0
4	127111158	4_127111158_A_T	A	T	10005	8529	9950	8529	0	0	NA	0	0	0	0
4	129251340	4_129251340_T_A	T	A	9641	8047	9590	8047	0	0	NA	0	0	0	0
4	134236764	4_134236764_G_A	G	A	9172	7822	9058	7821	1	1	NA	0	1	1	1
4	136489097	4_136489097_G_A	G	A	10501	9363	10366	9307	65	56	NA	0	119	99	99
4	138114238	4_138114238_A_T	A	T	9513	8129	9438	8129	0	0	NA	0	0	0	0
4	145286122	4_145286122_C_T	C	T	8835	7526	8765	7526	0	0	NA	2	1	1	1
4	145889096	4_145889096_G_A	G	A	9743	8302	9649	8302	0	0	NA	1	0	0	0
4	148413504	4_148413504_G_A	G	A	9191	7987	9105	7987	0	0	NA	0	0	0	0
4	156170946	4_156170946_G_A	G	A	9600	8208	9495	8208	0	0	NA	3	1	1	1
4	159996984	4_159996984_A_T	A	T	5584	4678	5556	4678	0	0	NA	1	0	0	0
4	161152059	4_161152059_G_A	G	A	9451	8370	9385	8370	0	0	NA	0	0	0	0
4	165345272	4_165345272_G_T	G	T	9815	8330	9753	8327	3	3	NA	0	7	4	4
4	166586686	4_166586686_G_A	G	A	10246	8606	10152	8606	0	0	NA	0	0	0	0
4	172508141	4_172508141_T_C	T	C	9607	8297	9524	8297	0	0	NA	0	0	0	0
4	173793480	4_173793480_C_T	C	T	8178	7446	8116	7446	0	0	NA	1	0	0	0
4	176631113	4_176631113_A_T	A	T	8370	7154	8331	7154	0	0	NA	0	0	0	0
4	182649301	4_182649301_A_T	A	T	8811	7909	8755	7909	0	0	NA	1	0	0	0
4	182792334	4_182792334_G_T	G	T	9728	8623	9639	8623	0	0	NA	1	0	0	0
4	186441436	4_186441436_C_A	C	A	9339	7679	9236	7679	0	0	NA	1	0	0	0
4	186490429	4_186490429_G_T	G	T	8877	7632	8810	7631	1	1	NA	3	1	1	1
4	186922829	4_186922829_A_G	A	G	9516	8224	9474	8224	0	0	NA	0	0	0	0
4	189877386	4_189877386_G_A	G	A	9734	8473	9642	8473	0	0	NA	0	0	0	0
5	4117750	5_4117750_G_A	G	A	9511	8081	9415	8081	0	0	NA	2	1	1	1
5	4195717	5_4195717_G_A	G	A	8190	7025	8103	7025	0	0	NA	0	0	0	0
5	4955850	5_4955850_G_A	G	A	9685	8142	9629	8142	0	0	NA	0	0	0	0
5	8136966	5_8136966_C_A	C	A	9586	8027	9489	8025	2	2	NA	1	2	2	2
5	8232683	5_8232683_C_G	C	G	10106	8383	10037	8383	0	0	NA	0	0	0	0
5	13278148	5_13278148_T_C	T	C	9142	7557	9100	7557	0	0	NA	0	0	0	0
5	15825418	5_15825418_G_T	G	T	7863	7161	7796	7161	0	0	NA	3	0	0	0
5	19744281	5_19744281_C_A	C	A	8884	7980	8808	7980	0	0	NA	2	0	0	0
5	20201528	5_20201528_C_T	C	T	9976	8289	9863	8289	0	0	NA	0	0	0	0
5	21186059	5_21186059_A_G	A	G	7528	6932	7498	6932	0	0	NA	0	0	0	0
5	26016992	5_26016992_C_A	C	A	10037	8588	9912	8588	0	0	NA	1	0	0	0
5	29092617	5_29092617_T_C	T	C	10183	8807	10144	8807	0	0	NA	2	0	0	0
5	30355884	5_30355884_T_A	T	A	9918	8479	9844	8479	0	0	NA	1	0	0	0
5	30570045	5_30570045_G_A	G	A	9203	7877	9131	7877	0	0	NA	1	0	0	0
5	34019629	5_34019629_G_T	G	T	9499	8164	9421	8164	0	0	NA	0	0	0	0
5	35440093	5_35440093_G_A	G	A	9515	8357	9438	8357	0	0	NA	0	0	0	0
5	35862583	5_35862583_C_A	C	A	9915	8520	9834	8520	0	0	NA	2	0	0	0
5	36049211	5_36049211_A_C	A	C	9297	7833	9242	7833	0	0	NA	0	0	0	0
5	38207973	5_38207973_G_T	G	T	10150	8759	10064	8759	0	0	NA	2	0	0	0
5	38566783	5_38566783_A_T	A	T	7788	7190	7742	7189	0	0	NA	0	0	0	0
5	41374551	5_41374551_C_T	C	T	9190	7985	9106	7985	0	0	NA	1	0	0	0
5	44072337	5_44072337_C_T	C	T	9874	8679	9825	8678	1	1	NA	1	2	2	2
5	50398771	5_50398771_G_A	G	A	9923	8783	9844	8783	0	0	NA	4	1	1	1
5	54223025	5_54223025_T_C	T	C	10106	8541	10060	8540	1	1	NA	0	2	2	2
5	56150595	5_56150595_T_G	T	G	9300	7450	9154	7450	0	0	NA	1	0	0	0
5	57024548	5_57024548_A_T	A	T	9042	8124	8992	8124	0	0	NA	0	0	0	0
5	63799696	5_63799696_G_C	G	C	9814	8183	9673	8136	52	47	NA	0	83	74	74
5	66595183	5_66595183_T_A	T	A	10276	9005	10228	9005	0	0	NA	0	0	0	0
5	66744469	5_66744469_A_T	A	T	10079	8804	10032	8804	0	0	NA	0	0	0	0
5	68177844	5_68177844_T_C	T	C	8263	7037	8203	7037	0	0	NA	1	0	0	0
5	73677763	5_73677763_C_T	C	T	8940	7187	8856	7186	1	1	NA	1	1	1	1
5	76448585	5_76448585_T_A	T	A	6910	4870	6814	4870	0	0	NA	0	0	0	0
5	77117421	5_77117421_T_A	T	A	9510	8002	9435	8002	0	0	NA	0	0	0	0
5	84082776	5_84082776_G_C	G	C	9591	8458	9523	8458	0	0	NA	0	0	0	0
5	87878181	5_87878181_A_T	A	T	9745	8532	9664	8532	0	0	NA	1	0	0	0
5	87880469	5_87880469_A_T	A	T	9701	8489	9646	8489	0	0	NA	0	0	0	0
5	88253940	5_88253940_G_T	G	T	9543	8270	9484	8270	0	0	NA	0	0	0	0
5	88801436	5_88801436_C_T	C	T	10842	9200	10771	9200	0	0	NA	1	0	0	0
5	89211925	5_89211925_G_A	G	A	9214	8399	9142	8399	0	0	NA	0	0	0	0
5	92626705	5_92626705_A_T	A	T	9625	8343	9565	8343	0	0	NA	0	0	0	0
5	93656183	5_93656183_C_T	C	T	7676	6371	7610	6364	10	7	NA	2	16	10	10
5	102895928	5_102895928_G_C	G	C	9351	8039	9280	8039	0	0	NA	0	0	0	0
5	104302926	5_104302926_T_G	T	G	9824	8596	9773	8596	0	0	NA	0	0	0	0
5	105050343	5_105050343_G_A	G	A	8542	7746	8458	7746	0	0	NA	0	0	0	0
5	107024950	5_107024950_C_G	C	G	8985	7390	8910	7390	0	0	NA	0	0	0	0
5	109558764	5_109558764_G_A	G	A	10071	8420	9975	8420	0	0	NA	1	0	0	0
5	111748493	5_111748493_G_A	G	A	10007	8621	9917	8621	0	0	NA	3	1	1	1
5	113285345	5_113285345_C_T	C	T	10157	8519	10064	8519	0	0	NA	2	0	0	0
5	114112212	5_114112212_A_C	A	C	10005	8472	9969	8472	0	0	NA	0	0	0	0
5	114364994	5_114364994_A_G	A	G	9814	8411	9757	8411	0	0	NA	1	0	0	0
5	115876095	5_115876095_T_G	T	G	10197	8743	10130	8743	0	0	NA	1	0	0	0
5	116388840	5_116388840_A_C	A	C	9768	8298	9688	8298	0	0	NA	1	0	0	0
5	119372370	5_119372370_A_T	A	T	8721	7539	8652	7539	0	0	NA	1	0	0	0
5	127550555	5_127550555_G_T	G	T	8762	7816	8696	7816	0	0	NA	0	0	0	0
5	129845654	5_129845654_G_C	G	C	10180	8800	10121	8800	0	0	NA	0	0	0	0
5	130102430	5_130102430_T_G	T	G	9157	7965	9106	7965	0	0	NA	1	0	0	0
5	130761116	5_130761116_T_A	T	A	9710	8310	9681	8310	0	0	NA	0	0	0	0
5	131131085	5_131131085_A_C	A	C	8906	7587	4594	3996	4216	3591	NA	4	6980	6024	6024
5	132642291	5_132642291_C_A	C	A	10198	8706	10131	8706	0	0	NA	0	0	0	0
5	134997403	5_134997403_A_G	A	G	9365	8018	9269	8018	0	0	NA	0	0	0	0
5	135233196	5_135233196_T_C	T	C	9126	8118	9061	8118	0	0	NA	1	0	0	0
5	135798118	5_135798118_C_A	C	A	9586	8257	9508	8257	0	0	NA	0	0	0	0
5	142869888	5_142869888_A_T	A	T	9684	8240	9596	8240	0	0	NA	0	0	0	0
5	146864365	5_146864365_C_A	C	A	10439	8879	10365	8879	0	0	NA	0	0	0	0
5	150428745	5_150428745_C_T	C	T	8951	7575	8870	7575	0	0	NA	3	0	0	0
5	165285866	5_165285866_A_T	A	T	9201	8113	9161	8113	0	0	NA	0	0	0	0
6	9433703	6_9433703_G_C	G	C	7894	7161	7820	7161	0	0	NA	0	0	0	0
6	10769910	6_10769910_G_T	G	T	9688	8206	9587	8206	0	0	NA	1	0	0	0
6	12901530	6_12901530_T_A	T	A	9739	8386	9682	8386	0	0	NA	0	0	0	0
6	15648173	6_15648173_A_G	A	G	10342	8994	10282	8994	0	0	NA	0	0	0	0
6	20445965	6_20445965_T_A	T	A	9404	8329	9335	8329	0	0	NA	0	0	0	0
6	21914385	6_21914385_G_T	G	T	9618	8205	9543	8205	0	0	NA	1	0	0	0
6	23648288	6_23648288_A_T	A	T	9625	7619	9574	7619	0	0	NA	0	0	0	0
6	25072910	6_25072910_T_A	T	A	10410	8761	10356	8761	0	0	NA	0	0	0	0
6	44759570	6_44759570_T_A	T	A	9892	8545	9818	8545	0	0	NA	2	0	0	0
6	45230919	6_45230919_A_T	A	T	10099	8650	10045	8650	0	0	NA	0	0	0	0
6	51919560	6_51919560_G_A	G	A	9798	8274	9743	8274	0	0	NA	0	0	0	0
6	54357267	6_54357267_C_G	C	G	10039	8578	9993	8578	0	0	NA	0	0	0	0
6	71775558	6_71775558_A_T	A	T	8314	7530	8242	7530	0	0	NA	0	0	0	0
6	72333154	6_72333154_A_T	A	T	10014	8574	9938	8574	0	0	NA	0	0	0	0
6	74633810	6_74633810_G_T	G	T	9937	5946	9883	5946	0	0	NA	0	0	0	0
6	80514056	6_80514056_C_G	C	G	10206	8543	10145	8543	0	0	NA	0	0	0	0
6	83402323	6_83402323_C_A	C	A	9406	8158	9293	8158	0	0	NA	1	0	0	0
6	84934091	6_84934091_T_G	T	G	10037	8803	9956	8803	0	0	NA	0	0	0	0
6	85683850	6_85683850_G_A	G	A	9083	7767	8973	7767	0	0	NA	2	1	0	0
6	86684007	6_86684007_G_T	G	T	9806	8562	9719	8562	0	0	NA	3	0	0	0
6	86705041	6_86705041_C_A	C	A	10419	8950	10346	8950	0	0	NA	1	0	0	0
6	90756058	6_90756058_A_T	A	T	9020	7699	8945	7699	0	0	NA	0	0	0	0
6	90975176	6_90975176_A_G	A	G	8171	7324	8121	7324	0	0	NA	0	0	0	0
6	92296579	6_92296579_T_A	T	A	8759	7900	8701	7900	0	0	NA	0	0	0	0
6	92810146	6_92810146_A_T	A	T	8614	7485	8556	7484	1	1	NA	0	1	1	1
6	94809545	6_94809545_T_G	T	G	9589	8473	9522	8473	0	0	NA	0	0	0	0
6	96262770	6_96262770_G_T	G	T	9779	8399	9722	8399	0	0	NA	0	0	0	0
6	99104889	6_99104889_C_T	C	T	9897	8698	9834	8698	0	0	NA	0	0	0	0
6	103120158	6_103120158_G_T	G	T	9710	8151	9651	8151	0	0	NA	0	1	0	0
6	107638219	6_107638219_A_C	A	C	9502	8387	9459	8387	0	0	NA	0	0	0	0
6	120726088	6_120726088_G_T	G	T	8900	7909	8840	7909	0	0	NA	1	0	0	0
6	124689428	6_124689428_A_C	A	C	9395	8126	9354	8126	0	0	NA	1	0	0	0
6	127450702	6_127450702_C_T	C	T	9739	8403	9670	8403	0	0	NA	0	1	1	1
6	128533804	6_128533804_C_T	C	T	9370	8119	9303	8119	0	0	NA	1	0	0	0
6	128737243	6_128737243_T_A	T	A	9273	8166	9194	8166	0	0	NA	0	0	0	0
6	129624915	6_129624915_C_A	C	A	9017	7858	8941	7858	0	0	NA	0	0	0	0
6	130912662	6_130912662_A_G	A	G	9686	8455	9626	8455	0	0	NA	0	0	0	0
6	136409522	6_136409522_A_T	A	T	8956	7643	8881	7643	0	0	NA	0	0	0	0
6	138021019	6_138021019_C_A	C	A	9983	8691	9950	8691	0	0	NA	0	0	0	0
6	138604411	6_138604411_T_A	T	A	10013	8670	9964	8670	0	0	NA	0	0	0	0
6	145767670	6_145767670_G_T	G	T	9878	8203	9825	8203	0	0	NA	0	0	0	0
6	152063538	6_152063538_C_T	C	T	9824	8372	9740	8372	0	0	NA	2	1	1	1
6	158409271	6_158409271_C_T	C	T	9620	8068	9508	8068	0	0	NA	2	0	0	0
6	162916525	6_162916525_C_A	C	A	9517	7806	9449	7806	0	0	NA	1	0	0	0
6	164078771	6_164078771_C_A	C	A	10046	8585	9969	8585	0	0	NA	0	0	0	0
6	164603075	6_164603075_T_G	T	G	9683	7962	9605	7962	0	0	NA	1	0	0	0
6	165223031	6_165223031_C_G	C	G	9572	8206	9509	8206	0	0	NA	1	0	0	0
6	166175779	6_166175779_C_T	C	T	9525	7989	9461	7989	0	0	NA	1	0	0	0
6	168082860	6_168082860_A_C	A	C	8649	7429	8583	7429	0	0	NA	1	0	0	0
6	170416132	6_170416132_C_A	C	A	10171	8554	10110	8554	0	0	NA	0	0	0	0
7	3564078	7_3564078_T_A	T	A	10253	8701	10183	8701	0	0	NA	0	0	0	0
7	4947362	7_4947362_G_T	G	T	9721	8419	9667	8419	0	0	NA	0	0	0	0
7	12186352	7_12186352_A_G	A	G	8574	7276	8486	7276	0	0	NA	1	0	0	0
7	17174282	7_17174282_C_A	C	A	9167	7749	9098	7749	0	0	NA	0	0	0	0
7	21001737	7_21001737_G_T	G	T	8921	7604	8826	7604	0	0	NA	2	0	0	0
7	21371488	7_21371488_A_G	A	G	8813	7919	8781	7919	0	0	NA	0	0	0	0
7	33804962	7_33804962_G_T	G	T	8933	7878	8860	7878	0	0	NA	1	0	0	0
7	33851080	7_33851080_G_T	G	T	9108	8001	9029	8001	0	0	NA	0	0	0	0
7	40881312	7_40881312_G_A	G	A	9948	8747	9834	8746	1	1	NA	0	1	1	1
7	41206336	7_41206336_T_A	T	A	9290	8537	9228	8537	0	0	NA	0	0	0	0
7	42121277	7_42121277_A_G	A	G	9583	8342	9522	8342	0	0	NA	0	0	0	0
7	43511465	7_43511465_C_T	C	T	9355	8100	9267	8100	0	0	NA	0	0	0	0
7	46172714	7_46172714_C_A	C	A	9462	7938	9384	7938	0	0	NA	2	0	0	0
7	46342813	7_46342813_G_T	G	T	9654	8121	9576	8120	1	1	NA	1	1	1	1
7	50070509	7_50070509_C_A	C	A	9256	8235	9133	8235	0	0	NA	2	0	0	0
7	50563564	7_50563564_G_A	G	A	10300	8670	10233	8670	0	0	NA	0	0	0	0
7	51720776	7_51720776_T_G	T	G	10397	8726	10311	8724	2	2	NA	0	2	2	2
7	52898270	7_52898270_A_T	A	T	10507	9130	10462	9130	0	0	NA	0	0	0	0
7	53701012	7_53701012_G_A	G	A	9044	7742	8961	7742	0	0	NA	1	1	1	1
7	53786951	7_53786951_C_T	C	T	9894	8338	9803	8337	1	1	NA	1	1	1	1
7	54178383	7_54178383_A_T	A	T	9642	7805	9559	7805	0	0	NA	0	0	0	0
7	57363946	7_57363946_A_G	A	G	9911	8442	9866	8442	0	0	NA	0	0	0	0
7	66275732	7_66275732_G_T	G	T	9904	8461	9830	8461	1	0	NA	0	1	0	0
7	69544268	7_69544268_T_A	T	A	8404	7415	8350	7414	1	1	NA	0	1	1	1
7	76814757	7_76814757_A_T	A	T	10056	8652	9992	8652	0	0	NA	1	0	0	0
7	78348937	7_78348937_T_A	T	A	10160	8422	10085	8422	0	0	NA	0	0	0	0
7	80631354	7_80631354_A_C	A	C	7757	7195	7705	7195	0	0	NA	0	0	0	0
7	83404556	7_83404556_G_C	G	C	10575	8990	10504	8990	0	0	NA	0	0	0	0
7	88406247	7_88406247_A_T	A	T	8314	7284	8273	7284	0	0	NA	0	0	0	0
7	90812080	7_90812080_G_A	G	A	8256	7459	8210	7459	0	0	NA	0	0	0	0
7	93707584	7_93707584_T_G	T	G	9747	8525	9686	8525	0	0	NA	1	0	0	0
7	95611327	7_95611327_A_T	A	T	9592	8565	9550	8565	0	0	NA	0	0	0	0
7	96157385	7_96157385_C_T	C	T	9942	8499	9862	8499	0	0	NA	0	0	0	0
7	98649060	7_98649060_T_A	T	A	9565	8208	9504	8207	1	1	NA	0	1	1	1
7	101239161	7_101239161_A_T	A	T	10328	8991	10286	8991	0	0	NA	0	0	0	0
7	101533878	7_101533878_G_T	G	T	8218	6840	8165	6840	0	0	NA	2	0	0	0
7	101634532	7_101634532_T_A	T	A	9536	8184	9477	8184	0	0	NA	0	0	0	0
7	105305486	7_105305486_C_T	C	T	9755	8528	9677	8528	0	0	NA	0	0	0	0
7	107630274	7_107630274_T_A	T	A	10010	8527	9952	8527	0	0	NA	0	0	0	0
7	108412582	7_108412582_A_T	A	T	8883	7826	8842	7826	0	0	NA	0	0	0	0
7	109000017	7_109000017_A_G	A	G	9986	8688	9892	8688	0	0	NA	1	0	0	0
7	111235269	7_111235269_C_G	C	G	10524	8869	10410	8869	0	0	NA	1	0	0	0
7	116123206	7_116123206_T_G	T	G	9431	7977	9354	7977	0	0	NA	0	0	0	0
7	119647914	7_119647914_T_C	T	C	10033	8616	9947	8616	0	0	NA	1	0	0	0
7	121678908	7_121678908_A_T	A	T	9491	8237	9430	8237	0	0	NA	0	0	0	0
7	122896127	7_122896127_C_T	C	T	10351	8588	10305	8588	0	0	NA	0	0	0	0
7	124261799	7_124261799_C_T	C	T	9138	7621	9028	7621	0	0	NA	1	0	0	0
7	126015083	7_126015083_C_T	C	T	9623	8387	9535	8386	1	1	NA	0	2	1	1
7	126141520	7_126141520_A_T	A	T	10265	8795	10208	8795	0	0	NA	0	0	0	0
7	128687894	7_128687894_T_C	T	C	8745	7640	8693	7640	0	0	NA	0	0	0	0
7	132549834	7_132549834_C_A	C	A	8530	7749	8447	7749	0	0	NA	0	0	0	0
7	136273165	7_136273165_C_G	C	G	9003	7819	8941	7819	0	0	NA	0	0	0	0
7	138549425	7_138549425_A_G	A	G	9939	8662	9891	8662	0	0	NA	1	0	0	0
7	141106136	7_141106136_A_T	A	T	10896	9092	10800	9092	0	0	NA	0	0	0	0
7	141137931	7_141137931_G_C	G	C	9769	8300	9699	8299	1	1	NA	0	1	1	1
7	141341495	7_141341495_G_T	G	T	9584	8006	9496	8006	0	0	NA	0	0	0	0
7	141375198	7_141375198_C_T	C	T	9411	7901	9338	7901	0	0	NA	0	0	0	0
7	146747872	7_146747872_T_A	T	A	9996	8459	9943	8458	1	1	NA	0	1	1	1
7	146786433	7_146786433_C_A	C	A	10282	8894	10199	8893	1	1	NA	1	1	1	1
7	147978511	7_147978511_G_A	G	A	9587	8431	9536	8431	0	0	NA	0	0	0	0
7	148593336	7_148593336_G_A	G	A	9446	8514	9355	8514	0	0	NA	1	0	0	0
7	148629899	7_148629899_T_C	T	C	8364	7425	8308	7422	3	3	NA	0	4	4	4
7	150234521	7_150234521_G_A	G	A	9461	7733	9374	7733	0	0	NA	1	1	1	1
7	151657672	7_151657672_A_T	A	T	9573	8107	9532	8107	0	0	NA	1	1	0	0
7	152890830	7_152890830_G_T	G	T	9407	7964	9333	7964	0	0	NA	1	1	1	1
7	154179786	7_154179786_C_T	C	T	8638	7744	8538	7744	0	0	NA	3	1	1	1
7	155859476	7_155859476_A_G	A	G	10331	8684	10269	8683	2	1	NA	1	3	2	2
7	156227015	7_156227015_C_T	C	T	10053	8333	9958	8332	2	1	NA	3	2	1	1
7	157696689	7_157696689_G_A	G	A	9618	7911	9508	7911	0	0	NA	3	1	1	1
7	158353018	7_158353018_T_A	T	A	9395	8009	9283	8009	0	0	NA	0	0	0	0
8	433704	8_433704_A_C	A	C	9381	7965	9283	7965	0	0	NA	0	0	0	0
8	713537	8_713537_C_A	C	A	9587	8000	9491	8000	0	0	NA	0	0	0	0
8	2360457	8_2360457_A_T	A	T	9657	8214	9583	8214	0	0	NA	1	0	0	0
8	3638615	8_3638615_C_A	C	A	9979	7882	9891	7882	1	0	NA	2	1	0	0
8	6020039	8_6020039_T_A	T	A	9114	7573	9064	7573	0	0	NA	0	0	0	0
8	6448155	8_6448155_A_T	A	T	8703	7581	8663	7581	0	0	NA	0	0	0	0
8	11391017	8_11391017_G_A	G	A	7451	6076	3830	3375	3571	2701	NA	3	6141	4568	4568
8	14800929	8_14800929_T_A	T	A	9440	8112	9376	8112	0	0	NA	0	1	1	1
8	20191762	8_20191762_G_T	G	T	9724	8393	9641	8393	0	0	NA	0	0	0	0
8	26738475	8_26738475_G_A	G	A	10165	8899	10102	8899	0	0	NA	0	0	0	0
8	26820063	8_26820063_C_A	C	A	9898	8571	9508	8319	298	252	NA	1	478	404	404
8	27032391	8_27032391_T_G	T	G	10859	9377	10808	9377	0	0	NA	0	0	0	0
8	30146816	8_30146816_C_A	C	A	9420	8524	9343	8524	0	0	NA	0	0	0	0
8	30445941	8_30445941_T_A	T	A	9283	8018	9220	8018	0	0	NA	1	0	0	0
8	33683931	8_33683931_A_T	A	T	9996	8558	9930	8558	0	0	NA	0	0	0	0
8	34889534	8_34889534_G_T	G	T	9313	8051	9225	8051	0	0	NA	1	0	0	0
8	36276679	8_36276679_C_A	C	A	8466	7527	8405	7527	0	0	NA	3	0	0	0
8	39064159	8_39064159_T_C	T	C	9443	8075	9389	8075	0	0	NA	0	0	0	0
8	39493226	8_39493226_T_A	T	A	10191	8809	10145	8809	0	0	NA	0	0	0	0
8	41814143	8_41814143_T_A	T	A	9529	8416	9483	8416	0	0	NA	0	0	0	0
8	42280405	8_42280405_C_A	C	A	10276	8823	10224	8823	0	0	NA	0	0	0	0
8	43129865	8_43129865_C_T	C	T	10452	8668	10398	8668	0	0	NA	2	0	0	0
8	47708026	8_47708026_C_T	C	T	10509	8984	10421	8984	0	0	NA	1	0	0	0
8	56313051	8_56313051_C_A	C	A	10184	8576	10087	8576	0	0	NA	0	0	0	0
8	57653301	8_57653301_G_A	G	A	8200	7400	8101	7400	0	0	NA	1	0	0	0
8	58213716	8_58213716_G_T	G	T	10289	8726	10178	8725	1	1	NA	0	1	1	1
8	62680341	8_62680341_A_C	A	C	9366	8201	9300	8201	0	0	NA	0	0	0	0
8	63945855	8_63945855_A_T	A	T	9696	8337	9646	8337	0	0	NA	0	0	0	0
8	65195590	8_65195590_C_T	C	T	9080	7911	8969	7898	17	13	NA	0	25	20	20
8	67237805	8_67237805_T_A	T	A	8403	7527	8315	7527	0	0	NA	0	0	0	0
8	69337433	8_69337433_A_T	A	T	9084	8089	9040	8089	0	0	NA	0	0	0	0
8	77489722	8_77489722_C_T	C	T	9728	8279	9608	8278	1	1	NA	4	1	1	1
8	81342772	8_81342772_T_A	T	A	8463	7287	8401	7287	0	0	NA	0	0	0	0
8	85372493	8_85372493_T_C	T	C	9680	8692	9635	8692	0	0	NA	0	0	0	0
8	87352682	8_87352682_T_A	T	A	9201	8207	9140	8207	0	0	NA	0	0	0	0
8	89628650	8_89628650_T_A	T	A	9784	8561	9735	8561	0	0	NA	1	0	0	0
8	93245905	8_93245905_C_T	C	T	9376	8220	9302	8220	0	0	NA	0	0	0	0
8	93475351	8_93475351_A_T	A	T	9948	8420	9905	8420	0	0	NA	1	0	0	0
8	106079173	8_106079173_G_T	G	T	9505	8083	9422	8083	0	0	NA	1	0	0	0
8	109632884	8_109632884_A_T	A	T	10224	8782	10176	8782	0	0	NA	0	0	0	0
8	110236539	8_110236539_G_T	G	T	10555	8898	10493	8898	0	0	NA	0	0	0	0
8	110513101	8_110513101_C_A	C	A	9322	8006	9236	8006	0	0	NA	2	0	0	0
8	110692575	8_110692575_G_A	G	A	9254	8182	9188	8182	0	0	NA	5	2	2	2
8	111168700	8_111168700_T_G	T	G	9490	8309	9436	8309	0	0	NA	3	0	0	0
8	114867789	8_114867789_T_A	T	A	10258	9091	10194	9091	0	0	NA	0	0	0	0
8	117964713	8_117964713_T_A	T	A	7452	6074	7386	6074	0	0	NA	1	0	0	0
8	118198288	8_118198288_A_T	A	T	9743	8419	9685	8419	0	0	NA	0	0	0	0
8	118331917	8_118331917_C_A	C	A	9874	8381	9780	8381	0	0	NA	2	0	0	0
8	119958598	8_119958598_C_A	C	A	8544	7406	8458	7406	0	0	NA	2	0	0	0
8	120940399	8_120940399_G_A	G	A	10292	8820	10220	8820	0	0	NA	1	1	1	1
8	121307620	8_121307620_T_A	T	A	9866	8062	9808	8062	0	0	NA	0	0	0	0
8	123643806	8_123643806_A_T	A	T	8179	7375	8127	7375	0	0	NA	0	0	0	0
8	126829915	8_126829915_C_A	C	A	8605	7460	8539	7460	0	0	NA	0	0	0	0
8	126851129	8_126851129_C_T	C	T	9696	8153	9612	8153	0	0	NA	1	0	0	0
8	128639552	8_128639552_G_A	G	A	10042	8474	9942	8474	0	0	NA	0	0	0	0
8	129582604	8_129582604_C_A	C	A	8887	7959	8827	7959	0	0	NA	0	0	0	0
8	134591910	8_134591910_G_A	G	A	9190	7941	9097	7941	0	0	NA	5	0	0	0
8	135067868	8_135067868_A_T	A	T	8499	7531	8448	7531	0	0	NA	0	0	0	0
8	137903929	8_137903929_C_A	C	A	10276	8660	10154	8660	0	0	NA	0	1	0	0
8	145085500	8_145085500_A_T	A	T	8318	6805	8269	6805	0	0	NA	0	0	0	0
9	1551777	9_1551777_G_T	G	T	9401	8322	9351	8322	0	0	NA	1	0	0	0
9	1846794	9_1846794_C_T	C	T	8925	7657	8863	7657	0	0	NA	1	0	0	0
9	6700755	9_6700755_G_T	G	T	10038	8630	9994	8630	0	0	NA	0	0	0	0
9	8342590	9_8342590_G_T	G	T	9561	7840	4847	4092	4620	3748	NA	4	7581	6262	6262
9	13740590	9_13740590_G_A	G	A	7340	6797	7264	6795	2	2	NA	2	2	2	2
9	13980530	9_13980530_G_T	G	T	9243	8182	9151	8182	0	0	NA	1	0	0	0
9	16862129	9_16862129_A_T	A	T	9869	8349	9827	8349	0	0	NA	0	0	0	0
9	20220365	9_20220365_C_T	C	T	9536	8174	9461	8174	0	0	NA	0	0	0	0
9	23375585	9_23375585_A_T	A	T	8312	7128	8272	7128	0	0	NA	1	0	0	0
9	24380122	9_24380122_T_A	T	A	6844	5908	6794	5908	0	0	NA	0	0	0	0
9	27232348	9_27232348_G_T	G	T	9523	7810	9444	7810	0	0	NA	2	0	0	0
9	35001091	9_35001091_C_A	C	A	8903	7607	8818	7607	0	0	NA	3	0	0	0
9	76281324	9_76281324_G_T	G	T	10220	8752	10155	8752	0	0	NA	0	0	0	0
9	77456165	9_77456165_T_G	T	G	9504	7866	9454	7866	0	0	NA	0	0	0	0
9	79332352	9_79332352_C_G	C	G	9929	8436	9848	8436	0	0	NA	0	0	0	0
9	81750209	9_81750209_T_A	T	A	9324	7947	9260	7947	0	0	NA	0	0	0	0
9	84967401	9_84967401_T_G	T	G	9599	8446	9527	8446	0	0	NA	0	0	0	0
9	86871431	9_86871431_G_A	G	A	9814	8274	9751	8274	0	0	NA	0	0	0	0
9	89441888	9_89441888_A_T	A	T	9985	8160	9913	8160	0	0	NA	0	0	0	0
9	91314284	9_91314284_T_C	T	C	8596	7430	8545	7430	0	0	NA	0	0	0	0
9	95835172	9_95835172_G_C	G	C	8951	7305	8906	7305	0	0	NA	0	0	0	0
9	100552866	9_100552866_G_T	G	T	9479	8138	9401	8138	0	0	NA	1	0	0	0
9	104360315	9_104360315_G_T	G	T	10173	9001	10071	9001	0	0	NA	1	1	1	1
9	111992409	9_111992409_C_T	C	T	10296	8766	10173	8763	3	3	NA	0	11	10	10
9	112257460	9_112257460_C_T	C	T	9995	8645	9901	8645	0	0	NA	0	0	0	0
9	117274909	9_117274909_C_A	C	A	10304	8785	10222	8785	0	0	NA	1	0	0	0
9	119381038	9_119381038_C_T	C	T	9346	8003	9273	8003	0	0	NA	0	0	0	0
9	121218621	9_121218621_C_T	C	T	9759	8364	9671	8364	0	0	NA	2	0	0	0
9	121977661	9_121977661_G_T	G	T	10607	9094	10542	9094	0	0	NA	0	0	0	0
9	126408873	9_126408873_C_T	C	T	10689	9163	10629	9163	0	0	NA	0	0	0	0
9	128757819	9_128757819_G_T	G	T	9416	8088	9341	8088	0	0	NA	2	0	0	0
9	128973023	9_128973023_C_A	C	A	10122	8415	9977	8415	0	0	NA	1	0	0	0
9	132882654	9_132882654_G_T	G	T	9434	7643	9336	7643	0	0	NA	1	0	0	0
9	137422565	9_137422565_G_A	G	A	9111	7651	9056	7651	0	0	NA	3	1	1	1
10	3314742	10_3314742_C_G	C	G	9094	7873	9032	7873	0	0	NA	0	0	0	0
10	4651331	10_4651331_A_T	A	T	9822	8670	9754	8670	0	0	NA	1	0	0	0
10	8006896	10_8006896_C_T	C	T	9752	8217	9685	8217	0	0	NA	0	0	0	0
10	8578749	10_8578749_T_A	T	A	9947	8401	9893	8401	0	0	NA	0	0	0	0
10	8780137	10_8780137_G_T	G	T	9368	8451	9298	8451	0	0	NA	0	0	0	0
10	10412770	10_10412770_G_T	G	T	8635	7487	8558	7487	0	0	NA	3	0	0	0
10	14417987	10_14417987_C_A	C	A	10270	8743	10186	8743	0	0	NA	0	0	0	0
10	16061503	10_16061503_C_T	C	T	10003	8821	9919	8821	0	0	NA	1	0	0	0
10	24138171	10_24138171_G_T	G	T	8704	7923	8639	7923	0	0	NA	0	0	0	0
10	24948160	10_24948160_T_A	T	A	9657	8383	9614	8383	0	0	NA	0	0	0	0
10	25317321	10_25317321_T_G	T	G	10744	8857	10638	8857	0	0	NA	0	0	0	0
10	25522643	10_25522643_G_T	G	T	9094	7907	9042	7907	0	0	NA	1	1	1	1
10	26545416	10_26545416_G_A	G	A	10658	8960	10549	8958	2	2	NA	2	2	2	2
10	29343941	10_29343941_A_C	A	C	8608	7238	8552	7238	0	0	NA	0	0	0	0
10	31556442	10_31556442_G_C	G	C	9117	7880	9051	7880	0	0	NA	0	0	0	0
10	38046657	10_38046657_C_T	C	T	9653	8117	9580	8117	0	0	NA	0	0	0	0
10	53843237	10_53843237_G_T	G	T	9862	8582	9780	8582	0	0	NA	0	0	0	0
10	55024022	10_55024022_G_A	G	A	9942	8383	9885	8383	0	0	NA	1	0	0	0
10	55473321	10_55473321_G_A	G	A	10177	8704	10103	8704	0	0	NA	0	0	0	0
10	56763511	10_56763511_C_T	C	T	9874	8206	9834	8206	0	0	NA	1	0	0	0
10	57754382	10_57754382_G_T	G	T	9843	8529	9781	8529	0	0	NA	0	0	0	0
10	62663093	10_62663093_G_T	G	T	9403	7949	9352	7949	0	0	NA	1	0	0	0
10	63331705	10_63331705_C_T	C	T	8920	7596	8826	7596	0	0	NA	1	0	0	0
10	68035235	10_68035235_T_A	T	A	9860	8563	9809	8563	0	0	NA	0	0	0	0
10	68416909	10_68416909_G_A	G	A	9709	8223	9604	8223	0	0	NA	1	0	0	0
10	69077527	10_69077527_G_T	G	T	9734	8142	9658	8142	0	0	NA	0	0	0	0
10	71429644	10_71429644_T_G	T	G	10185	8388	10110	8388	0	0	NA	0	0	0	0
10	72131084	10_72131084_G_A	G	A	8024	6797	7952	6797	0	0	NA	0	0	0	0
10	81241542	10_81241542_G_A	G	A	9599	8486	9539	8486	0	0	NA	5	0	0	0
10	82594727	10_82594727_A_C	A	C	8210	7561	8171	7561	0	0	NA	0	0	0	0
10	85193846	10_85193846_G_T	G	T	8538	7752	8480	7752	0	0	NA	1	0	0	0
10	87810181	10_87810181_T_A	T	A	9831	8673	9765	8673	0	0	NA	0	0	0	0
10	87823311	10_87823311_A_G	A	G	10083	8628	10034	8628	0	0	NA	1	0	0	0
10	93424358	10_93424358_C_T	C	T	10382	8780	10258	8740	50	40	NA	1	79	63	63
10	94101459	10_94101459_T_C	T	C	7291	6104	7266	6104	0	0	NA	1	0	0	0
10	94678677	10_94678677_G_A	G	A	10507	9217	10412	9217	0	0	NA	0	0	0	0
10	95748995	10_95748995_G_A	G	A	9658	8144	9545	8144	0	0	NA	1	0	0	0
10	100154034	10_100154034_G_C	G	C	9476	8070	9429	8070	0	0	NA	0	0	0	0
10	102200951	10_102200951_G_T	G	T	7778	6573	7672	6573	0	0	NA	1	0	0	0
10	106494875	10_106494875_G_T	G	T	9019	7639	8964	7639	0	0	NA	1	0	0	0
10	106625456	10_106625456_C_A	C	A	9768	8268	9679	8268	0	0	NA	0	0	0	0
10	108291468	10_108291468_T_A	T	A	9593	8736	9547	8736	0	0	NA	1	0	0	0
10	109948236	10_109948236_T_G	T	G	8420	7397	8366	7397	0	0	NA	2	0	0	0
10	113494153	10_113494153_T_G	T	G	10281	8840	10235	8840	0	0	NA	0	0	0	0
10	121869983	10_121869983_T_G	T	G	10245	9063	10192	9063	0	0	NA	1	0	0	0
10	124743678	10_124743678_C_T	C	T	9845	8108	9784	8108	0	0	NA	1	0	0	0
10	124903612	10_124903612_T_A	T	A	5762	4558	5723	4558	0	0	NA	0	0	0	0
10	125438183	10_125438183_T_A	T	A	9595	8050	9524	8050	0	0	NA	0	0	0	0
10	127890929	10_127890929_T_A	T	A	10067	8770	10017	8770	0	0	NA	0	0	0	0
10	130256853	10_130256853_C_T	C	T	10018	8225	9924	8225	0	0	NA	0	0	0	0
10	130937219	10_130937219_G_A	G	A	9382	8005	9325	8005	0	0	NA	0	1	1	1
10	131848051	10_131848051_T_C	T	C	8990	7837	8905	7837	0	0	NA	0	0	0	0
10	133195985	10_133195985_C_T	C	T	9799	8190	9719	8190	0	0	NA	1	0	0	0
10	133289533	10_133289533_A_T	A	T	9974	8361	9928	8361	0	0	NA	0	0	0	0
10	133944013	10_133944013_G_A	G	A	9441	7923	9394	7923	0	0	NA	0	0	0	0
10	133964886	10_133964886_C_A	C	A	10536	8504	10487	8504	0	0	NA	1	0	0	0
11	4793844	11_4793844_T_A	T	A	10267	7760	10211	7760	0	0	NA	0	0	0	0
11	8100683	11_8100683_C_T	C	T	9545	8377	9484	8377	0	0	NA	0	0	0	0
11	11648787	11_11648787_C_G	C	G	9682	8415	9577	8415	0	0	NA	0	0	0	0
11	15494507	11_15494507_T_A	T	A	10014	8471	9937	8471	0	0	NA	0	0	0	0
11	24056429	11_24056429_G_T	G	T	9710	8012	9623	8012	0	0	NA	4	0	0	0
11	26086694	11_26086694_T_C	T	C	9131	8066	9077	8066	0	0	NA	0	0	0	0
11	26106027	11_26106027_C_T	C	T	8802	7691	8728	7691	0	0	NA	0	0	0	0
11	28244960	11_28244960_G_T	G	T	10427	8996	10322	8996	0	0	NA	1	0	0	0
11	28609904	11_28609904_T_G	T	G	9264	8067	9212	8067	0	0	NA	1	0	0	0
11	31749071	11_31749071_G_T	G	T	10678	9427	10615	9427	0	0	NA	1	0	0	0
11	36444739	11_36444739_A_T	A	T	9794	8403	9708	8403	0	0	NA	0	0	0	0
11	41235731	11_41235731_G_A	G	A	9373	8175	9297	8175	0	0	NA	0	0	0	0
11	41949155	11_41949155_A_T	A	T	8812	7115	8768	7115	0	0	NA	0	0	0	0
11	41951275	11_41951275_T_A	T	A	9589	8229	9506	8229	0	0	NA	0	0	0	0
11	44995426	11_44995426_C_T	C	T	9622	8072	9546	8071	0	0	NA	1	1	0	0
11	55279524	11_55279524_C_T	C	T	9198	8117	9112	8117	0	0	NA	3	0	0	0
11	57661615	11_57661615_C_T	C	T	8888	7599	8825	7598	1	1	NA	1	1	1	1
11	60837130	11_60837130_T_A	T	A	9447	8154	9402	8154	0	0	NA	0	0	0	0
11	63183472	11_63183472_A_T	A	T	9685	8323	9643	8323	0	0	NA	0	0	0	0
11	69004147	11_69004147_T_A	T	A	9458	8554	9414	8554	0	0	NA	0	0	0	0
11	70455510	11_70455510_A_T	A	T	9384	7971	9331	7971	0	0	NA	0	0	0	0
11	70703063	11_70703063_G_A	G	A	9829	8330	9729	8308	27	22	NA	2	45	37	37
11	72004282	11_72004282_G_A	G	A	9695	8153	9636	8148	9	5	NA	0	17	13	13
11	72016143	11_72016143_C_T	C	T	9735	8324	9668	8324	0	0	NA	1	1	1	1
11	73070986	11_73070986_T_G	T	G	10013	8504	9920	8504	0	0	NA	1	0	0	0
11	73100448	11_73100448_A_G	A	G	9335	7787	9278	7787	0	0	NA	0	0	0	0
11	77392111	11_77392111_A_C	A	C	10077	8774	10027	8774	0	0	NA	0	0	0	0
11	78502691	11_78502691_T_C	T	C	10043	8706	9998	8706	0	0	NA	0	0	0	0
11	79001616	11_79001616_G_A	G	A	7712	6395	7600	6391	4	4	NA	3	6	4	4
11	81365175	11_81365175_C_G	C	G	10023	8754	9944	8754	0	0	NA	0	0	0	0
11	83678184	11_83678184_G_A	G	A	10071	8417	9975	8417	0	0	NA	0	0	0	0
11	84939043	11_84939043_A_T	A	T	10033	8851	9983	8851	0	0	NA	0	0	0	0
11	90925886	11_90925886_T_A	T	A	9171	8077	9135	8077	0	0	NA	2	0	0	0
11	91508846	11_91508846_G_T	G	T	7812	6941	7780	6941	0	0	NA	0	0	0	0
11	95568054	11_95568054_A_T	A	T	10315	9008	10273	9008	0	0	NA	0	0	0	0
11	98004478	11_98004478_G_A	G	A	9174	7948	9108	7948	0	0	NA	0	0	0	0
11	98426575	11_98426575_G_T	G	T	9278	7995	9191	7995	0	0	NA	6	0	0	0
11	102488648	11_102488648_A_T	A	T	9226	7965	9177	7965	0	0	NA	0	0	0	0
11	106098915	11_106098915_T_A	T	A	10198	8661	10164	8661	0	0	NA	1	0	0	0
11	112758456	11_112758456_C_A	C	A	10414	8912	10345	8912	0	0	NA	1	0	0	0
11	117570647	11_117570647_A_T	A	T	9626	8183	9556	8183	0	0	NA	0	0	0	0
11	118169959	11_118169959_A_G	A	G	9280	7935	9164	7932	4	3	NA	1	8	7	7
11	120070886	11_120070886_G_A	G	A	10339	8567	10271	8567	0	0	NA	0	0	0	0
11	120712788	11_120712788_G_T	G	T	8404	7545	8281	7545	0	0	NA	0	0	0	0
11	125398355	11_125398355_A_T	A	T	9409	8078	9320	8078	0	0	NA	0	0	0	0
11	126037792	11_126037792_G_T	G	T	9477	8095	9402	8095	0	0	NA	0	0	0	0
11	128006310	11_128006310_C_T	C	T	10162	8789	10089	8789	0	0	NA	0	1	1	1
11	128803253	11_128803253_G_A	G	A	9904	8386	9846	8386	0	0	NA	0	0	0	0
11	131927730	11_131927730_G_C	G	C	9485	7710	9413	7710	0	0	NA	0	0	0	0
11	132134494	11_132134494_T_C	T	C	8312	7031	8278	7031	0	0	NA	0	0	0	0
11	133260508	11_133260508_A_T	A	T	9508	8166	9462	8166	0	0	NA	0	0	0	0
12	3742862	12_3742862_A_C	A	C	8913	7330	8795	7330	0	0	NA	0	0	0	0
12	18784331	12_18784331_C_G	C	G	9440	8292	9401	8292	0	0	NA	0	0	0	0
12	20951511	12_20951511_C_A	C	A	9992	8471	9890	8471	0	0	NA	0	0	0	0
12	24320618	12_24320618_A_T	A	T	9774	8420	9689	8420	0	0	NA	0	0	0	0
12	25838698	12_25838698_T_A	T	A	10494	8751	10420	8751	0	0	NA	1	0	0	0
12	25911157	12_25911157_A_T	A	T	9949	8559	9889	8559	0	0	NA	0	0	0	0
12	39378161	12_39378161_A_T	A	T	9543	8151	9490	8151	0	0	NA	0	0	0	0
12	40330531	12_40330531_C_T	C	T	10567	8971	10482	8971	0	0	NA	1	0	0	0
12	46478883	12_46478883_C_A	C	A	9395	7938	9311	7937	0	0	NA	0	0	0	0
12	52534533	12_52534533_A_G	A	G	10164	8598	10064	8598	0	0	NA	3	0	0	0
12	60312690	12_60312690_T_A	T	A	9848	8701	9771	8701	0	0	NA	0	0	0	0
12	60630506	12_60630506_G_C	G	C	9584	8108	9523	8108	0	0	NA	0	0	0	0
12	65830523	12_65830523_T_C	T	C	8660	7819	8632	7819	0	0	NA	1	0	0	0
12	65964022	12_65964022_G_A	G	A	9508	8462	9441	8462	0	0	NA	1	0	0	0
12	68026512	12_68026512_T_A	T	A	9573	8585	9524	8585	0	0	NA	0	0	0	0
12	68532981	12_68532981_A_T	A	T	9920	8629	9860	8629	0	0	NA	0	0	0	0
12	79088670	12_79088670_T_A	T	A	9253	8153	9176	8152	1	1	NA	2	2	2	2
12	79101304	12_79101304_G_A	G	A	9758	8329	9679	8328	1	1	NA	0	2	2	2
12	83289119	12_83289119_T_A	T	A	9966	8363	9852	8363	0	0	NA	0	0	0	0
12	83411651	12_83411651_T_A	T	A	6723	5362	6701	5362	0	0	NA	0	0	0	0
12	84669478	12_84669478_G_T	G	T	9205	8076	9136	8076	0	0	NA	0	0	0	0
12	84728376	12_84728376_C_T	C	T	8879	7591	8798	7591	0	0	NA	4	0	0	0
12	96218280	12_96218280_A_G	A	G	10310	8863	10240	8863	0	0	NA	1	0	0	0
12	98360861	12_98360861_C_A	C	A	10227	8769	10134	8769	0	0	NA	0	0	0	0
12	99318719	12_99318719_T_C	T	C	9559	8229	9505	8229	0	0	NA	1	0	0	0
12	101290761	12_101290761_C_T	C	T	9385	8039	9327	8039	0	0	NA	0	0	0	0
12	103262819	12_103262819_G_T	G	T	10040	8592	9970	8592	0	0	NA	0	0	0	0
12	106600266	12_106600266_A_G	A	G	10211	8471	10145	8471	0	0	NA	3	0	0	0
12	109835693	12_109835693_T_A	T	A	9178	7619	9111	7619	0	0	NA	0	0	0	0
12	112318780	12_112318780_C_A	C	A	9564	8172	9457	8172	0	0	NA	0	0	0	0
12	114946942	12_114946942_T_A	T	A	8746	7554	8693	7554	0	0	NA	0	0	0	0
12	125709872	12_125709872_T_C	T	C	9675	7912	9599	7912	0	0	NA	0	0	0	0
12	127198294	12_127198294_A_G	A	G	9579	7970	9518	7970	0	0	NA	0	0	0	0
12	128074502	12_128074502_G_C	G	C	9966	8328	9847	8328	0	0	NA	0	0	0	0
12	129048682	12_129048682_C_T	C	T	9969	8403	9895	8403	0	0	NA	2	2	1	1
12	132610460	12_132610460_T_A	T	A	9494	7885	9440	7885	0	0	NA	0	0	0	0
13	21499508	13_21499508_A_G	A	G	9252	8167	9196	8166	1	1	NA	1	1	1	1
13	25761981	13_25761981_C_A	C	A	10237	8532	10125	8532	0	0	NA	1	0	0	0
13	34263633	13_34263633_C_A	C	A	10023	8563	9949	8563	0	0	NA	0	0	0	0
13	34404843	13_34404843_A_T	A	T	9180	8090	9123	8090	0	0	NA	1	0	0	0
13	41024020	13_41024020_A_C	A	C	9486	8030	9447	8030	0	0	NA	0	0	0	0
13	42552286	13_42552286_T_A	T	A	9874	8386	9786	8386	0	0	NA	0	0	0	0
13	43593059	13_43593059_T_A	T	A	6550	5336	6528	5336	0	0	NA	0	0	0	0
13	45518004	13_45518004_C_G	C	G	9206	8260	9101	8260	0	0	NA	0	0	0	0
13	46595357	13_46595357_C_A	C	A	9308	8066	9227	8066	0	0	NA	1	0	0	0
13	49437672	13_49437672_T_A	T	A	10670	8959	10606	8959	0	0	NA	1	0	0	0
13	58333030	13_58333030_G_A	G	A	10846	9292	10746	9292	0	0	NA	1	0	0	0
13	62156266	13_62156266_G_A	G	A	9802	8764	9722	8764	0	0	NA	0	0	0	0
13	65474989	13_65474989_G_T	G	T	10305	8661	10228	8661	0	0	NA	1	0	0	0
13	69983076	13_69983076_G_T	G	T	9748	8481	9693	8481	0	0	NA	0	0	0	0
13	73335137	13_73335137_C_T	C	T	8707	7447	8601	7447	0	0	NA	1	0	0	0
13	73484689	13_73484689_T_A	T	A	8877	8136	8823	8136	0	0	NA	1	1	1	1
13	73634487	13_73634487_G_T	G	T	7526	6340	7473	6340	0	0	NA	1	0	0	0
13	76903273	13_76903273_C_T	C	T	10010	8510	9945	8509	1	1	NA	1	1	1	1
13	86310442	13_86310442_A_G	A	G	9096	7989	9060	7989	0	0	NA	0	0	0	0
13	89842860	13_89842860_C_A	C	A	9261	8126	9183	8126	0	0	NA	1	0	0	0
13	90619938	13_90619938_C_A	C	A	10162	8763	10095	8763	0	0	NA	1	0	0	0
13	91057150	13_91057150_G_C	G	C	9933	8373	9878	8373	0	0	NA	0	0	0	0
13	96536926	13_96536926_C_T	C	T	9661	8201	9572	8201	0	0	NA	1	0	0	0
13	97505148	13_97505148_G_A	G	A	10022	8643	9945	8643	0	0	NA	0	1	1	1
13	98413158	13_98413158_C_A	C	A	7641	6499	7572	6499	0	0	NA	2	0	0	0
13	102444969	13_102444969_G_A	G	A	9900	8260	9823	8260	0	0	NA	0	0	0	0
13	104068235	13_104068235_T_C	T	C	9807	8985	9760	8985	0	0	NA	1	0	0	0
13	105494347	13_105494347_A_C	A	C	9902	8646	9839	8646	0	0	NA	0	0	0	0
13	106581864	13_106581864_C_A	C	A	9430	7930	9336	7930	0	0	NA	0	0	0	0
13	107928791	13_107928791_T_C	T	C	9333	7989	9281	7989	0	0	NA	0	0	0	0
13	108361856	13_108361856_A_C	A	C	10254	8573	10165	8573	0	0	NA	0	0	0	0
13	109475896	13_109475896_A_G	A	G	9271	8415	9212	8415	0	0	NA	1	0	0	0
13	110463100	13_110463100_A_T	A	T	9871	8188	9785	8188	0	0	NA	0	1	0	0
13	112182630	13_112182630_G_A	G	A	8712	7496	8653	7496	0	0	NA	0	0	0	0
14	22770612	14_22770612_T_C	T	C	7374	6386	7320	6386	0	0	NA	0	0	0	0
14	23050146	14_23050146_A_C	A	C	8503	7946	8471	7946	0	0	NA	0	1	0	0
14	28817282	14_28817282_T_C	T	C	8994	7613	4557	3955	4353	3658	NA	8	7312	6230	6230
14	29023500	14_29023500_C_T	C	T	8819	7695	8740	7695	0	0	NA	0	0	0	0
14	30908049	14_30908049_C_A	C	A	9065	4058	8963	4058	0	0	NA	1	0	0	0
14	32050182	14_32050182_C_G	C	G	9755	8614	9683	8614	0	0	NA	0	0	0	0
14	36033591	14_36033591_T_A	T	A	9330	8017	9287	8017	0	0	NA	0	0	0	0
14	43028525	14_43028525_C_T	C	T	9394	7944	9328	7944	0	0	NA	2	0	0	0
14	45093410	14_45093410_A_T	A	T	9896	8448	9841	8448	0	0	NA	0	0	0	0
14	46510275	14_46510275_T_A	T	A	9586	8303	9526	8303	0	0	NA	0	1	1	1
14	58047887	14_58047887_T_A	T	A	7979	6398	7904	6398	0	0	NA	0	0	0	0
14	62676310	14_62676310_G_A	G	A	9288	7956	9229	7956	0	0	NA	0	0	0	0
14	72708995	14_72708995_A_G	A	G	9302	7856	9243	7856	0	0	NA	0	0	0	0
14	74874621	14_74874621_T_A	T	A	9339	7883	9260	7883	0	0	NA	1	0	0	0
14	76470877	14_76470877_G_T	G	T	9612	8030	9518	8030	0	0	NA	3	0	0	0
14	79214332	14_79214332_A_G	A	G	8439	7540	8317	7470	83	70	NA	0	136	119	119
14	84762843	14_84762843_C_T	C	T	10079	8605	9995	8605	1	0	NA	0	1	0	0
14	85285632	14_85285632_T_A	T	A	10257	8833	10209	8833	0	0	NA	0	0	0	0
14	88622703	14_88622703_C_A	C	A	10235	8672	10128	8672	0	0	NA	0	0	0	0
14	89082429	14_89082429_T_G	T	G	9264	8186	9223	8186	0	0	NA	1	0	0	0
14	91569712	14_91569712_C_T	C	T	10283	8604	10196	8604	0	0	NA	1	0	0	0
14	96358612	14_96358612_T_A	T	A	9724	8216	9634	8216	0	0	NA	0	0	0	0
14	97724989	14_97724989_G_T	G	T	9521	8460	9466	8460	0	0	NA	0	0	0	0
14	97804357	14_97804357_C_A	C	A	9544	8373	9468	8373	0	0	NA	0	0	0	0
14	104408327	14_104408327_C_A	C	A	9727	8392	9628	8392	0	0	NA	0	0	0	0
14	104765025	14_104765025_G_A	G	A	10613	8770	10520	8770	0	0	NA	1	0	0	0
15	22858120	15_22858120_A_G	A	G	13752	11576	13614	11576	0	0	NA	0	0	0	0
15	26752461	15_26752461_A_T	A	T	8521	7287	8477	7287	0	0	NA	0	0	0	0
15	28158810	15_28158810_A_G	A	G	7686	6619	7623	6619	0	0	NA	0	0	0	0
15	29969534	15_29969534_C_T	C	T	9925	8329	9858	8322	10	7	NA	0	14	11	11
15	31783035	15_31783035_A_T	A	T	9194	7944	9137	7944	0	0	NA	0	0	0	0
15	32036536	15_32036536_G_T	G	T	9717	8669	9651	8669	0	0	NA	0	0	0	0
15	33103213	15_33103213_G_A	G	A	10089	8419	9998	8419	0	0	NA	5	1	1	1
15	37885402	15_37885402_A_G	A	G	9601	8268	9528	8268	0	0	NA	0	0	0	0
15	39565566	15_39565566_A_T	A	T	8400	7787	8364	7787	0	0	NA	0	0	0	0
15	41088812	15_41088812_G_T	G	T	9342	8180	9285	8180	0	0	NA	0	0	0	0
15	45241154	15_45241154_T_A	T	A	5976	3616	5948	3616	0	0	NA	0	0	0	0
15	48068914	15_48068914_G_A	G	A	8677	7061	8617	7061	0	0	NA	0	0	0	0
15	48407824	15_48407824_T_A	T	A	7133	6324	7078	6324	0	0	NA	0	0	0	0
15	49467793	15_49467793_G_A	G	A	8978	7679	8890	7679	0	0	NA	0	0	0	0
15	53338338	15_53338338_G_A	G	A	10282	8741	9886	8459	340	282	NA	3	524	433	433
15	60408388	15_60408388_T_G	T	G	9760	8404	9714	8404	0	0	NA	0	1	1	1
15	60615151	15_60615151_A_T	A	T	9315	7943	9270	7943	0	0	NA	0	0	0	0
15	61644448	15_61644448_G_T	G	T	9732	8499	9676	8499	0	0	NA	2	1	0	0
15	64019559	15_64019559_C_T	C	T	9902	8764	9843	8764	0	0	NA	0	0	0	0
15	67188421	15_67188421_G_T	G	T	9846	8257	9767	8257	0	0	NA	1	0	0	0
15	69098818	15_69098818_C_A	C	A	10120	8343	10036	8343	0	0	NA	0	0	0	0
15	70523961	15_70523961_G_A	G	A	9678	8358	9576	8358	0	0	NA	8	0	0	0
15	71501335	15_71501335_T_G	T	G	9421	8233	9365	8233	0	0	NA	0	0	0	0
15	74881185	15_74881185_G_T	G	T	8889	7611	8847	7611	0	0	NA	2	0	0	0
15	88689474	15_88689474_G_A	G	A	10205	8760	10129	8760	0	0	NA	0	0	0	0
15	88922595	15_88922595_A_T	A	T	8639	7624	8590	7615	12	9	NA	0	22	19	19
15	101603259	15_101603259_T_A	T	A	9963	8606	9896	8606	0	0	NA	0	0	0	0
16	3624636	16_3624636_T_A	T	A	9632	8246	9579	8246	0	0	NA	1	0	0	0
16	5602258	16_5602258_T_G	T	G	9671	8199	9573	8199	0	0	NA	3	0	0	0
16	6215425	16_6215425_T_C	T	C	9727	8132	9646	8132	0	0	NA	0	0	0	0
16	10909396	16_10909396_A_C	A	C	9799	8341	9765	8341	0	0	NA	0	0	0	0
16	13242048	16_13242048_C_A	C	A	11006	9096	10927	9096	0	0	NA	1	0	0	0
16	19407794	16_19407794_C_G	C	G	10303	8758	10220	8757	1	1	NA	0	1	1	1
16	24619266	16_24619266_G_T	G	T	9304	7873	9233	7873	0	0	NA	0	0	0	0
16	30054068	16_30054068_A_T	A	T	9150	7705	9083	7705	0	0	NA	1	0	0	0
16	50612873	16_50612873_G_T	G	T	9731	8477	9681	8477	0	0	NA	2	0	0	0
16	55475288	16_55475288_T_A	T	A	9923	8106	9873	8106	0	0	NA	0	0	0	0
16	56540200	16_56540200_G_T	G	T	9388	8209	9319	8209	0	0	NA	1	0	0	0
16	57530683	16_57530683_T_G	T	G	9795	8301	9717	8301	0	0	NA	1	0	0	0
16	58895056	16_58895056_A_T	A	T	9596	8539	9552	8539	0	0	NA	0	0	0	0
16	60690430	16_60690430_T_C	T	C	10056	8573	9993	8573	0	0	NA	0	0	0	0
16	61361900	16_61361900_A_T	A	T	9406	8404	9330	8404	0	0	NA	0	0	0	0
16	63229818	16_63229818_T_A	T	A	8577	7696	8531	7696	0	0	NA	0	0	0	0
16	63729241	16_63729241_A_T	A	T	10247	8847	10180	8847	0	0	NA	0	0	0	0
16	68663588	16_68663588_T_C	T	C	9047	7711	8940	7711	0	0	NA	4	1	1	1
16	76992978	16_76992978_C_T	C	T	9427	8214	9361	8214	0	0	NA	0	1	1	1
16	77709051	16_77709051_A_C	A	C	9421	7766	9372	7766	0	0	NA	1	0	0	0
16	78944297	16_78944297_T_G	T	G	8983	7210	8938	7210	0	0	NA	0	0	0	0
16	81626754	16_81626754_G_T	G	T	8946	7504	8875	7504	0	0	NA	1	0	0	0
16	82557561	16_82557561_G_T	G	T	9982	8478	9908	8478	0	0	NA	3	0	0	0
16	89555300	16_89555300_A_G	A	G	9696	8474	9654	8474	0	0	NA	0	0	0	0
17	1489676	17_1489676_C_T	C	T	8511	6894	8448	6894	0	0	NA	0	0	0	0
17	7753502	17_7753502_A_C	A	C	9326	7769	9219	7769	0	0	NA	0	0	0	0
17	12408633	17_12408633_G_T	G	T	9062	8049	8965	8049	0	0	NA	1	0	0	0
17	13013374	17_13013374_A_T	A	T	9698	8387	9645	8387	0	0	NA	2	0	0	0
17	14152412	17_14152412_G_A	G	A	10181	8955	10083	8955	0	0	NA	1	0	0	0
17	15018430	17_15018430_G_T	G	T	8055	6818	7980	6818	0	0	NA	1	0	0	0
17	28490414	17_28490414_A_T	A	T	8552	7136	8501	7136	0	0	NA	3	0	0	0
17	29839711	17_29839711_C_A	C	A	9342	7187	9264	7187	0	0	NA	1	0	0	0
17	32590803	17_32590803_C_T	C	T	9674	8246	9610	8246	0	0	NA	0	0	0	0
17	39161591	17_39161591_G_A	G	A	9162	7764	9107	7764	0	0	NA	0	0	0	0
17	42950807	17_42950807_T_A	T	A	9380	8012	9329	8012	0	0	NA	1	0	0	0
17	44826746	17_44826746_C_A	C	A	10311	8968	10243	8968	0	0	NA	0	0	0	0
17	45445217	17_45445217_A_C	A	C	9669	8001	9600	8001	0	0	NA	1	0	0	0
17	47272209	17_47272209_C_T	C	T	9093	7740	9025	7740	0	0	NA	0	0	0	0
17	47448612	17_47448612_T_A	T	A	8238	6727	8188	6727	0	0	NA	0	0	0	0
17	48289259	17_48289259_C_T	C	T	10270	8435	10214	8435	0	0	NA	0	0	0	0
17	50017286	17_50017286_A_T	A	T	9404	8665	9325	8665	0	0	NA	1	0	0	0
17	51729284	17_51729284_C_T	C	T	9695	8630	9561	8580	54	50	NA	0	82	75	75
17	55792451	17_55792451_A_T	A	T	8728	7293	8680	7293	0	0	NA	0	0	0	0
17	63117045	17_63117045_G_T	G	T	9626	7478	9559	7478	0	0	NA	1	0	0	0
17	63764695	17_63764695_C_A	C	A	9249	5910	9176	5910	0	0	NA	4	0	0	0
17	67561216	17_67561216_A_T	A	T	9287	8047	9239	8047	0	0	NA	0	0	0	0
17	71602972	17_71602972_T_G	T	G	9345	7872	9234	7872	0	0	NA	0	0	0	0
17	77132167	17_77132167_G_A	G	A	9310	7806	9203	7806	0	0	NA	2	0	0	0
17	77133481	17_77133481_T_A	T	A	9207	7333	9137	7333	0	0	NA	0	0	0	0
18	878969	18_878969_T_A	T	A	10208	8720	10143	8720	0	0	NA	0	0	0	0
18	2456890	18_2456890_G_C	G	C	9582	8489	9519	8489	0	0	NA	0	0	0	0
18	3546129	18_3546129_A_T	A	T	9598	8276	9537	8276	0	0	NA	0	0	0	0
18	7976731	18_7976731_G_T	G	T	9241	8183	9201	8183	0	0	NA	1	1	0	0
18	8847829	18_8847829_T_A	T	A	9082	7427	9039	7427	0	0	NA	0	0	0	0
18	9900375	18_9900375_A_G	A	G	10450	8867	10383	8867	0	0	NA	1	0	0	0
18	11754490	18_11754490_C_T	C	T	8582	7273	8520	7273	0	0	NA	1	0	0	0
18	11896772	18_11896772_G_A	G	A	9530	8216	9466	8216	0	0	NA	2	1	1	1
18	12828747	18_12828747_C_G	C	G	9166	7831	9064	7831	0	0	NA	1	0	0	0
18	23501611	18_23501611_C_A	C	A	8211	6875	8141	6875	0	0	NA	1	1	0	0
18	25282191	18_25282191_G_A	G	A	9238	7841	9162	7841	0	0	NA	1	0	0	0
18	25730426	18_25730426_C_T	C	T	9266	7926	9159	7926	0	0	NA	0	0	0	0
18	27251614	18_27251614_T_A	T	A	9652	7893	9559	7893	0	0	NA	1	0	0	0
18	28107434	18_28107434_G_T	G	T	9989	8549	9919	8549	0	0	NA	0	0	0	0
18	28414206	18_28414206_G_T	G	T	8587	7569	8495	7569	0	0	NA	2	0	0	0
18	31430892	18_31430892_T_C	T	C	8760	8043	8716	8043	0	0	NA	1	0	0	0
18	35623279	18_35623279_T_A	T	A	9182	7975	9092	7975	0	0	NA	0	0	0	0
18	38687643	18_38687643_T_C	T	C	8439	7599	8398	7599	0	0	NA	0	0	0	0
18	41339221	18_41339221_C_A	C	A	9679	8331	9624	8331	0	0	NA	1	0	0	0
18	41403226	18_41403226_T_C	T	C	9392	8021	9339	8021	0	0	NA	0	0	0	0
18	41483290	18_41483290_G_A	G	A	9679	8193	9567	8193	0	0	NA	1	0	0	0
18	44841391	18_44841391_C_G	C	G	9778	8214	9664	8214	0	0	NA	0	0	0	0
18	47520991	18_47520991_A_T	A	T	9503	8076	9450	8076	0	0	NA	0	0	0	0
18	47923683	18_47923683_G_T	G	T	10198	8555	10079	8555	0	0	NA	1	0	0	0
18	49318525	18_49318525_G_T	G	T	10413	8979	10342	8979	0	0	NA	0	0	0	0
18	57327324	18_57327324_T_G	T	G	9411	7918	9356	7918	0	0	NA	1	0	0	0
18	57847663	18_57847663_C_T	C	T	9281	8178	9195	8178	0	0	NA	0	1	0	0
18	59096019	18_59096019_T_A	T	A	9183	7665	9119	7665	0	0	NA	0	0	0	0
18	60021357	18_60021357_C_A	C	A	8099	6548	8046	6548	0	0	NA	0	0	0	0
18	61908146	18_61908146_T_A	T	A	10678	8872	10552	8851	25	21	NA	0	39	35	35
18	63523689	18_63523689_G_T	G	T	10786	9305	10722	9305	0	0	NA	0	0	0	0
18	71021287	18_71021287_G_T	G	T	10183	9037	10081	9037	0	0	NA	2	0	0	0
18	71390129	18_71390129_C_A	C	A	9494	8260	9420	8260	0	0	NA	3	0	0	0
18	71750133	18_71750133_G_C	G	C	9426	7833	9367	7833	0	0	NA	0	1	0	0
18	75088188	18_75088188_T_G	T	G	9175	7605	9123	7605	0	0	NA	0	0	0	0
18	75556383	18_75556383_G_C	G	C	9268	8048	9207	8048	0	0	NA	0	0	0	0
18	76104413	18_76104413_T_G	T	G	9766	8339	9722	8339	0	0	NA	0	0	0	0
19	6778607	19_6778607_G_T	G	T	9153	7543	9079	7543	0	0	NA	1	0	0	0
19	15561216	19_15561216_A_C	A	C	10462	8513	10260	8513	0	0	NA	0	0	0	0
19	20235401	19_20235401_T_C	T	C	9967	8362	9920	8362	0	0	NA	0	0	0	0
19	29883623	19_29883623_G_A	G	A	9238	7771	9168	7771	0	0	NA	0	0	0	0
19	30068287	19_30068287_T_A	T	A	9512	8034	9465	8034	0	0	NA	0	0	0	0
19	30652296	19_30652296_C_T	C	T	9909	8447	9858	8445	2	2	NA	0	3	2	2
19	31342599	19_31342599_G_C	G	C	9723	8170	9658	8170	0	0	NA	0	0	0	0
19	31614858	19_31614858_A_T	A	T	9235	7801	9167	7801	0	0	NA	0	0	0	0
19	32324080	19_32324080_T_G	T	G	10034	8515	9967	8515	0	0	NA	0	1	0	0
19	36532561	19_36532561_C_G	C	G	9545	8085	9474	8084	2	1	NA	1	2	1	1
19	39360084	19_39360084_T_C	T	C	8111	6757	8060	6757	0	0	NA	1	0	0	0
19	41780804	19_41780804_T_G	T	G	9676	8179	9581	8179	0	0	NA	1	0	0	0
19	47488012	19_47488012_T_G	T	G	9639	8176	9562	8176	0	0	NA	0	0	0	0
19	56481232	19_56481232_A_G	A	G	9354	7999	9296	7999	0	0	NA	0	0	0	0
19	57325191	19_57325191_C_A	C	A	9437	7791	9365	7791	0	0	NA	0	0	0	0
20	1389953	20_1389953_G_A	G	A	4636	2378	4594	2378	0	0	NA	1	0	0	0
20	2228551	20_2228551_T_A	T	A	10340	8667	10291	8667	0	0	NA	0	0	0	0
20	11150152	20_11150152_T_G	T	G	9801	8288	9719	8287	1	1	NA	0	1	1	1
20	12548257	20_12548257_G_A	G	A	9811	8459	9746	8459	0	0	NA	0	0	0	0
20	13090601	20_13090601_A_T	A	T	8892	7848	8849	7848	0	0	NA	0	0	0	0
20	15834853	20_15834853_T_A	T	A	9253	8091	9203	8091	0	0	NA	1	0	0	0
20	16799171	20_16799171_G_A	G	A	10445	9232	10387	9232	0	0	NA	0	0	0	0
20	23224625	20_23224625_A_T	A	T	9600	8008	9539	8008	0	0	NA	0	0	0	0
20	24996995	20_24996995_T_A	T	A	9704	8478	9631	8478	0	0	NA	0	0	0	0
20	34048546	20_34048546_T_A	T	A	9698	8220	9657	8220	0	0	NA	0	0	0	0
20	46905054	20_46905054_T_A	T	A	9823	8321	9748	8321	0	0	NA	0	0	0	0
20	48163937	20_48163937_A_T	A	T	9497	8186	9426	8186	0	0	NA	1	0	0	0
20	48416418	20_48416418_G_A	G	A	9770	8061	9695	8061	0	0	NA	2	1	1	1
20	51273457	20_51273457_A_T	A	T	9722	8114	9638	8114	0	0	NA	0	0	0	0
20	52961676	20_52961676_T_G	T	G	8941	7587	8844	7587	0	0	NA	5	0	0	0
20	54098328	20_54098328_A_C	A	C	9957	8678	9899	8678	0	0	NA	0	0	0	0
20	57718307	20_57718307_A_T	A	T	9238	7795	9189	7795	0	0	NA	0	0	0	0
20	59204377	20_59204377_G_C	G	C	10020	8527	9947	8527	0	0	NA	0	0	0	0
20	59416511	20_59416511_T_C	T	C	10235	8917	10200	8917	0	0	NA	0	0	0	0
20	61063722	20_61063722_G_C	G	C	9687	8145	9644	8145	0	0	NA	0	1	0	0
20	62532295	20_62532295_T_A	T	A	9735	8355	9700	8355	0	0	NA	0	0	0	0
21	15520342	21_15520342_T_C	T	C	9084	8041	9018	8041	0	0	NA	0	0	0	0
21	16269192	21_16269192_T_A	T	A	9644	8399	9551	8399	0	0	NA	0	0	0	0
21	20112716	21_20112716_T_C	T	C	9406	8279	9342	8279	0	0	NA	0	0	0	0
21	22121656	21_22121656_G_T	G	T	9120	7486	9054	7486	0	0	NA	1	0	0	0
21	30599322	21_30599322_T_A	T	A	9895	8347	9802	8347	0	0	NA	2	0	0	0
21	31524485	21_31524485_A_T	A	T	10569	9102	10509	9102	0	0	NA	0	0	0	0
21	33899042	21_33899042_G_A	G	A	9777	8300	9650	8256	57	44	NA	2	101	79	79
21	37027275	21_37027275_T_C	T	C	9986	8435	9938	8435	0	0	NA	0	0	0	0
21	37871342	21_37871342_C_T	C	T	9192	7542	9108	7542	0	0	NA	0	0	0	0
21	37934057	21_37934057_C_T	C	T	9663	6013	9595	6013	0	0	NA	0	0	0	0
21	38058067	21_38058067_A_T	A	T	10104	8829	10060	8829	0	0	NA	0	0	0	0
21	38781557	21_38781557_G_A	G	A	9711	8460	9617	8460	0	0	NA	0	0	0	0
21	41636120	21_41636120_A_C	A	C	9293	8156	9245	8149	7	7	NA	0	13	13	13
21	44087851	21_44087851_T_A	T	A	9291	7665	9196	7665	0	0	NA	0	0	0	0
22	21207887	22_21207887_T_A	T	A	9626	8342	9553	8342	0	0	NA	0	0	0	0
22	25528295	22_25528295_T_C	T	C	9094	7685	9047	7685	0	0	NA	0	0	0	0
22	26941022	22_26941022_A_C	A	C	9913	8324	9809	8324	0	0	NA	0	0	0	0
22	27205418	22_27205418_C_A	C	A	9306	7695	9237	7695	0	0	NA	2	0	0	0
22	27681104	22_27681104_G_A	G	A	10309	8871	10233	8871	1	0	NA	0	1	0	0
22	29374459	22_29374459_G_A	G	A	9784	8433	9706	8433	0	0	NA	0	0	0	0
22	44399015	22_44399015_T_A	T	A	9539	8097	9490	8097	0	0	NA	1	0	0	0
22	44752042	22_44752042_C_T	C	T	9076	7637	8998	7637	0	0	NA	0	0	0	0
22	46383035	22_46383035_A_C	A	C	9257	7964	9204	7964	0	0	NA	1	0	0	0
22	47586575	22_47586575_G_T	G	T	9602	7900	9526	7900	0	0	NA	0	0	0	0
22	49062708	22_49062708_C_A	C	A	8944	7466	8867	7466	0	0	NA	3	0	0	0
X	5503975	X_5503975_T_C	T	C	9357	7570	9311	7570	0	0	NA	0	0	0	0
X	6467608	X_6467608_T_C	T	C	10292	8726	10208	8726	0	0	NA	1	1	0	0
X	10039106	X_10039106_C_G	C	G	10224	8552	10117	8552	0	0	NA	0	0	0	0
X	12277855	X_12277855_G_A	G	A	9666	8210	9582	8204	10	6	NA	0	21	17	17
X	12539737	X_12539737_C_T	C	T	10240	8870	10149	8870	0	0	NA	1	0	0	0
X	12800729	X_12800729_G_A	G	A	9609	8162	9552	8161	2	1	NA	0	2	1	1
X	14163235	X_14163235_G_A	G	A	9204	8249	9116	8249	0	0	NA	1	0	0	0
X	25054337	X_25054337_G_A	G	A	10550	8982	10491	8982	0	0	NA	2	0	0	0
X	25501371	X_25501371_C_G	C	G	9771	8387	9693	8387	0	0	NA	0	0	0	0
X	26626767	X_26626767_C_T	C	T	9275	8178	9231	8178	0	0	NA	0	0	0	0
X	27231064	X_27231064_T_A	T	A	8825	7730	8785	7730	0	0	NA	0	0	0	0
X	31897848	X_31897848_A_C	A	C	9456	8161	9406	8161	0	0	NA	0	0	0	0
X	34552399	X_34552399_A_T	A	T	9488	8658	9442	8658	0	0	NA	0	0	0	0
X	35173407	X_35173407_A_G	A	G	10485	9264	10445	9264	0	0	NA	0	0	0	0
X	35581457	X_35581457_T_A	T	A	10231	8822	10185	8822	0	0	NA	1	0	0	0
X	38188625	X_38188625_G_T	G	T	9313	7726	9257	7726	0	0	NA	0	0	0	0
X	39101985	X_39101985_A_C	A	C	9653	8401	9599	8401	0	0	NA	1	0	0	0
X	43082080	X_43082080_C_T	C	T	9290	8434	9211	8434	0	0	NA	1	0	0	0
X	44855386	X_44855386_A_G	A	G	9458	8451	9405	8451	0	0	NA	0	0	0	0
X	53438036	X_53438036_C_G	C	G	8436	7170	8396	7170	0	0	NA	0	0	0	0
X	56628434	X_56628434_C_A	C	A	9420	8049	9341	8049	0	0	NA	0	0	0	0
X	57971396	X_57971396_T_A	T	A	5411	4331	5385	4331	0	0	NA	0	0	0	0
X	72865893	X_72865893_T_A	T	A	9074	8064	9014	8064	0	0	NA	0	0	0	0
X	84696987	X_84696987_G_A	G	A	9842	8556	9758	8556	0	0	NA	0	0	0	0
X	86677961	X_86677961_C_T	C	T	9426	8030	9339	8030	0	0	NA	1	0	0	0
X	87107744	X_87107744_G_T	G	T	9898	8725	9818	8725	0	0	NA	0	0	0	0
X	87511287	X_87511287_G_T	G	T	8185	7366	8111	7366	0	0	NA	0	0	0	0
X	93501207	X_93501207_T_C	T	C	9758	8257	9692	8257	0	0	NA	0	0	0	0
X	95098985	X_95098985_G_A	G	A	10028	8589	9945	8589	0	0	NA	0	0	0	0
X	96824861	X_96824861_G_A	G	A	8960	8238	8894	8238	0	0	NA	0	0	0	0
X	101158104	X_101158104_A_T	A	T	9246	8386	9215	8386	0	0	NA	1	0	0	0
X	107186169	X_107186169_T_A	T	A	10615	9190	10564	9190	0	0	NA	0	0	0	0
X	111987467	X_111987467_G_A	G	A	10280	8805	10195	8805	0	0	NA	1	0	0	0
X	112374589	X_112374589_A_T	A	T	9901	8612	9853	8612	0	0	NA	0	0	0	0
X	116191224	X_116191224_A_G	A	G	10055	8701	10002	8701	0	0	NA	0	0	0	0
X	117731069	X_117731069_C_T	C	T	9156	7834	9072	7834	0	0	NA	1	0	0	0
X	123909438	X_123909438_G_T	G	T	10459	9126	10385	9126	0	0	NA	1	0	0	0
X	125406222	X_125406222_C_A	C	A	10244	8898	10174	8897	1	1	NA	0	2	1	1
X	125815318	X_125815318_C_T	C	T	9653	8566	9580	8560	6	6	NA	0	6	6	6
X	128585382	X_128585382_G_T	G	T	9597	8391	9539	8391	0	0	NA	3	0	0	0
X	128678299	X_128678299_T_A	T	A	9832	8354	9783	8354	0	0	NA	0	0	0	0
X	129050434	X_129050434_T_A	T	A	10235	8755	10200	8755	0	0	NA	1	0	0	0
X	129788759	X_129788759_G_T	G	T	9414	8044	9335	8044	0	0	NA	0	0	0	0
X	134702897	X_134702897_A_T	A	T	9595	8393	9534	8393	0	0	NA	0	0	0	0
X	138238771	X_138238771_C_G	C	G	9909	8552	9832	8552	0	0	NA	1	0	0	0
X	138542559	X_138542559_C_T	C	T	9616	8289	9524	8289	0	0	NA	0	0	0	0
X	141415646	X_141415646_C_T	C	T	9592	8096	9481	8096	0	0	NA	2	0	0	0
X	144478303	X_144478303_G_C	G	C	10072	8473	10002	8473	0	0	NA	0	0	0	0
X	144784785	X_144784785_T_C	T	C	9761	8464	9658	8464	0	0	NA	0	0	0	0
X	144839756	X_144839756_A_T	A	T	9994	8666	9935	8666	0	0	NA	1	0	0	0
X	146869939	X_146869939_G_C	G	C	9946	8356	9854	8356	0	0	NA	0	0	0	0
X	146871364	X_146871364_T_A	T	A	9554	8431	9493	8431	0	0	NA	0	0	0	0
