contig	position	id	ref_allele	alt_allele	depth	depth_pass	n_ref_total	n_ref_pass	n_alt_total	n_alt_pass	seen_in_norm	n_alt_dsc_suppressed	n_alt_ssc_total	n_alt_ssc_pass	n_alt_ssc_only
1	7094535	1_7094535_A_T	A	T	9053	7493	8969	7493	0	0	NA	0	0	0	0
1	10166074	1_10166074_T_A	T	A	9240	8294	9197	8294	0	0	NA	0	0	0	0
1	14130459	1_14130459_G_T	G	T	8380	7079	8320	7079	0	0	NA	0	0	0	0
1	14305223	1_14305223_A_T	A	T	8265	7414	8218	7414	0	0	NA	0	0	0	0
1	14368353	1_14368353_T_A	T	A	9294	7947	9252	7947	0	0	NA	0	0	0	0
1	14586176	1_14586176_T_A	T	A	9246	7999	9196	7999	0	0	NA	0	0	0	0
1	25581878	1_25581878_T_A	T	A	9538	8145	9484	8145	0	0	NA	0	0	0	0
1	26351320	1_26351320_T_A	T	A	8726	7373	8668	7373	0	0	NA	1	0	0	0
1	27842715	1_27842715_A_G	A	G	8914	7584	8870	7584	0	0	NA	0	0	0	0
1	29357852	1_29357852_C_G	C	G	9284	8015	9224	8014	1	1	NA	1	1	1	1
1	34509050	1_34509050_A_C	A	C	9070	8072	9017	8072	0	0	NA	1	0	0	0
1	37000185	1_37000185_C_T	C	T	9218	7750	9139	7750	0	0	NA	7	1	1	1
1	42124687	1_42124687_A_T	A	T	9377	8074	9332	8074	0	0	NA	0	0	0	0
1	45313189	1_45313189_A_T	A	T	9042	7554	8982	7554	0	0	NA	0	0	0	0
1	47988360	1_47988360_C_A	C	A	9928	8507	9817	8507	0	0	NA	0	0	0	0
1	49053801	1_49053801_C_T	C	T	8321	7398	8228	7398	0	0	NA	4	0	0	0
1	49853819	1_49853819_C_T	C	T	8503	7635	8413	7635	0	0	NA	0	0	0	0
1	49903171	1_49903171_G_C	G	C	8418	7635	8343	7635	0	0	NA	1	0	0	0
1	56757965	1_56757965_A_T	A	T	8476	7199	8412	7199	0	0	NA	0	0	0	0
1	58671331	1_58671331_C_A	C	A	9634	8284	9521	8284	0	0	NA	1	0	0	0
1	59752542	1_59752542_C_T	C	T	8879	7733	8803	7733	0	0	NA	0	0	0	0
1	60774412	1_60774412_C_T	C	T	9108	8170	8982	8170	0	0	NA	1	0	0	0
1	60787876	1_60787876_T_A	T	A	9543	8492	9470	8492	0	0	NA	0	0	0	0
1	62569006	1_62569006_C_G	C	G	9375	7980	9276	7980	0	0	NA	0	0	0	0
1	63453412	1_63453412_C_A	C	A	7198	6244	7129	6244	0	0	NA	1	0	0	0
1	68229681	1_68229681_A_G	A	G	9123	7863	9071	7863	0	0	NA	0	0	0	0
1	69925104	1_69925104_T_A	T	A	9259	8083	9198	8083	0	0	NA	0	0	0	0
1	70549171	1_70549171_T_G	T	G	9642	8496	9610	8495	1	1	NA	0	1	1	1
1	71762295	1_71762295_C_A	C	A	9460	8118	9382	8118	0	0	NA	0	0	0	0
1	72215472	1_72215472_G_A	G	A	8363	7363	8287	7363	0	0	NA	1	0	0	0
1	73043740	1_73043740_T_A	T	A	9099	7992	9027	7992	0	0	NA	0	0	0	0
1	75203834	1_75203834_A_G	A	G	6139	4949	6116	4949	0	0	NA	2	0	0	0
1	76095347	1_76095347_G_A	G	A	9038	7604	8900	7604	0	0	NA	0	1	1	1
1	76402934	1_76402934_A_T	A	T	8037	6931	7992	6931	0	0	NA	0	0	0	0
1	78585785	1_78585785_G_A	G	A	10703	8806	10627	8806	0	0	NA	2	0	0	0
1	82645053	1_82645053_T_A	T	A	9923	8439	9861	8439	0	0	NA	0	0	0	0
1	83476515	1_83476515_T_A	T	A	9731	8415	9680	8415	0	0	NA	0	0	0	0
1	87243964	1_87243964_T_A	T	A	9723	8266	9655	8266	0	0	NA	0	0	0	0
1	92094701	1_92094701_T_A	T	A	9586	8511	9522	8511	0	0	NA	0	0	0	0
1	95152755	1_95152755_T_A	T	A	9778	8369	9710	8369	0	0	NA	1	0	0	0
1	96719737	1_96719737_G_C	G	C	10016	8791	9933	8790	2	1	NA	0	5	4	4
1	97511647	1_97511647_A_G	A	G	8668	7278	8625	7278	0	0	NA	1	1	1	1
1	97744885	1_97744885_A_C	A	C	9020	7871	8969	7871	0	0	NA	1	0	0	0
1	102205673	1_102205673_A_T	A	T	9867	8722	9801	8722	0	0	NA	0	0	0	0
1	113533078	1_113533078_A_T	A	T	8937	7943	8889	7943	0	0	NA	0	0	0	0
1	114119587	1_114119587_G_T	G	T	9468	8306	9427	8306	0	0	NA	1	0	0	0
1	117885539	1_117885539_A_T	A	T	9435	8192	9391	8192	0	0	NA	0	0	0	0
1	120294902	1_120294902_T_A	T	A	9476	8200	9441	8200	0	0	NA	0	0	0	0
1	147052913	1_147052913_C_T	C	T	8742	7069	8598	7069	0	0	NA	2	0	0	0
1	154717893	1_154717893_C_A	C	A	9585	8016	9518	8016	0	0	NA	1	0	0	0
1	164871645	1_164871645_T_A	T	A	9181	8047	9126	8047	0	0	NA	0	0	0	0
1	165165288	1_165165288_C_T	C	T	9272	7968	9168	7968	0	0	NA	0	1	1	1
1	165179752	1_165179752_C_A	C	A	9210	7840	9141	7840	0	0	NA	0	0	0	0
1	166336486	1_166336486_G_A	G	A	9437	8178	9328	8178	0	0	NA	2	1	0	0
1	167411804	1_167411804_G_T	G	T	9745	8313	9696	8313	0	0	NA	0	0	0	0
1	167455591	1_167455591_G_A	G	A	9238	7949	9179	7949	0	0	NA	0	0	0	0
1	167639990	1_167639990_A_T	A	T	9768	7833	9536	7833	0	0	NA	0	0	0	0
1	170885341	1_170885341_G_A	G	A	9882	8454	9771	8454	0	0	NA	1	0	0	0
1	170972065	1_170972065_A_T	A	T	9401	7804	9237	7804	0	0	NA	0	1	1	1
1	171261649	1_171261649_A_T	A	T	6486	5824	6456	5824	0	0	NA	2	0	0	0
1	178444467	1_178444467_G_A	G	A	9644	7988	9555	7988	0	0	NA	2	0	0	0
1	179639763	1_179639763_T_A	T	A	9411	8011	9349	8011	0	0	NA	0	0	0	0
1	181291571	1_181291571_C_G	C	G	9546	8255	9175	7997	301	258	NA	0	490	431	431
1	181641566	1_181641566_T_A	T	A	9378	8203	9324	8203	0	0	NA	0	0	0	0
1	185891336	1_185891336_G_T	G	T	9388	7970	9289	7970	0	0	NA	1	0	0	0
1	189307385	1_189307385_C_A	C	A	9159	7747	8826	7515	264	232	NA	2	440	388	388
1	192203828	1_192203828_T_A	T	A	9334	8163	9295	8163	0	0	NA	0	0	0	0
1	198084955	1_198084955_T_A	T	A	9255	7869	9192	7869	0	0	NA	0	0	0	0
1	204996197	1_204996197_C_A	C	A	8954	7588	8907	7588	0	0	NA	0	0	0	0
1	208204002	1_208204002_C_T	C	T	9345	7513	9306	7513	1	0	NA	1	2	0	0
1	209677507	1_209677507_A_T	A	T	8212	7286	8150	7286	0	0	NA	0	0	0	0
1	213357053	1_213357053_A_T	A	T	8678	7958	8643	7958	0	0	NA	0	0	0	0
1	214068195	1_214068195_C_T	C	T	8716	7853	8660	7853	0	0	NA	2	0	0	0
1	214433933	1_214433933_C_A	C	A	8918	8034	8863	8034	0	0	NA	2	0	0	0
1	220857037	1_220857037_T_A	T	A	8444	7255	8389	7255	0	0	NA	1	0	0	0
1	222266903	1_222266903_G_A	G	A	9077	7705	8949	7705	0	0	NA	3	0	0	0
1	224421008	1_224421008_G_C	G	C	8756	7367	8656	7367	0	0	NA	0	0	0	0
1	224855917	1_224855917_C_G	C	G	9765	8186	9648	8186	0	0	NA	0	0	0	0
1	225856099	1_225856099_G_A	G	A	8929	7993	8859	7993	0	0	NA	0	0	0	0
1	234385373	1_234385373_C_G	C	G	8101	6603	8008	6603	0	0	NA	1	0	0	0
1	239718565	1_239718565_A_G	A	G	9259	7870	9215	7870	0	0	NA	0	0	0	0
1	240783201	1_240783201_T_A	T	A	9866	8374	9795	8374	0	0	NA	0	0	0	0
1	245020351	1_245020351_A_G	A	G	9329	8188	9284	8188	0	0	NA	2	0	0	0
1	245313729	1_245313729_A_C	A	C	9322	7860	9260	7860	0	0	NA	0	0	0	0
1	247227659	1_247227659_A_T	A	T	10019	8557	9936	8557	0	0	NA	0	1	0	0
1	247451365	1_247451365_A_T	A	T	7202	5954	7148	5954	0	0	NA	0	0	0	0
1	248291532	1_248291532_G_A	G	A	9857	8429	9769	8429	0	0	NA	2	0	0	0
2	2717454	2_2717454_C_T	C	T	9070	7511	8970	7511	0	0	NA	0	0	0	0
2	2833658	2_2833658_A_C	A	C	9413	8275	9366	8275	0	0	NA	0	0	0	0
2	6396566	2_6396566_T_A	T	A	8262	7104	8226	7104	0	0	NA	0	0	0	0
2	7330960	2_7330960_G_T	G	T	8814	7601	8769	7601	0	0	NA	0	0	0	0
2	8861686	2_8861686_C_A	C	A	8562	7444	8483	7444	0	0	NA	0	0	0	0
2	9017239	2_9017239_C_A	C	A	9621	8201	9511	8201	0	0	NA	2	0	0	0
2	10516236	2_10516236_G_A	G	A	9442	7622	9319	7622	0	0	NA	4	1	1	1
2	12696040	2_12696040_G_T	G	T	9047	7868	8976	7868	0	0	NA	2	0	0	0
2	13314481	2_13314481_T_A	T	A	10313	8917	10263	8917	0	0	NA	0	0	0	0
2	13343609	2_13343609_C_A	C	A	10612	9266	10520	9266	0	0	NA	1	0	0	0
2	14691015	2_14691015_G_C	G	C	8834	4852	8783	4852	0	0	NA	0	0	0	0
2	14897806	2_14897806_G_A	G	A	7182	6016	7047	6016	0	0	NA	12	0	0	0
2	18566772	2_18566772_C_A	C	A	10238	8769	10156	8769	0	0	NA	1	0	0	0
2	22076946	2_22076946_C_A	C	A	9805	8495	9677	8495	0	0	NA	0	0	0	0
2	22589023	2_22589023_T_A	T	A	10246	8895	10193	8895	0	0	NA	0	0	0	0
2	27438417	2_27438417_A_T	A	T	9928	8500	9869	8500	0	0	NA	0	0	0	0
2	28323535	2_28323535_A_G	A	G	8681	7717	8634	7717	0	0	NA	0	0	0	0
2	29301328	2_29301328_A_C	A	C	9639	8248	9568	8248	0	0	NA	2	0	0	0
2	29624012	2_29624012_T_A	T	A	9898	8557	9843	8557	0	0	NA	0	0	0	0
2	31004514	2_31004514_C_A	C	A	9222	8108	9157	8108	0	0	NA	0	0	0	0
2	34759822	2_34759822_T_A	T	A	9639	8279	9580	8279	0	0	NA	0	0	0	0
2	39198433	2_39198433_G_C	G	C	9355	7985	9285	7985	0	0	NA	0	0	0	0
2	45987436	2_45987436_T_A	T	A	8646	7297	8556	7297	0	0	NA	0	0	0	0
2	49154409	2_49154409_A_T	A	T	9639	8437	9578	8437	0	0	NA	0	0	0	0
2	51982546	2_51982546_G_A	G	A	9566	8215	9502	8215	0	0	NA	0	0	0	0
2	55098274	2_55098274_G_A	G	A	10103	8596	10027	8595	3	1	NA	1	5	3	3
2	56331589	2_56331589_T_A	T	A	9598	7984	9505	7984	0	0	NA	0	0	0	0
2	56854512	2_56854512_A_G	A	G	10055	8628	10014	8628	0	0	NA	0	0	0	0
2	56920362	2_56920362_C_T	C	T	7905	7000	7843	7000	0	0	NA	0	0	0	0
2	59041398	2_59041398_A_T	A	T	9958	8410	9891	8410	0	0	NA	0	0	0	0
2	59772202	2_59772202_C_T	C	T	9849	8467	9750	8467	0	0	NA	3	0	0	0
2	61061770	2_61061770_T_A	T	A	10312	8748	10240	8748	0	0	NA	0	0	0	0
2	65276603	2_65276603_A_T	A	T	10453	8949	10391	8949	0	0	NA	0	0	0	0
2	66762821	2_66762821_T_A	T	A	8236	7036	8190	7036	0	0	NA	0	0	0	0
2	67052759	2_67052759_A_G	A	G	9723	8215	9658	8215	0	0	NA	0	0	0	0
2	72726030	2_72726030_T_C	T	C	9368	8392	9310	8392	0	0	NA	1	0	0	0
2	75574357	2_75574357_C_G	C	G	9354	7828	9284	7828	0	0	NA	0	1	0	0
2	75972890	2_75972890_A_G	A	G	8287	6796	8257	6796	0	0	NA	1	0	0	0
2	79470759	2_79470759_T_A	T	A	8245	7271	8183	7271	0	0	NA	0	0	0	0
2	81272215	2_81272215_A_G	A	G	10066	8728	9999	8728	0	0	NA	0	0	0	0
2	98278199	2_98278199_T_C	T	C	8719	7419	8628	7388	34	31	NA	1	57	54	54
2	100857666	2_100857666_G_T	G	T	10421	8874	10318	8874	0	0	NA	1	0	0	0
2	102711695	2_102711695_G_T	G	T	9725	8032	9643	8032	0	0	NA	2	0	0	0
2	103222350	2_103222350_C_G	C	G	8286	6501	8235	6501	0	0	NA	0	0	0	0
2	104488821	2_104488821_G_T	G	T	9298	8016	9207	8016	0	0	NA	1	0	0	0
2	111977616	2_111977616_T_C	T	C	10510	9065	10450	9065	0	0	NA	2	0	0	0
2	116057804	2_116057804_T_G	T	G	9644	8535	9575	8535	0	0	NA	0	0	0	0
2	118314751	2_118314751_G_T	G	T	9652	8368	9589	8368	0	0	NA	1	0	0	0
2	123007001	2_123007001_C_A	C	A	8488	7484	8433	7483	1	1	NA	1	1	1	1
2	123966167	2_123966167_G_C	G	C	9718	8357	9643	8357	0	0	NA	1	0	0	0
2	124779321	2_124779321_T_A	T	A	9547	8415	9506	8415	0	0	NA	0	0	0	0
2	125816134	2_125816134_G_A	G	A	10889	9187	10781	9187	0	0	NA	3	1	1	1
2	129394592	2_129394592_A_T	A	T	9875	8273	9791	8273	0	0	NA	0	0	0	0
2	130124862	2_130124862_G_A	G	A	10114	8736	10021	8736	0	0	NA	5	0	0	0
2	131601459	2_131601459_A_T	A	T	8722	7419	8658	7419	0	0	NA	0	0	0	0
2	132171226	2_132171226_T_A	T	A	9204	7948	9151	7948	0	0	NA	0	0	0	0
2	135434929	2_135434929_C_T	C	T	9096	7681	9016	7681	0	0	NA	1	0	0	0
2	139376671	2_139376671_G_T	G	T	9684	8015	9595	8015	0	0	NA	1	0	0	0
2	139479950	2_139479950_T_G	T	G	10348	8535	10193	8535	0	0	NA	0	1	0	0
2	142789391	2_142789391_A_G	A	G	9482	8297	9419	8297	0	0	NA	0	0	0	0
2	151251233	2_151251233_A_C	A	C	10130	7335	10065	7335	0	0	NA	0	0	0	0
2	155635312	2_155635312_G_T	G	T	8870	8077	8824	8077	0	0	NA	1	0	0	0
2	156160386	2_156160386_A_G	A	G	10081	8669	10039	8669	0	0	NA	1	0	0	0
2	164227721	2_164227721_A_G	A	G	9405	8184	9356	8184	0	0	NA	0	0	0	0
2	166429980	2_166429980_G_T	G	T	9309	8640	9237	8640	0	0	NA	0	0	0	0
2	172578287	2_172578287_C_G	C	G	9220	8285	9138	8285	0	0	NA	0	0	0	0
2	176062541	2_176062541_A_G	A	G	9233	8419	9193	8419	0	0	NA	1	0	0	0
2	177112878	2_177112878_C_T	C	T	9506	8087	9433	8087	0	0	NA	0	0	0	0
2	180469616	2_180469616_C_T	C	T	9665	8443	9597	8443	0	0	NA	0	0	0	0
2	181569633	2_181569633_C_A	C	A	9573	7990	9517	7990	0	0	NA	0	1	1	1
2	184534335	2_184534335_A_T	A	T	9919	8412	9853	8412	0	0	NA	0	0	0	0
2	186784153	2_186784153_G_A	G	A	10304	8504	10186	8504	0	0	NA	0	0	0	0
2	189133261	2_189133261_C_G	C	G	8370	7518	8289	7518	0	0	NA	0	0	0	0
2	193178687	2_193178687_T_G	T	G	10278	8665	10241	8665	0	0	NA	1	0	0	0
2	193725350	2_193725350_G_T	G	T	9794	8657	9725	8657	0	0	NA	0	0	0	0
2	197080798	2_197080798_C_A	C	A	9851	8171	9746	8171	0	0	NA	1	0	0	0
2	204613586	2_204613586_A_G	A	G	9204	7955	9166	7955	0	0	NA	0	0	0	0
2	210022620	2_210022620_T_C	T	C	9484	8306	9388	8269	39	37	NA	1	60	56	56
2	212109972	2_212109972_G_T	G	T	10191	8929	10108	8929	0	0	NA	0	0	0	0
2	217241300	2_217241300_C_T	C	T	8982	7956	8897	7956	0	0	NA	1	0	0	0
2	220050208	2_220050208_A_T	A	T	8667	7731	8601	7731	0	0	NA	0	0	0	0
2	220890824	2_220890824_G_A	G	A	9902	8655	9810	8654	1	1	NA	1	3	3	3
2	223617610	2_223617610_G_A	G	A	9801	8319	9731	8318	1	1	NA	0	1	1	1
2	227718451	2_227718451_G_A	G	A	10172	8591	10082	8591	0	0	NA	0	0	0	0
2	229822013	2_229822013_T_A	T	A	9891	8222	9771	8222	0	0	NA	0	0	0	0
2	236042650	2_236042650_A_T	A	T	8362	6611	8322	6611	0	0	NA	0	0	0	0
2	236528516	2_236528516_A_T	A	T	9128	7529	9065	7529	0	0	NA	0	0	0	0
2	236724229	2_236724229_G_A	G	A	9517	8018	9440	8018	0	0	NA	2	1	1	1
2	236760396	2_236760396_A_G	A	G	8845	7589	8809	7589	0	0	NA	0	0	0	0
3	2395873	3_2395873_C_T	C	T	8623	7437	8555	7437	0	0	NA	1	0	0	0
3	2937892	3_2937892_G_A	G	A	8911	7891	8856	7889	2	2	NA	0	3	3	3
3	3069377	3_3069377_A_G	A	G	9432	7914	9360	7914	0	0	NA	2	0	0	0
3	7176739	3_7176739_G_A	G	A	9723	8448	9639	8448	0	0	NA	1	0	0	0
3	14169612	3_14169612_A_G	A	G	9652	8308	9599	8308	0	0	NA	0	0	0	0
3	22289604	3_22289604_C_A	C	A	10173	8667	10087	8667	0	0	NA	0	0	0	0
3	25499994	3_25499994_A_G	A	G	10107	8753	10014	8733	26	20	NA	0	40	31	31
3	26120634	3_26120634_T_A	T	A	9815	8539	9759	8539	0	0	NA	1	0	0	0
3	26851067	3_26851067_C_T	C	T	9179	7681	9103	7681	1	0	NA	2	1	0	0
3	27123086	3_27123086_C_A	C	A	9746	8021	9686	8021	0	0	NA	0	0	0	0
3	31724760	3_31724760_G_A	G	A	8854	7189	8758	7188	1	1	NA	4	1	1	1
3	36752412	3_36752412_A_T	A	T	9473	8064	9398	8064	0	0	NA	1	0	0	0
3	42005138	3_42005138_G_T	G	T	9010	7712	8965	7712	0	0	NA	0	0	0	0
3	44919356	3_44919356_A_T	A	T	9115	7914	9067	7914	0	0	NA	0	0	0	0
3	45508823	3_45508823_T_C	T	C	9779	8443	9711	8443	0	0	NA	0	0	0	0
3	45884515	3_45884515_A_C	A	C	9603	8046	9530	8046	0	0	NA	0	0	0	0
3	48971487	3_48971487_A_T	A	T	8891	7727	8838	7727	0	0	NA	0	0	0	0
3	51924398	3_51924398_T_A	T	A	9577	8365	9534	8365	0	0	NA	0	0	0	0
3	53187241	3_53187241_C_G	C	G	10686	9105	10617	9105	0	0	NA	0	0	0	0
3	54747783	3_54747783_T_A	T	A	9419	8244	9377	8244	0	0	NA	0	0	0	0
3	60016907	3_60016907_G_A	G	A	8440	6986	8376	6986	0	0	NA	0	1	0	0
3	62517395	3_62517395_G_T	G	T	10140	8532	10063	8532	0	0	NA	2	0	0	0
3	64121027	3_64121027_C_A	C	A	9566	8231	9464	8231	0	0	NA	0	0	0	0
3	65479888	3_65479888_T_A	T	A	9322	8044	9265	8044	0	0	NA	1	0	0	0
3	66488293	3_66488293_A_C	A	C	9444	8022	9389	8022	0	0	NA	0	0	0	0
3	68714246	3_68714246_A_T	A	T	9164	8128	9116	8128	0	0	NA	1	1	1	1
3	69273496	3_69273496_C_T	C	T	9351	8235	9290	8235	0	0	NA	2	0	0	0
3	72960003	3_72960003_G_T	G	T	9530	8244	9443	8244	0	0	NA	1	0	0	0
3	77771788	3_77771788_C_T	C	T	9660	8183	9582	8183	0	0	NA	0	0	0	0
3	79155051	3_79155051_G_T	G	T	9547	8147	9474	8147	0	0	NA	1	0	0	0
3	80225905	3_80225905_G_A	G	A	9654	8366	9576	8366	0	0	NA	1	1	1	1
3	80414726	3_80414726_A_C	A	C	8940	8128	8876	8126	2	2	NA	1	2	2	2
3	85797660	3_85797660_T_A	T	A	9957	8371	9897	8371	0	0	NA	0	0	0	0
3	95119918	3_95119918_C_T	C	T	9858	8531	9759	8530	3	1	NA	0	3	1	1
3	95176994	3_95176994_G_T	G	T	9368	6882	9274	6881	1	1	NA	0	1	1	1
3	95984275	3_95984275_C_G	C	G	9655	8487	9570	8487	0	0	NA	0	0	0	0
3	99013947	3_99013947_A_G	A	G	8530	7405	8503	7405	0	0	NA	1	0	0	0
3	105078586	3_105078586_T_C	T	C	9827	8205	9774	8205	0	0	NA	1	0	0	0
3	108107684	3_108107684_T_A	T	A	9498	7942	9445	7942	0	0	NA	0	0	0	0
3	108140079	3_108140079_A_T	A	T	9273	7683	9225	7683	0	0	NA	0	0	0	0
3	110788937	3_110788937_G_T	G	T	9157	7775	9094	7775	0	0	NA	1	0	0	0
3	111514495	3_111514495_G_T	G	T	10103	8639	10025	8639	0	0	NA	2	0	0	0
3	117527286	3_117527286_G_A	G	A	9616	8473	9490	8472	1	1	NA	2	1	1	1
3	126721766	3_126721766_G_A	G	A	9250	7760	9137	7760	0	0	NA	5	0	0	0
3	129510457	3_129510457_C_T	C	T	9245	7834	4734	4101	4432	3733	NA	4	7551	6508	6508
3	130624029	3_130624029_T_A	T	A	10533	9099	10421	9099	0	0	NA	1	0	0	0
3	142605738	3_142605738_C_G	C	G	9819	8233	9720	8208	31	25	NA	0	54	46	46
3	144006889	3_144006889_G_A	G	A	10255	8680	10217	8680	0	0	NA	0	0	0	0
3	145201439	3_145201439_G_C	G	C	9679	8564	9625	8564	0	0	NA	0	0	0	0
3	146336616	3_146336616_C_A	C	A	9813	8475	9713	8475	0	0	NA	1	0	0	0
3	147511070	3_147511070_C_T	C	T	9229	8244	9168	8244	0	0	NA	0	0	0	0
3	149013554	3_149013554_T_A	T	A	11225	9717	11167	9717	0	0	NA	0	0	0	0
3	149338101	3_149338101_C_T	C	T	9078	7906	9004	7906	0	0	NA	0	0	0	0
3	152598993	3_152598993_T_C	T	C	8737	8032	8692	8032	0	0	NA	0	0	0	0
3	156759018	3_156759018_T_A	T	A	9670	8145	9608	8145	0	0	NA	0	0	0	0
3	161407614	3_161407614_T_A	T	A	8662	7622	8614	7622	0	0	NA	0	0	0	0
3	168861456	3_168861456_A_G	A	G	9817	8479	9763	8479	0	0	NA	2	0	0	0
3	171835691	3_171835691_A_T	A	T	9489	8397	9420	8397	0	0	NA	0	0	0	0
3	173718915	3_173718915_A_T	A	T	7970	7214	7921	7214	0	0	NA	0	0	0	0
3	180833741	3_180833741_T_A	T	A	9771	8350	9726	8350	0	0	NA	0	0	0	0
3	181893774	3_181893774_G_C	G	C	9977	8584	9936	8584	0	0	NA	0	0	0	0
3	186693845	3_186693845_C_T	C	T	9981	8305	9926	8304	2	1	NA	0	2	1	1
3	189567767	3_189567767_T_A	T	A	8495	7426	8447	7426	0	0	NA	0	0	0	0
3	191396578	3_191396578_C_T	C	T	10312	8749	10237	8749	0	0	NA	1	0	0	0
3	191968686	3_191968686_C_A	C	A	9227	8202	9128	8202	0	0	NA	1	0	0	0
3	194430224	3_194430224_G_T	G	T	9599	8151	9532	8151	0	0	NA	0	1	1	1
4	3853457	4_3853457_T_G	T	G	9331	7977	9276	7977	0	0	NA	1	0	0	0
4	6331698	4_6331698_A_T	A	T	9736	7953	9626	7953	0	0	NA	0	0	0	0
4	6760610	4_6760610_G_T	G	T	9580	8091	9521	8091	0	0	NA	1	0	0	0
4	7528997	4_7528997_G_A	G	A	9104	6964	9046	6964	0	0	NA	0	0	0	0
4	8706519	4_8706519_C_T	C	T	10070	8346	9974	8346	0	0	NA	3	0	0	0
4	11598303	4_11598303_T_A	T	A	10358	8662	10304	8662	0	0	NA	0	0	0	0
4	14053976	4_14053976_T_G	T	G	9310	8065	9262	8065	0	0	NA	1	0	0	0
4	14177974	4_14177974_T_A	T	A	9444	8243	9376	8243	0	0	NA	0	0	0	0
4	15215093	4_15215093_G_T	G	T	9327	8017	9267	8017	1	0	NA	0	1	0	0
4	15812320	4_15812320_T_A	T	A	9985	8478	9924	8478	0	0	NA	1	0	0	0
4	16263185	4_16263185_C_T	C	T	8261	7103	8172	7103	0	0	NA	2	0	0	0
4	16463499	4_16463499_G_C	G	C	10035	8630	9952	8630	0	0	NA	2	0	0	0
4	19060259	4_19060259_C_T	C	T	7857	5668	7791	5668	0	0	NA	0	0	0	0
4	23299284	4_23299284_T_C	T	C	8199	7297	8136	7297	0	0	NA	1	0	0	0
4	24039111	4_24039111_C_A	C	A	9288	8416	9202	8416	0	0	NA	0	1	1	1
4	24284013	4_24284013_A_C	A	C	9328	7856	9273	7856	0	0	NA	1	0	0	0
4	24447808	4_24447808_C_A	C	A	10675	9108	10568	9108	0	0	NA	0	0	0	0
4	26849570	4_26849570_T_C	T	C	9817	8501	9768	8501	0	0	NA	1	0	0	0
4	30661146	4_30661146_A_G	A	G	9372	8624	9317	8624	0	0	NA	0	0	0	0
4	31512047	4_31512047_G_C	G	C	9928	8561	9824	8561	0	0	NA	1	0	0	0
4	37340036	4_37340036_C_A	C	A	9098	7535	9011	7535	0	0	NA	1	0	0	0
4	37356775	4_37356775_C_A	C	A	8536	7501	8463	7501	0	0	NA	1	0	0	0
4	47165175	4_47165175_G_T	G	T	8942	7807	8870	7807	0	0	NA	0	0	0	0
4	52873547	4_52873547_T_A	T	A	8920	7160	8854	7160	0	0	NA	0	0	0	0
4	55770727	4_55770727_A_C	A	C	9770	8715	9709	8715	0	0	NA	0	0	0	0
4	57942137	4_57942137_A_G	A	G	8787	7015	8721	7015	0	0	NA	0	0	0	0
4	59237811	4_59237811_C_A	C	A	9722	8464	9645	8464	0	0	NA	1	0	0	0
4	60833847	4_60833847_C_A	C	A	9672	8079	9571	8079	0	0	NA	0	1	1	1
4	60852572	4_60852572_C_T	C	T	9249	7922	9165	7922	0	0	NA	0	0	0	0
4	60882735	4_60882735_A_G	A	G	8613	7728	8550	7728	0	0	NA	0	0	0	0
4	62878137	4_62878137_T_C	T	C	9453	8452	9392	8452	0	0	NA	2	0	0	0
4	64086971	4_64086971_T_A	T	A	9745	8438	9689	8438	0	0	NA	0	0	0	0
4	67846293	4_67846293_C_T	C	T	9662	8297	9592	8297	0	0	NA	1	0	0	0
4	68070338	4_68070338_A_G	A	G	9897	8665	9844	8665	0	0	NA	0	0	0	0
4	75687609	4_75687609_T_A	T	A	10074	8765	10018	8765	0	0	NA	0	0	0	0
4	84289312	4_84289312_T_A	T	A	9803	8783	9757	8783	0	0	NA	0	0	0	0
4	88094472	4_88094472_C_T	C	T	9567	8508	9486	8508	0	0	NA	0	0	0	0
4	89601642	4_89601642_G_T	G	T	9305	8193	9226	8193	0	0	NA	3	0	0	0
4	94617490	4_94617490_C_A	C	A	10149	8497	10066	8497	0	0	NA	1	0	0	0
4	101829934	4_101829934_A_G	A	G	8193	7331	8127	7331	0	0	NA	1	0	0	0
4	103073610	4_103073610_C_T	C	T	9743	8201	9662	8201	0	0	NA	0	0	0	0
4	105870597	4_105870597_G_T	G	T	9708	8464	9592	8464	0	0	NA	1	0	0	0
4	108945655	4_108945655_C_A	C	A	9445	7960	9350	7960	0	0	NA	2	0	0	0
4	109818952	4_109818952_G_T	G	T	9707	8300	9603	8300	0	0	NA	1	0	0	0
4	111982500	4_111982500_C_A	C	A	10088	8707	9984	8707	0	0	NA	1	0	0	0
4	114381242	4_114381242_A_T	A	T	7843	6906	7806	6906	0	0	NA	0	0	0	0
4	116991745	4_116991745_A_T	A	T	9663	8473	9619	8473	0	0	NA	0	0	0	0
4	117822502	4_117822502_T_A	T	A	9313	8134	9258	8134	0	0	NA	0	0	0	0
4	118628408	4_118628408_T_A	T	A	9859	8124	9742	8124	0	0	NA	1	0	0	0
4	127111158	4_127111158_A_T	A	T	10258	8853	10207	8853	0	0	NA	0	0	0	0
4	129251340	4_129251340_T_A	T	A	9787	8238	9753	8238	0	0	NA	0	0	0	0
4	134236764	4_134236764_G_A	G	A	8975	7616	8868	7615	1	1	NA	2	1	1	1
4	136489097	4_136489097_G_A	G	A	10520	9410	10406	9363	52	47	NA	0	115	104	104
4	138114238	4_138114238_A_T	A	T	9754	8297	9686	8297	0	0	NA	0	0	0	0
4	145286122	4_145286122_C_T	C	T	8703	7422	8639	7422	0	0	NA	0	1	0	0
4	145889096	4_145889096_G_A	G	A	9929	8420	9857	8420	0	0	NA	0	0	0	0
4	148413504	4_148413504_G_A	G	A	9401	8143	9313	8143	0	0	NA	2	0	0	0
4	156170946	4_156170946_G_A	G	A	9585	8212	9497	8212	0	0	NA	2	1	1	1
4	159996984	4_159996984_A_T	A	T	5700	4620	5668	4620	0	0	NA	0	0	0	0
4	161152059	4_161152059_G_A	G	A	9379	8244	9319	8244	0	0	NA	0	0	0	0
4	165345272	4_165345272_G_T	G	T	10003	8535	9933	8530	7	5	NA	1	13	11	11
4	166586686	4_166586686_G_A	G	A	10100	8563	10011	8563	0	0	NA	0	0	0	0
4	172508141	4_172508141_T_C	T	C	9814	8512	9724	8512	0	0	NA	0	0	0	0
4	173793480	4_173793480_C_T	C	T	8228	7500	8148	7500	0	0	NA	0	0	0	0
4	176631113	4_176631113_A_T	A	T	8223	7002	8182	7002	0	0	NA	0	0	0	0
4	182649301	4_182649301_A_T	A	T	8730	7827	8686	7827	0	0	NA	0	0	0	0
4	182792334	4_182792334_G_T	G	T	9779	8660	9685	8660	0	0	NA	0	0	0	0
4	186441436	4_186441436_C_A	C	A	9133	7596	9053	7596	0	0	NA	0	0	0	0
4	186490429	4_186490429_G_T	G	T	9008	7775	8942	7775	0	0	NA	1	0	0	0
4	186922829	4_186922829_A_G	A	G	9632	8313	9571	8313	0	0	NA	1	0	0	0
4	189877386	4_189877386_G_A	G	A	9685	8460	9597	8460	0	0	NA	0	0	0	0
5	4117750	5_4117750_G_A	G	A	9538	8146	9421	8146	0	0	NA	1	2	2	2
5	4195717	5_4195717_G_A	G	A	8092	6903	8017	6903	0	0	NA	1	0	0	0
5	4955850	5_4955850_G_A	G	A	9845	8354	9782	8352	2	2	NA	0	4	4	4
5	8136966	5_8136966_C_A	C	A	9931	8334	9821	8333	1	1	NA	0	1	1	1
5	8232683	5_8232683_C_G	C	G	10130	8343	10043	8343	0	0	NA	0	0	0	0
5	13278148	5_13278148_T_C	T	C	9380	7723	9320	7723	0	0	NA	2	0	0	0
5	15825418	5_15825418_G_T	G	T	7821	7012	7749	7012	0	0	NA	1	0	0	0
5	19744281	5_19744281_C_A	C	A	9013	8025	8948	8025	0	0	NA	2	0	0	0
5	20201528	5_20201528_C_T	C	T	9911	8277	9802	8277	0	0	NA	0	0	0	0
5	21186059	5_21186059_A_G	A	G	7769	7056	7728	7056	0	0	NA	3	0	0	0
5	26016992	5_26016992_C_A	C	A	10155	8693	10055	8693	0	0	NA	0	0	0	0
5	29092617	5_29092617_T_C	T	C	10235	8931	10183	8931	0	0	NA	1	0	0	0
5	30355884	5_30355884_T_A	T	A	10069	8608	10001	8607	1	1	NA	0	1	1	1
5	30570045	5_30570045_G_A	G	A	9142	7748	9081	7748	0	0	NA	1	0	0	0
5	34019629	5_34019629_G_T	G	T	9474	8111	9398	8111	0	0	NA	0	0	0	0
5	35440093	5_35440093_G_A	G	A	9674	8497	9609	8497	0	0	NA	0	0	0	0
5	35862583	5_35862583_C_A	C	A	9721	8350	9643	8350	0	0	NA	0	1	1	1
5	36049211	5_36049211_A_C	A	C	9325	7810	9241	7810	0	0	NA	1	0	0	0
5	38207973	5_38207973_G_T	G	T	10108	8700	10018	8700	0	0	NA	1	1	1	1
5	38566783	5_38566783_A_T	A	T	7707	7058	7647	7058	0	0	NA	0	0	0	0
5	41374551	5_41374551_C_T	C	T	9109	7913	9036	7913	0	0	NA	1	0	0	0
5	44072337	5_44072337_C_T	C	T	10052	8709	9993	8709	0	0	NA	0	0	0	0
5	50398771	5_50398771_G_A	G	A	9910	8717	9839	8717	0	0	NA	3	1	1	1
5	54223025	5_54223025_T_C	T	C	10250	8743	10199	8741	2	2	NA	0	3	3	3
5	56150595	5_56150595_T_G	T	G	9325	7397	9192	7397	0	0	NA	0	0	0	0
5	57024548	5_57024548_A_T	A	T	9181	8289	9132	8289	0	0	NA	0	0	0	0
5	63799696	5_63799696_G_C	G	C	9954	8302	9810	8263	52	39	NA	0	81	65	65
5	66595183	5_66595183_T_A	T	A	10390	9101	10350	9101	0	0	NA	0	0	0	0
5	66744469	5_66744469_A_T	A	T	9972	8690	9910	8690	0	0	NA	0	0	0	0
5	68177844	5_68177844_T_C	T	C	8457	7115	8406	7115	0	0	NA	0	0	0	0
5	73677763	5_73677763_C_T	C	T	8951	7227	8879	7227	0	0	NA	1	0	0	0
5	76448585	5_76448585_T_A	T	A	6711	4659	6610	4659	0	0	NA	1	0	0	0
5	77117421	5_77117421_T_A	T	A	9644	8144	9566	8144	0	0	NA	1	0	0	0
5	84082776	5_84082776_G_C	G	C	9551	8451	9494	8451	0	0	NA	0	0	0	0
5	87878181	5_87878181_A_T	A	T	9801	8656	9730	8656	0	0	NA	0	0	0	0
5	87880469	5_87880469_A_T	A	T	9705	8501	9642	8501	0	0	NA	0	0	0	0
5	88253940	5_88253940_G_T	G	T	9565	8215	9512	8215	0	0	NA	0	0	0	0
5	88801436	5_88801436_C_T	C	T	10720	9123	10663	9123	0	0	NA	0	0	0	0
5	89211925	5_89211925_G_A	G	A	9265	8353	9200	8353	0	0	NA	1	0	0	0
5	92626705	5_92626705_A_T	A	T	9738	8364	9664	8364	0	0	NA	0	0	0	0
5	93656183	5_93656183_C_T	C	T	7136	5952	7077	5944	9	8	NA	1	10	9	9
5	102895928	5_102895928_G_C	G	C	9517	8040	9439	8040	0	0	NA	0	0	0	0
5	104302926	5_104302926_T_G	T	G	9900	8674	9852	8674	0	0	NA	0	0	0	0
5	105050343	5_105050343_G_A	G	A	8568	7763	8477	7763	0	0	NA	1	0	0	0
5	107024950	5_107024950_C_G	C	G	9302	7723	9224	7723	0	0	NA	0	0	0	0
5	109558764	5_109558764_G_A	G	A	10159	8573	10076	8573	0	0	NA	0	0	0	0
5	111748493	5_111748493_G_A	G	A	10076	8643	9999	8643	1	0	NA	5	2	1	1
5	113285345	5_113285345_C_T	C	T	10193	8597	10108	8597	0	0	NA	0	0	0	0
5	114112212	5_114112212_A_C	A	C	10480	8882	10439	8882	0	0	NA	1	0	0	0
5	114364994	5_114364994_A_G	A	G	9767	8372	9693	8372	0	0	NA	2	0	0	0
5	115876095	5_115876095_T_G	T	G	10405	8945	10346	8945	0	0	NA	1	0	0	0
5	116388840	5_116388840_A_C	A	C	9710	8223	9613	8223	0	0	NA	0	0	0	0
5	119372370	5_119372370_A_T	A	T	8694	7450	8618	7450	0	0	NA	2	0	0	0
5	127550555	5_127550555_G_T	G	T	8819	7800	8758	7800	0	0	NA	0	0	0	0
5	129845654	5_129845654_G_C	G	C	10401	8925	10335	8925	0	0	NA	1	0	0	0
5	130102430	5_130102430_T_G	T	G	9301	8086	9235	8086	0	0	NA	0	0	0	0
5	130761116	5_130761116_T_A	T	A	9812	8295	9763	8295	0	0	NA	1	0	0	0
5	131131085	5_131131085_A_C	A	C	8871	7519	4505	3925	4290	3594	NA	9	7174	6127	6127
5	132642291	5_132642291_C_A	C	A	10183	8716	10122	8716	0	0	NA	1	1	0	0
5	134997403	5_134997403_A_G	A	G	9378	8038	9298	8038	0	0	NA	0	0	0	0
5	135233196	5_135233196_T_C	T	C	9159	8162	9089	8162	0	0	NA	0	0	0	0
5	135798118	5_135798118_C_A	C	A	9647	8277	9565	8277	0	0	NA	2	2	2	2
5	142869888	5_142869888_A_T	A	T	9481	8142	9411	8142	0	0	NA	0	0	0	0
5	146864365	5_146864365_C_A	C	A	10306	8771	10222	8771	0	0	NA	0	0	0	0
5	150428745	5_150428745_C_T	C	T	8823	7384	8746	7384	0	0	NA	0	0	0	0
5	165285866	5_165285866_A_T	A	T	9340	8240	9306	8240	0	0	NA	1	0	0	0
6	9433703	6_9433703_G_C	G	C	8174	7370	8096	7370	0	0	NA	0	0	0	0
6	10769910	6_10769910_G_T	G	T	10045	8463	9942	8463	0	0	NA	1	0	0	0
6	12901530	6_12901530_T_A	T	A	9663	8306	9606	8306	0	0	NA	1	0	0	0
6	15648173	6_15648173_A_G	A	G	10316	8978	10267	8978	0	0	NA	0	0	0	0
6	20445965	6_20445965_T_A	T	A	9443	8377	9390	8377	0	0	NA	0	0	0	0
6	21914385	6_21914385_G_T	G	T	9803	8358	9703	8358	0	0	NA	0	0	0	0
6	23648288	6_23648288_A_T	A	T	9883	7932	9833	7932	0	0	NA	0	0	0	0
6	25072910	6_25072910_T_A	T	A	10485	8912	10422	8912	0	0	NA	0	0	0	0
6	44759570	6_44759570_T_A	T	A	10145	8843	10087	8843	0	0	NA	0	0	0	0
6	45230919	6_45230919_A_T	A	T	10114	8664	10061	8664	0	0	NA	0	0	0	0
6	51919560	6_51919560_G_A	G	A	9727	8189	9658	8189	0	0	NA	1	0	0	0
6	54357267	6_54357267_C_G	C	G	9995	8503	9938	8503	0	0	NA	0	0	0	0
6	71775558	6_71775558_A_T	A	T	8357	7583	8289	7583	0	0	NA	0	0	0	0
6	72333154	6_72333154_A_T	A	T	9975	8577	9906	8577	0	0	NA	0	0	0	0
6	74633810	6_74633810_G_T	G	T	10110	6142	10043	6142	0	0	NA	0	0	0	0
6	80514056	6_80514056_C_G	C	G	9943	8412	9875	8412	0	0	NA	1	0	0	0
6	83402323	6_83402323_C_A	C	A	9216	7895	9105	7895	0	0	NA	1	0	0	0
6	84934091	6_84934091_T_G	T	G	10004	8697	9918	8697	0	0	NA	0	0	0	0
6	85683850	6_85683850_G_A	G	A	9020	7603	8916	7603	0	0	NA	2	0	0	0
6	86684007	6_86684007_G_T	G	T	9841	8572	9756	8572	0	0	NA	4	0	0	0
6	86705041	6_86705041_C_A	C	A	10320	8909	10254	8909	0	0	NA	0	0	0	0
6	90756058	6_90756058_A_T	A	T	9158	7802	9086	7802	0	0	NA	0	0	0	0
6	90975176	6_90975176_A_G	A	G	8302	7435	8254	7435	0	0	NA	0	0	0	0
6	92296579	6_92296579_T_A	T	A	9023	8062	8968	8062	0	0	NA	1	0	0	0
6	92810146	6_92810146_A_T	A	T	8732	7619	8664	7618	1	1	NA	0	1	1	1
6	94809545	6_94809545_T_G	T	G	9441	8377	9371	8377	0	0	NA	0	0	0	0
6	96262770	6_96262770_G_T	G	T	9521	8087	9462	8087	0	0	NA	0	0	0	0
6	99104889	6_99104889_C_T	C	T	9847	8676	9772	8676	0	0	NA	0	0	0	0
6	103120158	6_103120158_G_T	G	T	9922	8466	9865	8466	0	0	NA	0	0	0	0
6	107638219	6_107638219_A_C	A	C	9401	8258	9358	8258	0	0	NA	1	0	0	0
6	120726088	6_120726088_G_T	G	T	8799	7775	8747	7775	0	0	NA	0	0	0	0
6	124689428	6_124689428_A_C	A	C	9439	8130	9382	8130	0	0	NA	0	0	0	0
6	127450702	6_127450702_C_T	C	T	9751	8424	9675	8424	0	0	NA	3	0	0	0
6	128533804	6_128533804_C_T	C	T	9365	8091	9294	8091	0	0	NA	0	0	0	0
6	128737243	6_128737243_T_A	T	A	9276	8145	9214	8145	0	0	NA	0	0	0	0
6	129624915	6_129624915_C_A	C	A	8961	7802	8870	7802	0	0	NA	2	0	0	0
6	130912662	6_130912662_A_G	A	G	9980	8642	9912	8642	0	0	NA	0	0	0	0
6	136409522	6_136409522_A_T	A	T	9187	7942	9133	7942	0	0	NA	0	0	0	0
6	138021019	6_138021019_C_A	C	A	9768	8540	9723	8540	0	0	NA	1	0	0	0
6	138604411	6_138604411_T_A	T	A	9839	8477	9790	8477	0	0	NA	0	0	0	0
6	145767670	6_145767670_G_T	G	T	9827	8147	9765	8147	0	0	NA	0	0	0	0
6	152063538	6_152063538_C_T	C	T	9933	8454	9850	8454	0	0	NA	1	0	0	0
6	158409271	6_158409271_C_T	C	T	9787	8190	9685	8190	0	0	NA	1	0	0	0
6	162916525	6_162916525_C_A	C	A	9510	7803	9428	7803	0	0	NA	2	0	0	0
6	164078771	6_164078771_C_A	C	A	9983	8620	9926	8620	0	0	NA	0	0	0	0
6	164603075	6_164603075_T_G	T	G	9607	7981	9517	7981	0	0	NA	0	0	0	0
6	165223031	6_165223031_C_G	C	G	9322	7991	9237	7991	0	0	NA	0	0	0	0
6	166175779	6_166175779_C_T	C	T	9719	8099	9661	8099	0	0	NA	0	0	0	0
6	168082860	6_168082860_A_C	A	C	8631	7468	8556	7468	0	0	NA	0	0	0	0
6	170416132	6_170416132_C_A	C	A	10251	8617	10197	8617	0	0	NA	0	0	0	0
7	3564078	7_3564078_T_A	T	A	10369	8817	10301	8817	0	0	NA	1	0	0	0
7	4947362	7_4947362_G_T	G	T	9907	8622	9848	8622	0	0	NA	1	0	0	0
7	12186352	7_12186352_A_G	A	G	8492	7234	8412	7234	0	0	NA	1	0	0	0
7	17174282	7_17174282_C_A	C	A	9130	7745	9069	7745	0	0	NA	1	0	0	0
7	21001737	7_21001737_G_T	G	T	8770	7418	8672	7418	0	0	NA	2	0	0	0
7	21371488	7_21371488_A_G	A	G	9047	8094	9013	8094	0	0	NA	0	0	0	0
7	33804962	7_33804962_G_T	G	T	9153	8112	9090	8112	0	0	NA	3	0	0	0
7	33851080	7_33851080_G_T	G	T	8978	7947	8900	7947	0	0	NA	0	1	1	1
7	40881312	7_40881312_G_A	G	A	9839	8595	9736	8595	1	0	NA	1	2	1	1
7	41206336	7_41206336_T_A	T	A	9339	8489	9280	8489	0	0	NA	0	0	0	0
7	42121277	7_42121277_A_G	A	G	9617	8368	9580	8368	0	0	NA	2	0	0	0
7	43511465	7_43511465_C_T	C	T	9499	8187	9391	8187	0	0	NA	0	0	0	0
7	46172714	7_46172714_C_A	C	A	9288	7818	9206	7818	0	0	NA	3	0	0	0
7	46342813	7_46342813_G_T	G	T	9873	8252	9815	8252	0	0	NA	0	0	0	0
7	50070509	7_50070509_C_A	C	A	9304	8251	9197	8251	0	0	NA	1	0	0	0
7	50563564	7_50563564_G_A	G	A	10177	8520	10108	8520	0	0	NA	0	0	0	0
7	51720776	7_51720776_T_G	T	G	10320	8600	10231	8597	3	3	NA	0	3	3	3
7	52898270	7_52898270_A_T	A	T	10356	8985	10313	8985	0	0	NA	0	0	0	0
7	53701012	7_53701012_G_A	G	A	9033	7776	8959	7776	0	0	NA	1	1	1	1
7	53786951	7_53786951_C_T	C	T	9968	8419	9871	8417	3	2	NA	1	5	4	4
7	54178383	7_54178383_A_T	A	T	9724	7886	9654	7886	0	0	NA	0	0	0	0
7	57363946	7_57363946_A_G	A	G	10105	8575	10070	8575	0	0	NA	0	0	0	0
7	66275732	7_66275732_G_T	G	T	10187	8721	10092	8721	0	0	NA	2	0	0	0
7	69544268	7_69544268_T_A	T	A	8347	7317	8285	7317	0	0	NA	0	0	0	0
7	76814757	7_76814757_A_T	A	T	9961	8463	9896	8463	0	0	NA	0	0	0	0
7	78348937	7_78348937_T_A	T	A	10175	8548	10097	8548	0	0	NA	0	0	0	0
7	80631354	7_80631354_A_C	A	C	7581	6978	7543	6978	0	0	NA	0	0	0	0
7	83404556	7_83404556_G_C	G	C	10614	9059	10545	9058	1	1	NA	1	1	1	1
7	88406247	7_88406247_A_T	A	T	8201	7163	8157	7163	0	0	NA	0	0	0	0
7	90812080	7_90812080_G_A	G	A	8583	7690	8520	7690	0	0	NA	1	0	0	0
7	93707584	7_93707584_T_G	T	G	9935	8701	9886	8701	0	0	NA	0	0	0	0
7	95611327	7_95611327_A_T	A	T	9654	8527	9599	8527	0	0	NA	0	0	0	0
7	96157385	7_96157385_C_T	C	T	9782	8339	9696	8339	0	0	NA	1	0	0	0
7	98649060	7_98649060_T_A	T	A	9390	8062	9327	8062	0	0	NA	0	0	0	0
7	101239161	7_101239161_A_T	A	T	10197	8815	10149	8815	0	0	NA	0	0	0	0
7	101533878	7_101533878_G_T	G	T	8371	6975	8302	6975	0	0	NA	0	0	0	0
7	101634532	7_101634532_T_A	T	A	9407	7970	9332	7970	0	0	NA	0	0	0	0
7	105305486	7_105305486_C_T	C	T	9790	8558	9690	8558	0	0	NA	1	0	0	0
7	107630274	7_107630274_T_A	T	A	9825	8338	9754	8338	0	0	NA	0	0	0	0
7	108412582	7_108412582_A_T	A	T	8833	7714	8778	7714	0	0	NA	0	0	0	0
7	109000017	7_109000017_A_G	A	G	10014	8743	9932	8743	0	0	NA	1	0	0	0
7	111235269	7_111235269_C_G	C	G	10388	8816	10296	8816	0	0	NA	0	0	0	0
7	116123206	7_116123206_T_G	T	G	9425	7982	9342	7982	0	0	NA	0	0	0	0
7	119647914	7_119647914_T_C	T	C	10004	8560	9903	8560	0	0	NA	1	0	0	0
7	121678908	7_121678908_A_T	A	T	9716	8406	9652	8406	0	0	NA	0	0	0	0
7	122896127	7_122896127_C_T	C	T	10272	8570	10216	8570	0	0	NA	0	0	0	0
7	124261799	7_124261799_C_T	C	T	9329	7819	9210	7819	0	0	NA	0	0	0	0
7	126015083	7_126015083_C_T	C	T	9733	8483	9619	8482	1	1	NA	0	1	1	1
7	126141520	7_126141520_A_T	A	T	10128	8696	10073	8696	0	0	NA	0	0	0	0
7	128687894	7_128687894_T_C	T	C	8701	7577	8647	7577	0	0	NA	2	0	0	0
7	132549834	7_132549834_C_A	C	A	8666	7804	8573	7804	0	0	NA	0	0	0	0
7	136273165	7_136273165_C_G	C	G	9062	7856	9006	7856	0	0	NA	0	0	0	0
7	138549425	7_138549425_A_G	A	G	10257	8867	10213	8867	0	0	NA	0	0	0	0
7	141106136	7_141106136_A_T	A	T	10954	9211	10880	9211	0	0	NA	0	0	0	0
7	141137931	7_141137931_G_C	G	C	9697	8184	9637	8184	0	0	NA	0	1	1	1
7	141341495	7_141341495_G_T	G	T	9852	8180	9777	8180	0	0	NA	0	0	0	0
7	141375198	7_141375198_C_T	C	T	9485	7886	9400	7886	0	0	NA	0	0	0	0
7	146747872	7_146747872_T_A	T	A	9930	8417	9875	8417	0	0	NA	0	0	0	0
7	146786433	7_146786433_C_A	C	A	10187	8803	10124	8802	1	1	NA	0	2	2	2
7	147978511	7_147978511_G_A	G	A	9812	8581	9729	8581	0	0	NA	1	0	0	0
7	148593336	7_148593336_G_A	G	A	9512	8600	9437	8600	0	0	NA	0	0	0	0
7	148629899	7_148629899_T_C	T	C	8572	7629	8531	7626	4	3	NA	0	4	3	3
7	150234521	7_150234521_G_A	G	A	9566	7820	9481	7820	0	0	NA	1	0	0	0
7	151657672	7_151657672_A_T	A	T	9437	8005	9390	8005	0	0	NA	0	0	0	0
7	152890830	7_152890830_G_T	G	T	9410	7936	9327	7936	0	0	NA	1	0	0	0
7	154179786	7_154179786_C_T	C	T	8731	7769	8629	7769	0	0	NA	1	1	1	1
7	155859476	7_155859476_A_G	A	G	10371	8736	10308	8735	1	1	NA	0	1	1	1
7	156227015	7_156227015_C_T	C	T	10073	8373	9977	8373	0	0	NA	3	0	0	0
7	157696689	7_157696689_G_A	G	A	9947	8273	9869	8273	0	0	NA	1	0	0	0
7	158353018	7_158353018_T_A	T	A	9441	8092	9357	8092	0	0	NA	0	0	0	0
8	433704	8_433704_A_C	A	C	9394	7971	9303	7971	0	0	NA	0	0	0	0
8	713537	8_713537_C_A	C	A	9553	8007	9452	8007	0	0	NA	0	1	1	1
8	2360457	8_2360457_A_T	A	T	9702	8275	9642	8275	0	0	NA	1	0	0	0
8	3638615	8_3638615_C_A	C	A	9935	7793	9855	7793	0	0	NA	1	0	0	0
8	6020039	8_6020039_T_A	T	A	9337	7711	9296	7711	0	0	NA	0	0	0	0
8	6448155	8_6448155_A_T	A	T	8709	7553	8667	7553	0	0	NA	0	0	0	0
8	11391017	8_11391017_G_A	G	A	7451	6008	3810	3321	3598	2687	NA	5	6297	4608	4608
8	14800929	8_14800929_T_A	T	A	9147	7901	9090	7901	0	0	NA	0	0	0	0
8	20191762	8_20191762_G_T	G	T	9718	8458	9648	8458	0	0	NA	1	0	0	0
8	26738475	8_26738475_G_A	G	A	10167	8803	10111	8802	1	1	NA	0	1	1	1
8	26820063	8_26820063_C_A	C	A	9996	8630	9622	8395	281	235	NA	1	480	414	414
8	27032391	8_27032391_T_G	T	G	10910	9468	10865	9468	0	0	NA	0	0	0	0
8	30146816	8_30146816_C_A	C	A	9416	8504	9333	8504	0	0	NA	0	0	0	0
8	30445941	8_30445941_T_A	T	A	9071	7845	9005	7845	0	0	NA	0	0	0	0
8	33683931	8_33683931_A_T	A	T	9958	8500	9905	8500	0	0	NA	0	0	0	0
8	34889534	8_34889534_G_T	G	T	9426	8111	9345	8111	0	0	NA	0	0	0	0
8	36276679	8_36276679_C_A	C	A	8515	7505	8453	7505	0	0	NA	2	1	0	0
8	39064159	8_39064159_T_C	T	C	9566	8243	9495	8243	0	0	NA	2	0	0	0
8	39493226	8_39493226_T_A	T	A	10071	8691	10019	8691	0	0	NA	0	0	0	0
8	41814143	8_41814143_T_A	T	A	9428	8299	9363	8299	0	0	NA	0	0	0	0
8	42280405	8_42280405_C_A	C	A	9467	7973	9425	7973	0	0	NA	1	0	0	0
8	43129865	8_43129865_C_T	C	T	10823	9048	10767	9048	0	0	NA	0	0	0	0
8	47708026	8_47708026_C_T	C	T	10380	8790	10298	8790	0	0	NA	1	0	0	0
8	56313051	8_56313051_C_A	C	A	10279	8726	10187	8726	0	0	NA	0	0	0	0
8	57653301	8_57653301_G_A	G	A	8397	7528	8317	7528	0	0	NA	2	0	0	0
8	58213716	8_58213716_G_T	G	T	10422	8814	10313	8814	0	0	NA	4	0	0	0
8	62680341	8_62680341_A_C	A	C	9408	8182	9344	8182	0	0	NA	0	0	0	0
8	63945855	8_63945855_A_T	A	T	9640	8269	9561	8268	0	0	NA	0	0	0	0
8	65195590	8_65195590_C_T	C	T	9207	7969	9095	7954	15	15	NA	1	21	21	21
8	67237805	8_67237805_T_A	T	A	8545	7643	8456	7643	0	0	NA	1	0	0	0
8	69337433	8_69337433_A_T	A	T	9253	8165	9217	8165	0	0	NA	0	0	0	0
8	77489722	8_77489722_C_T	C	T	9835	8281	9726	8281	0	0	NA	1	0	0	0
8	81342772	8_81342772_T_A	T	A	8604	7449	8545	7449	0	0	NA	0	0	0	0
8	85372493	8_85372493_T_C	T	C	9460	8424	9412	8424	0	0	NA	0	0	0	0
8	87352682	8_87352682_T_A	T	A	9232	8232	9178	8232	0	0	NA	0	0	0	0
8	89628650	8_89628650_T_A	T	A	9971	8675	9916	8675	0	0	NA	0	0	0	0
8	93245905	8_93245905_C_T	C	T	9106	7966	9026	7966	0	0	NA	0	0	0	0
8	93475351	8_93475351_A_T	A	T	10074	8473	10031	8473	0	0	NA	0	0	0	0
8	106079173	8_106079173_G_T	G	T	9626	8191	9552	8191	0	0	NA	1	0	0	0
8	109632884	8_109632884_A_T	A	T	10280	8750	10213	8750	0	0	NA	0	0	0	0
8	110236539	8_110236539_G_T	G	T	10914	9320	10841	9320	0	0	NA	0	0	0	0
8	110513101	8_110513101_C_A	C	A	9265	8002	9192	8002	0	0	NA	0	1	0	0
8	110692575	8_110692575_G_A	G	A	9416	8362	9340	8362	0	0	NA	1	0	0	0
8	111168700	8_111168700_T_G	T	G	9220	8052	9163	8052	0	0	NA	0	0	0	0
8	114867789	8_114867789_T_A	T	A	10011	8809	9928	8809	0	0	NA	0	0	0	0
8	117964713	8_117964713_T_A	T	A	7509	6039	7442	6039	0	0	NA	0	0	0	0
8	118198288	8_118198288_A_T	A	T	9489	8226	9435	8226	0	0	NA	0	0	0	0
8	118331917	8_118331917_C_A	C	A	9794	8328	9709	8328	0	0	NA	1	0	0	0
8	119958598	8_119958598_C_A	C	A	8654	7542	8559	7542	0	0	NA	0	0	0	0
8	120940399	8_120940399_G_A	G	A	10204	8682	10135	8682	0	0	NA	1	0	0	0
8	121307620	8_121307620_T_A	T	A	9941	8160	9865	8160	0	0	NA	0	0	0	0
8	123643806	8_123643806_A_T	A	T	8108	7254	8047	7254	0	0	NA	1	0	0	0
8	126829915	8_126829915_C_A	C	A	8742	7579	8682	7579	0	0	NA	0	0	0	0
8	126851129	8_126851129_C_T	C	T	9870	8340	9773	8340	0	0	NA	0	0	0	0
8	128639552	8_128639552_G_A	G	A	9984	8370	9890	8370	0	0	NA	0	0	0	0
8	129582604	8_129582604_C_A	C	A	9141	8138	9062	8138	0	0	NA	2	0	0	0
8	134591910	8_134591910_G_A	G	A	9288	7993	9209	7993	0	0	NA	1	0	0	0
8	135067868	8_135067868_A_T	A	T	8920	7899	8864	7899	0	0	NA	1	0	0	0
8	137903929	8_137903929_C_A	C	A	10415	8769	10316	8769	0	0	NA	0	0	0	0
8	145085500	8_145085500_A_T	A	T	8388	6885	8349	6885	0	0	NA	0	0	0	0
9	1551777	9_1551777_G_T	G	T	9539	8476	9488	8476	0	0	NA	0	0	0	0
9	1846794	9_1846794_C_T	C	T	9017	7756	8943	7756	0	0	NA	0	0	0	0
9	6700755	9_6700755_G_T	G	T	9820	8487	9763	8487	0	0	NA	1	0	0	0
9	8342590	9_8342590_G_T	G	T	9792	8136	5104	4356	4604	3780	NA	3	7793	6518	6518
9	13740590	9_13740590_G_A	G	A	7454	6854	7394	6853	1	1	NA	0	2	2	2
9	13980530	9_13980530_G_T	G	T	9396	8313	9312	8313	0	0	NA	2	0	0	0
9	16862129	9_16862129_A_T	A	T	9898	8387	9855	8387	0	0	NA	0	0	0	0
9	20220365	9_20220365_C_T	C	T	9358	8078	9299	8078	0	0	NA	0	0	0	0
9	23375585	9_23375585_A_T	A	T	8333	7214	8299	7214	0	0	NA	0	0	0	0
9	24380122	9_24380122_T_A	T	A	7034	6080	6984	6079	1	1	NA	0	1	1	1
9	27232348	9_27232348_G_T	G	T	9580	7912	9511	7912	0	0	NA	0	0	0	0
9	35001091	9_35001091_C_A	C	A	8923	7680	8848	7680	0	0	NA	0	0	0	0
9	76281324	9_76281324_G_T	G	T	10249	8694	10172	8694	0	0	NA	0	0	0	0
9	77456165	9_77456165_T_G	T	G	9519	7946	9479	7946	0	0	NA	1	0	0	0
9	79332352	9_79332352_C_G	C	G	10108	8569	9999	8569	0	0	NA	1	0	0	0
9	81750209	9_81750209_T_A	T	A	9261	7873	9205	7873	0	0	NA	0	0	0	0
9	84967401	9_84967401_T_G	T	G	9530	8355	9459	8355	0	0	NA	1	0	0	0
9	86871431	9_86871431_G_A	G	A	10003	8421	9942	8421	0	0	NA	0	0	0	0
9	89441888	9_89441888_A_T	A	T	9792	8040	9724	8040	0	0	NA	1	1	1	1
9	91314284	9_91314284_T_C	T	C	8856	7602	8811	7602	0	0	NA	0	0	0	0
9	95835172	9_95835172_G_C	G	C	9106	7441	9036	7441	0	0	NA	0	0	0	0
9	100552866	9_100552866_G_T	G	T	9725	8343	9644	8343	0	0	NA	0	0	0	0
9	104360315	9_104360315_G_T	G	T	10211	9012	10122	9012	0	0	NA	1	0	0	0
9	111992409	9_111992409_C_T	C	T	10100	8685	10028	8683	2	2	NA	0	3	3	3
9	112257460	9_112257460_C_T	C	T	10243	8778	10147	8778	0	0	NA	3	1	1	1
9	117274909	9_117274909_C_A	C	A	10258	8804	10185	8804	0	0	NA	1	1	1	1
9	119381038	9_119381038_C_T	C	T	9516	8103	9444	8103	0	0	NA	0	0	0	0
9	121218621	9_121218621_C_T	C	T	9885	8470	9808	8470	0	0	NA	0	0	0	0
9	121977661	9_121977661_G_T	G	T	10505	9009	10403	9009	0	0	NA	2	0	0	0
9	126408873	9_126408873_C_T	C	T	10556	9020	10499	9020	0	0	NA	1	0	0	0
9	128757819	9_128757819_G_T	G	T	9644	8201	9556	8201	0	0	NA	1	0	0	0
9	128973023	9_128973023_C_A	C	A	10043	8293	9913	8293	0	0	NA	0	0	0	0
9	132882654	9_132882654_G_T	G	T	9479	7692	9387	7692	0	0	NA	2	0	0	0
9	137422565	9_137422565_G_A	G	A	9207	7702	9141	7702	0	0	NA	2	1	0	0
10	3314742	10_3314742_C_G	C	G	9145	7911	9075	7911	0	0	NA	2	0	0	0
10	4651331	10_4651331_A_T	A	T	9880	8657	9813	8657	0	0	NA	0	0	0	0
10	8006896	10_8006896_C_T	C	T	9572	8020	9498	8018	3	2	NA	0	4	3	3
10	8578749	10_8578749_T_A	T	A	9680	8167	9641	8167	0	0	NA	0	0	0	0
10	8780137	10_8780137_G_T	G	T	9565	8589	9510	8589	0	0	NA	0	0	0	0
10	10412770	10_10412770_G_T	G	T	8388	7217	8294	7217	0	0	NA	9	0	0	0
10	14417987	10_14417987_C_A	C	A	10059	8500	9981	8500	0	0	NA	3	0	0	0
10	16061503	10_16061503_C_T	C	T	9991	8742	9912	8742	0	0	NA	0	0	0	0
10	24138171	10_24138171_G_T	G	T	8534	7697	8472	7697	0	0	NA	2	0	0	0
10	24948160	10_24948160_T_A	T	A	9398	8223	9358	8223	0	0	NA	0	0	0	0
10	25317321	10_25317321_T_G	T	G	11025	9215	10938	9215	0	0	NA	0	0	0	0
10	25522643	10_25522643_G_T	G	T	9056	7810	9017	7810	0	0	NA	0	0	0	0
10	26545416	10_26545416_G_A	G	A	10649	8968	10534	8968	0	0	NA	0	0	0	0
10	29343941	10_29343941_A_C	A	C	8354	6994	8293	6994	0	0	NA	0	0	0	0
10	31556442	10_31556442_G_C	G	C	9292	7999	9241	7999	0	0	NA	1	0	0	0
10	38046657	10_38046657_C_T	C	T	9688	8114	9626	8114	0	0	NA	0	0	0	0
10	53843237	10_53843237_G_T	G	T	9861	8517	9793	8517	0	0	NA	2	0	0	0
10	55024022	10_55024022_G_A	G	A	10323	8671	10254	8671	0	0	NA	1	0	0	0
10	55473321	10_55473321_G_A	G	A	10195	8770	10107	8770	0	0	NA	3	0	0	0
10	56763511	10_56763511_C_T	C	T	9732	8093	9690	8093	0	0	NA	0	1	1	1
10	57754382	10_57754382_G_T	G	T	9902	8523	9851	8523	0	0	NA	0	0	0	0
10	62663093	10_62663093_G_T	G	T	9667	8255	9621	8255	0	0	NA	1	0	0	0
10	63331705	10_63331705_C_T	C	T	8742	7397	8643	7397	0	0	NA	0	0	0	0
10	68035235	10_68035235_T_A	T	A	10007	8729	9962	8729	0	0	NA	0	0	0	0
10	68416909	10_68416909_G_A	G	A	9665	8123	9575	8123	0	0	NA	1	0	0	0
10	69077527	10_69077527_G_T	G	T	9939	8234	9866	8234	0	0	NA	0	0	0	0
10	71429644	10_71429644_T_G	T	G	10421	8657	10340	8657	0	0	NA	0	0	0	0
10	72131084	10_72131084_G_A	G	A	8294	6938	8231	6938	0	0	NA	0	0	0	0
10	81241542	10_81241542_G_A	G	A	9733	8509	9672	8509	0	0	NA	1	0	0	0
10	82594727	10_82594727_A_C	A	C	8475	7741	8431	7741	0	0	NA	0	0	0	0
10	85193846	10_85193846_G_T	G	T	8532	7756	8479	7756	0	0	NA	2	0	0	0
10	87810181	10_87810181_T_A	T	A	9978	8803	9926	8803	0	0	NA	0	0	0	0
10	87823311	10_87823311_A_G	A	G	9988	8604	9928	8604	0	0	NA	1	0	0	0
10	93424358	10_93424358_C_T	C	T	10280	8747	10142	8705	50	42	NA	0	75	63	63
10	94101459	10_94101459_T_C	T	C	7351	6072	7316	6072	0	0	NA	0	0	0	0
10	94678677	10_94678677_G_A	G	A	10642	9374	10564	9374	0	0	NA	0	0	0	0
10	95748995	10_95748995_G_A	G	A	9754	8197	9671	8197	0	0	NA	0	0	0	0
10	100154034	10_100154034_G_C	G	C	9415	8046	9367	8046	0	0	NA	0	0	0	0
10	102200951	10_102200951_G_T	G	T	7927	6720	7842	6720	0	0	NA	3	0	0	0
10	106494875	10_106494875_G_T	G	T	9065	7757	8983	7757	0	0	NA	1	0	0	0
10	106625456	10_106625456_C_A	C	A	9654	8153	9567	8153	0	0	NA	1	0	0	0
10	108291468	10_108291468_T_A	T	A	9386	8465	9354	8465	0	0	NA	0	0	0	0
10	109948236	10_109948236_T_G	T	G	8436	7408	8371	7408	0	0	NA	0	0	0	0
10	113494153	10_113494153_T_G	T	G	10094	8633	10031	8633	0	0	NA	0	0	0	0
10	121869983	10_121869983_T_G	T	G	10145	8971	10084	8971	0	0	NA	0	0	0	0
10	124743678	10_124743678_C_T	C	T	9976	8288	9907	8288	0	0	NA	1	0	0	0
10	124903612	10_124903612_T_A	T	A	5671	4456	5621	4456	0	0	NA	0	0	0	0
10	125438183	10_125438183_T_A	T	A	9781	8236	9721	8236	0	0	NA	1	0	0	0
10	127890929	10_127890929_T_A	T	A	10062	8744	9996	8744	0	0	NA	0	0	0	0
10	130256853	10_130256853_C_T	C	T	10101	8370	9998	8369	0	0	NA	1	0	0	0
10	130937219	10_130937219_G_A	G	A	9309	7938	9257	7938	0	0	NA	0	0	0	0
10	131848051	10_131848051_T_C	T	C	8870	7655	8767	7655	0	0	NA	1	0	0	0
10	133195985	10_133195985_C_T	C	T	9877	8378	9812	8378	0	0	NA	2	0	0	0
10	133289533	10_133289533_A_T	A	T	9985	8384	9947	8384	1	0	NA	0	1	0	0
10	133944013	10_133944013_G_A	G	A	9706	8212	9666	8212	0	0	NA	0	0	0	0
10	133964886	10_133964886_C_A	C	A	10503	8618	10456	8618	0	0	NA	1	0	0	0
11	4793844	11_4793844_T_A	T	A	10222	7676	10164	7676	0	0	NA	0	0	0	0
11	8100683	11_8100683_C_T	C	T	9533	8323	9454	8323	0	0	NA	0	1	0	0
11	11648787	11_11648787_C_G	C	G	9755	8484	9657	8484	0	0	NA	0	0	0	0
11	15494507	11_15494507_T_A	T	A	10044	8498	9966	8498	0	0	NA	0	0	0	0
11	24056429	11_24056429_G_T	G	T	9945	8220	9839	8220	0	0	NA	1	2	1	1
11	26086694	11_26086694_T_C	T	C	9214	8038	9156	8038	0	0	NA	0	0	0	0
11	26106027	11_26106027_C_T	C	T	8823	7616	8750	7616	0	0	NA	1	0	0	0
11	28244960	11_28244960_G_T	G	T	10549	9107	10437	9107	0	0	NA	2	0	0	0
11	28609904	11_28609904_T_G	T	G	9433	8233	9362	8233	0	0	NA	2	0	0	0
11	31749071	11_31749071_G_T	G	T	10673	9466	10611	9466	0	0	NA	1	0	0	0
11	36444739	11_36444739_A_T	A	T	9747	8297	9628	8297	0	0	NA	0	0	0	0
11	41235731	11_41235731_G_A	G	A	9478	8196	9401	8196	0	0	NA	0	0	0	0
11	41949155	11_41949155_A_T	A	T	8739	7059	8672	7059	0	0	NA	0	0	0	0
11	41951275	11_41951275_T_A	T	A	9591	8235	9504	8235	0	0	NA	0	0	0	0
11	44995426	11_44995426_C_T	C	T	9926	8359	9851	8359	0	0	NA	1	0	0	0
11	55279524	11_55279524_C_T	C	T	9590	8504	9501	8504	0	0	NA	1	0	0	0
11	57661615	11_57661615_C_T	C	T	8858	7492	8799	7491	1	1	NA	0	1	1	1
11	60837130	11_60837130_T_A	T	A	9441	8109	9387	8109	0	0	NA	0	0	0	0
11	63183472	11_63183472_A_T	A	T	9836	8347	9784	8347	0	0	NA	0	0	0	0
11	69004147	11_69004147_T_A	T	A	9468	8553	9426	8553	0	0	NA	0	0	0	0
11	70455510	11_70455510_A_T	A	T	9308	7897	9257	7897	0	0	NA	0	0	0	0
11	70703063	11_70703063_G_A	G	A	9902	8365	9766	8331	41	34	NA	2	67	54	54
11	72004282	11_72004282_G_A	G	A	10101	8550	10050	8543	8	7	NA	0	14	13	13
11	72016143	11_72016143_C_T	C	T	9571	8157	9501	8157	0	0	NA	0	1	1	1
11	73070986	11_73070986_T_G	T	G	10089	8553	9992	8553	0	0	NA	1	0	0	0
11	73100448	11_73100448_A_G	A	G	9717	8160	9654	8160	0	0	NA	0	0	0	0
11	77392111	11_77392111_A_C	A	C	9733	8471	9693	8471	0	0	NA	0	0	0	0
11	78502691	11_78502691_T_C	T	C	10075	8700	10033	8700	0	0	NA	0	0	0	0
11	79001616	11_79001616_G_A	G	A	7645	6321	7535	6317	5	4	NA	4	10	7	7
11	81365175	11_81365175_C_G	C	G	10078	8826	10016	8826	0	0	NA	0	0	0	0
11	83678184	11_83678184_G_A	G	A	10023	8365	9927	8365	0	0	NA	0	0	0	0
11	84939043	11_84939043_A_T	A	T	10180	9054	10141	9054	0	0	NA	0	0	0	0
11	90925886	11_90925886_T_A	T	A	8968	7928	8932	7928	0	0	NA	0	0	0	0
11	91508846	11_91508846_G_T	G	T	8143	7095	8105	7095	1	0	NA	0	1	0	0
11	95568054	11_95568054_A_T	A	T	10365	9010	10333	9010	0	0	NA	0	0	0	0
11	98004478	11_98004478_G_A	G	A	9342	8066	9277	8066	0	0	NA	0	0	0	0
11	98426575	11_98426575_G_T	G	T	9169	7920	9072	7920	0	0	NA	1	0	0	0
11	102488648	11_102488648_A_T	A	T	9234	7965	9183	7965	0	0	NA	0	0	0	0
11	106098915	11_106098915_T_A	T	A	10234	8691	10215	8691	0	0	NA	0	0	0	0
11	112758456	11_112758456_C_A	C	A	10175	8606	10096	8606	0	0	NA	1	0	0	0
11	117570647	11_117570647_A_T	A	T	9595	8182	9537	8182	0	0	NA	0	0	0	0
11	118169959	11_118169959_A_G	A	G	9440	8019	9325	8014	5	5	NA	2	10	10	10
11	120070886	11_120070886_G_A	G	A	10378	8737	10305	8737	0	0	NA	1	0	0	0
11	120712788	11_120712788_G_T	G	T	8313	7416	8215	7416	0	0	NA	3	0	0	0
11	125398355	11_125398355_A_T	A	T	9272	7884	9173	7884	0	0	NA	1	0	0	0
11	126037792	11_126037792_G_T	G	T	9453	8108	9369	8108	0	0	NA	1	1	0	0
11	128006310	11_128006310_C_T	C	T	10319	8884	10230	8884	0	0	NA	1	0	0	0
11	128803253	11_128803253_G_A	G	A	10073	8485	10008	8485	0	0	NA	0	0	0	0
11	131927730	11_131927730_G_C	G	C	9513	7775	9453	7775	0	0	NA	0	0	0	0
11	132134494	11_132134494_T_C	T	C	8490	7174	8455	7174	0	0	NA	0	1	1	1
11	133260508	11_133260508_A_T	A	T	9247	8003	9183	8003	0	0	NA	0	0	0	0
12	3742862	12_3742862_A_C	A	C	8918	7359	8810	7359	0	0	NA	0	0	0	0
12	18784331	12_18784331_C_G	C	G	9389	8268	9340	8268	0	0	NA	0	0	0	0
12	20951511	12_20951511_C_A	C	A	9837	8334	9756	8334	0	0	NA	1	0	0	0
12	24320618	12_24320618_A_T	A	T	9929	8587	9832	8587	0	0	NA	0	0	0	0
12	25838698	12_25838698_T_A	T	A	10396	8749	10311	8749	0	0	NA	0	0	0	0
12	25911157	12_25911157_A_T	A	T	10139	8642	10077	8642	0	0	NA	1	0	0	0
12	39378161	12_39378161_A_T	A	T	9721	8322	9667	8322	0	0	NA	0	0	0	0
12	40330531	12_40330531_C_T	C	T	10490	8927	10405	8927	0	0	NA	1	0	0	0
12	46478883	12_46478883_C_A	C	A	9527	8069	9446	8069	0	0	NA	0	0	0	0
12	52534533	12_52534533_A_G	A	G	10374	8763	10286	8763	0	0	NA	0	0	0	0
12	60312690	12_60312690_T_A	T	A	9831	8661	9756	8661	0	0	NA	1	0	0	0
12	60630506	12_60630506_G_C	G	C	9617	8016	9550	8016	0	0	NA	0	0	0	0
12	65830523	12_65830523_T_C	T	C	8817	7954	8791	7954	0	0	NA	0	0	0	0
12	65964022	12_65964022_G_A	G	A	9590	8445	9533	8445	0	0	NA	0	0	0	0
12	68026512	12_68026512_T_A	T	A	9575	8503	9518	8503	0	0	NA	0	0	0	0
12	68532981	12_68532981_A_T	A	T	10133	8832	10076	8832	0	0	NA	0	0	0	0
12	79088670	12_79088670_T_A	T	A	9320	8154	9239	8154	0	0	NA	2	0	0	0
12	79101304	12_79101304_G_A	G	A	9894	8502	9796	8500	2	2	NA	5	5	4	4
12	83289119	12_83289119_T_A	T	A	10156	8529	10023	8529	0	0	NA	0	0	0	0
12	83411651	12_83411651_T_A	T	A	6885	5424	6862	5424	0	0	NA	0	0	0	0
12	84669478	12_84669478_G_T	G	T	9459	8334	9367	8334	0	0	NA	0	0	0	0
12	84728376	12_84728376_C_T	C	T	9191	7939	9113	7939	0	0	NA	1	0	0	0
12	96218280	12_96218280_A_G	A	G	10196	8661	10118	8661	0	0	NA	0	0	0	0
12	98360861	12_98360861_C_A	C	A	9997	8577	9898	8577	0	0	NA	1	0	0	0
12	99318719	12_99318719_T_C	T	C	9610	8315	9556	8315	0	0	NA	0	0	0	0
12	101290761	12_101290761_C_T	C	T	9345	8097	9291	8097	0	0	NA	0	0	0	0
12	103262819	12_103262819_G_T	G	T	10129	8700	10059	8700	0	0	NA	1	0	0	0
12	106600266	12_106600266_A_G	A	G	10344	8591	10264	8591	0	0	NA	3	0	0	0
12	109835693	12_109835693_T_A	T	A	9143	7563	9088	7563	0	0	NA	0	0	0	0
12	112318780	12_112318780_C_A	C	A	9525	8139	9405	8139	0	0	NA	4	1	0	0
12	114946942	12_114946942_T_A	T	A	8833	7562	8796	7562	0	0	NA	0	0	0	0
12	125709872	12_125709872_T_C	T	C	9970	8239	9903	8239	0	0	NA	0	0	0	0
12	127198294	12_127198294_A_G	A	G	9906	8229	9830	8229	0	0	NA	0	0	0	0
12	128074502	12_128074502_G_C	G	C	9880	8225	9758	8225	0	0	NA	0	0	0	0
12	129048682	12_129048682_C_T	C	T	9839	8321	9772	8321	0	0	NA	2	1	1	1
12	132610460	12_132610460_T_A	T	A	9489	7936	9431	7936	0	0	NA	0	0	0	0
13	21499508	13_21499508_A_G	A	G	9330	8201	9278	8201	0	0	NA	2	1	0	0
13	25761981	13_25761981_C_A	C	A	10423	8785	10318	8785	0	0	NA	0	0	0	0
13	34263633	13_34263633_C_A	C	A	9953	8508	9880	8508	0	0	NA	0	1	0	0
13	34404843	13_34404843_A_T	A	T	9175	8087	9124	8087	0	0	NA	0	0	0	0
13	41024020	13_41024020_A_C	A	C	9646	8173	9602	8173	0	0	NA	0	0	0	0
13	42552286	13_42552286_T_A	T	A	9797	8367	9699	8367	0	0	NA	0	0	0	0
13	43593059	13_43593059_T_A	T	A	6224	5088	6196	5088	0	0	NA	0	0	0	0
13	45518004	13_45518004_C_G	C	G	9379	8336	9246	8336	0	0	NA	0	0	0	0
13	46595357	13_46595357_C_A	C	A	9505	8213	9409	8213	0	0	NA	1	0	0	0
13	49437672	13_49437672_T_A	T	A	10734	9003	10659	9003	0	0	NA	0	0	0	0
13	58333030	13_58333030_G_A	G	A	10825	9291	10731	9291	0	0	NA	0	1	0	0
13	62156266	13_62156266_G_A	G	A	9638	8621	9574	8621	0	0	NA	1	0	0	0
13	65474989	13_65474989_G_T	G	T	10265	8683	10209	8683	0	0	NA	1	0	0	0
13	69983076	13_69983076_G_T	G	T	9773	8590	9727	8590	0	0	NA	1	0	0	0
13	73335137	13_73335137_C_T	C	T	8643	7393	8547	7393	0	0	NA	0	0	0	0
13	73484689	13_73484689_T_A	T	A	8867	8043	8818	8043	0	0	NA	0	0	0	0
13	73634487	13_73634487_G_T	G	T	7477	6229	7427	6229	0	0	NA	1	0	0	0
13	76903273	13_76903273_C_T	C	T	9981	8543	9919	8542	1	1	NA	0	1	1	1
13	86310442	13_86310442_A_G	A	G	9084	7915	9039	7915	0	0	NA	1	0	0	0
13	89842860	13_89842860_C_A	C	A	9350	8207	9261	8207	0	0	NA	1	1	1	1
13	90619938	13_90619938_C_A	C	A	9960	8590	9889	8590	0	0	NA	3	0	0	0
13	91057150	13_91057150_G_C	G	C	9950	8406	9884	8406	0	0	NA	0	1	1	1
13	96536926	13_96536926_C_T	C	T	9748	8251	9634	8251	0	0	NA	4	0	0	0
13	97505148	13_97505148_G_A	G	A	10104	8664	10006	8664	0	0	NA	0	0	0	0
13	98413158	13_98413158_C_A	C	A	7650	6486	7578	6486	0	0	NA	1	0	0	0
13	102444969	13_102444969_G_A	G	A	10051	8386	9962	8386	0	0	NA	0	0	0	0
13	104068235	13_104068235_T_C	T	C	9845	9012	9788	9012	0	0	NA	2	0	0	0
13	105494347	13_105494347_A_C	A	C	10015	8739	9934	8739	0	0	NA	0	0	0	0
13	106581864	13_106581864_C_A	C	A	9588	8050	9486	8050	0	0	NA	2	0	0	0
13	107928791	13_107928791_T_C	T	C	9436	8011	9379	8011	0	0	NA	0	0	0	0
13	108361856	13_108361856_A_C	A	C	10212	8535	10117	8535	0	0	NA	0	0	0	0
13	109475896	13_109475896_A_G	A	G	9321	8435	9269	8435	0	0	NA	0	0	0	0
13	110463100	13_110463100_A_T	A	T	9982	8337	9892	8337	0	0	NA	0	0	0	0
13	112182630	13_112182630_G_A	G	A	8580	7344	8531	7344	0	0	NA	0	0	0	0
14	22770612	14_22770612_T_C	T	C	7441	6463	7397	6463	0	0	NA	0	0	0	0
14	23050146	14_23050146_A_C	A	C	8593	7956	8569	7955	1	1	NA	0	1	1	1
14	28817282	14_28817282_T_C	T	C	8841	7524	4398	3851	4369	3673	NA	5	7398	6316	6316
14	29023500	14_29023500_C_T	C	T	9099	7957	9031	7957	0	0	NA	0	0	0	0
14	30908049	14_30908049_C_A	C	A	8998	4118	8921	4118	0	0	NA	0	0	0	0
14	32050182	14_32050182_C_G	C	G	9874	8679	9798	8679	0	0	NA	0	0	0	0
14	36033591	14_36033591_T_A	T	A	9483	8054	9444	8054	0	0	NA	0	0	0	0
14	43028525	14_43028525_C_T	C	T	9648	8109	9587	8108	2	1	NA	2	3	2	2
14	45093410	14_45093410_A_T	A	T	9552	8106	9497	8106	0	0	NA	0	0	0	0
14	46510275	14_46510275_T_A	T	A	9450	8162	9389	8162	0	0	NA	0	0	0	0
14	58047887	14_58047887_T_A	T	A	7876	6265	7807	6265	0	0	NA	0	0	0	0
14	62676310	14_62676310_G_A	G	A	9393	8006	9310	8006	0	0	NA	0	0	0	0
14	72708995	14_72708995_A_G	A	G	9471	8000	9424	8000	0	0	NA	1	0	0	0
14	74874621	14_74874621_T_A	T	A	9513	8028	9415	8028	0	0	NA	0	0	0	0
14	76470877	14_76470877_G_T	G	T	9560	8024	9477	8024	0	0	NA	0	0	0	0
14	79214332	14_79214332_A_G	A	G	8529	7567	8403	7491	86	76	NA	3	148	131	131
14	84762843	14_84762843_C_T	C	T	10261	8769	10173	8769	0	0	NA	0	1	0	0
14	85285632	14_85285632_T_A	T	A	10229	8768	10166	8768	0	0	NA	0	0	0	0
14	88622703	14_88622703_C_A	C	A	10343	8883	10222	8883	0	0	NA	0	0	0	0
14	89082429	14_89082429_T_G	T	G	9231	8135	9193	8135	0	0	NA	0	0	0	0
14	91569712	14_91569712_C_T	C	T	10447	8803	10359	8803	0	0	NA	0	0	0	0
14	96358612	14_96358612_T_A	T	A	9906	8464	9821	8464	0	0	NA	0	0	0	0
14	97724989	14_97724989_G_T	G	T	9290	8221	9241	8221	0	0	NA	0	0	0	0
14	97804357	14_97804357_C_A	C	A	9661	8433	9601	8433	0	0	NA	1	0	0	0
14	104408327	14_104408327_C_A	C	A	9929	8662	9833	8662	0	0	NA	2	0	0	0
14	104765025	14_104765025_G_A	G	A	10552	8713	10470	8713	0	0	NA	1	0	0	0
15	22858120	15_22858120_A_G	A	G	13738	11543	13612	11543	0	0	NA	1	0	0	0
15	26752461	15_26752461_A_T	A	T	8525	7290	8477	7290	0	0	NA	0	0	0	0
15	28158810	15_28158810_A_G	A	G	7546	6505	7504	6505	0	0	NA	0	0	0	0
15	29969534	15_29969534_C_T	C	T	10158	8516	10080	8503	13	13	NA	0	21	20	20
15	31783035	15_31783035_A_T	A	T	9244	8033	9191	8033	0	0	NA	1	0	0	0
15	32036536	15_32036536_G_T	G	T	9580	8478	9504	8478	0	0	NA	0	0	0	0
15	33103213	15_33103213_G_A	G	A	9988	8356	9909	8356	0	0	NA	3	0	0	0
15	37885402	15_37885402_A_G	A	G	9440	8176	9353	8176	0	0	NA	0	0	0	0
15	39565566	15_39565566_A_T	A	T	8509	7844	8475	7844	0	0	NA	0	0	0	0
15	41088812	15_41088812_G_T	G	T	9284	8136	9225	8136	0	0	NA	1	0	0	0
15	45241154	15_45241154_T_A	T	A	5885	3578	5851	3578	0	0	NA	2	0	0	0
15	48068914	15_48068914_G_A	G	A	8645	6956	8573	6956	0	0	NA	0	0	0	0
15	48407824	15_48407824_T_A	T	A	7273	6394	7207	6394	0	0	NA	1	0	0	0
15	49467793	15_49467793_G_A	G	A	9148	7731	9058	7731	0	0	NA	0	0	0	0
15	53338338	15_53338338_G_A	G	A	10315	8794	9965	8550	300	244	NA	2	498	404	404
15	60408388	15_60408388_T_G	T	G	9542	8166	9510	8166	0	0	NA	0	0	0	0
15	60615151	15_60615151_A_T	A	T	9692	8261	9640	8261	0	0	NA	0	0	0	0
15	61644448	15_61644448_G_T	G	T	9547	8250	9463	8250	0	0	NA	0	0	0	0
15	64019559	15_64019559_C_T	C	T	9924	8743	9872	8743	0	0	NA	0	0	0	0
15	67188421	15_67188421_G_T	G	T	10005	8387	9933	8387	0	0	NA	2	0	0	0
15	69098818	15_69098818_C_A	C	A	10326	8581	10246	8581	0	0	NA	0	0	0	0
15	70523961	15_70523961_G_A	G	A	9751	8476	9650	8476	0	0	NA	0	0	0	0
15	71501335	15_71501335_T_G	T	G	9616	8407	9565	8407	0	0	NA	3	0	0	0
15	74881185	15_74881185_G_T	G	T	8711	7456	8669	7456	0	0	NA	0	0	0	0
15	88689474	15_88689474_G_A	G	A	10181	8749	10119	8749	0	0	NA	1	0	0	0
15	88922595	15_88922595_A_T	A	T	8753	7750	8700	7736	14	14	NA	0	20	19	19
15	101603259	15_101603259_T_A	T	A	9967	8546	9892	8546	0	0	NA	0	0	0	0
16	3624636	16_3624636_T_A	T	A	9803	8322	9743	8322	0	0	NA	0	0	0	0
16	5602258	16_5602258_T_G	T	G	9689	8181	9611	8181	0	0	NA	0	0	0	0
16	6215425	16_6215425_T_C	T	C	9824	8152	9750	8152	0	0	NA	0	0	0	0
16	10909396	16_10909396_A_C	A	C	9985	8432	9918	8432	0	0	NA	0	0	0	0
16	13242048	16_13242048_C_A	C	A	11069	9194	11002	9194	0	0	NA	0	0	0	0
16	19407794	16_19407794_C_G	C	G	10063	8586	9983	8586	0	0	NA	0	0	0	0
16	24619266	16_24619266_G_T	G	T	9467	8004	9395	8004	0	0	NA	1	0	0	0
16	30054068	16_30054068_A_T	A	T	9100	7586	9037	7586	0	0	NA	0	0	0	0
16	50612873	16_50612873_G_T	G	T	9727	8444	9658	8444	0	0	NA	0	0	0	0
16	55475288	16_55475288_T_A	T	A	9985	8159	9921	8159	0	0	NA	0	0	0	0
16	56540200	16_56540200_G_T	G	T	9528	8301	9445	8301	0	0	NA	3	0	0	0
16	57530683	16_57530683_T_G	T	G	9883	8386	9811	8386	0	0	NA	0	0	0	0
16	58895056	16_58895056_A_T	A	T	9585	8488	9538	8488	0	0	NA	1	0	0	0
16	60690430	16_60690430_T_C	T	C	10106	8647	10043	8646	1	1	NA	0	3	3	3
16	61361900	16_61361900_A_T	A	T	9581	8555	9500	8555	0	0	NA	0	0	0	0
16	63229818	16_63229818_T_A	T	A	8455	7593	8393	7593	0	0	NA	0	0	0	0
16	63729241	16_63729241_A_T	A	T	10299	8873	10222	8873	0	0	NA	0	0	0	0
16	68663588	16_68663588_T_C	T	C	8985	7689	8851	7689	0	0	NA	2	1	0	0
16	76992978	16_76992978_C_T	C	T	9540	8272	9458	8272	0	0	NA	0	0	0	0
16	77709051	16_77709051_A_C	A	C	9397	7783	9348	7783	0	0	NA	1	0	0	0
16	78944297	16_78944297_T_G	T	G	9070	7268	9020	7268	0	0	NA	0	0	0	0
16	81626754	16_81626754_G_T	G	T	8966	7431	8914	7431	0	0	NA	1	1	1	1
16	82557561	16_82557561_G_T	G	T	10042	8554	9947	8554	0	0	NA	1	0	0	0
16	89555300	16_89555300_A_G	A	G	9838	8618	9793	8618	0	0	NA	0	0	0	0
17	1489676	17_1489676_C_T	C	T	8706	6993	8642	6993	0	0	NA	0	0	0	0
17	7753502	17_7753502_A_C	A	C	9182	7649	9089	7649	0	0	NA	3	0	0	0
17	12408633	17_12408633_G_T	G	T	9258	8180	9170	8180	0	0	NA	0	1	1	1
17	13013374	17_13013374_A_T	A	T	9737	8431	9689	8431	0	0	NA	0	0	0	0
17	14152412	17_14152412_G_A	G	A	10234	8938	10135	8938	0	0	NA	3	0	0	0
17	15018430	17_15018430_G_T	G	T	8114	6801	8034	6801	0	0	NA	2	0	0	0
17	28490414	17_28490414_A_T	A	T	8530	7142	8466	7142	0	0	NA	0	0	0	0
17	29839711	17_29839711_C_A	C	A	9404	7308	9328	7308	0	0	NA	2	0	0	0
17	32590803	17_32590803_C_T	C	T	9932	8418	9864	8418	0	0	NA	1	0	0	0
17	39161591	17_39161591_G_A	G	A	9238	7806	9181	7806	0	0	NA	0	0	0	0
17	42950807	17_42950807_T_A	T	A	9604	8063	9552	8063	0	0	NA	0	0	0	0
17	44826746	17_44826746_C_A	C	A	10495	9121	10402	9121	0	0	NA	0	0	0	0
17	45445217	17_45445217_A_C	A	C	9782	8130	9706	8130	0	0	NA	0	0	0	0
17	47272209	17_47272209_C_T	C	T	9207	7758	9123	7758	0	0	NA	0	0	0	0
17	47448612	17_47448612_T_A	T	A	8402	6896	8340	6896	0	0	NA	0	0	0	0
17	48289259	17_48289259_C_T	C	T	10245	8501	10197	8501	0	0	NA	0	0	0	0
17	50017286	17_50017286_A_T	A	T	9439	8646	9366	8646	0	0	NA	0	0	0	0
17	51729284	17_51729284_C_T	C	T	9817	8751	9690	8713	44	38	NA	1	83	74	74
17	55792451	17_55792451_A_T	A	T	8805	7314	8761	7314	0	0	NA	1	0	0	0
17	63117045	17_63117045_G_T	G	T	9628	7369	9555	7369	0	0	NA	1	0	0	0
17	63764695	17_63764695_C_A	C	A	9380	6048	9309	6048	0	0	NA	1	0	0	0
17	67561216	17_67561216_A_T	A	T	9310	8077	9259	8077	0	0	NA	0	0	0	0
17	71602972	17_71602972_T_G	T	G	9571	8056	9439	8056	0	0	NA	1	0	0	0
17	77132167	17_77132167_G_A	G	A	9399	7963	9269	7963	0	0	NA	3	1	1	1
17	77133481	17_77133481_T_A	T	A	9422	7566	9344	7566	0	0	NA	0	0	0	0
18	878969	18_878969_T_A	T	A	10143	8617	10075	8617	0	0	NA	0	0	0	0
18	2456890	18_2456890_G_C	G	C	9407	8363	9329	8363	0	0	NA	0	0	0	0
18	3546129	18_3546129_A_T	A	T	9590	8285	9539	8285	0	0	NA	0	0	0	0
18	7976731	18_7976731_G_T	G	T	9508	8412	9450	8412	0	0	NA	0	0	0	0
18	8847829	18_8847829_T_A	T	A	9119	7531	9078	7531	0	0	NA	0	0	0	0
18	9900375	18_9900375_A_G	A	G	10306	8753	10241	8753	0	0	NA	0	0	0	0
18	11754490	18_11754490_C_T	C	T	8611	7195	8530	7195	0	0	NA	1	1	0	0
18	11896772	18_11896772_G_A	G	A	9477	8154	9413	8154	0	0	NA	3	1	0	0
18	12828747	18_12828747_C_G	C	G	9137	7735	9043	7735	0	0	NA	0	0	0	0
18	23501611	18_23501611_C_A	C	A	8125	6780	8045	6780	0	0	NA	0	0	0	0
18	25282191	18_25282191_G_A	G	A	9188	7740	9127	7740	0	0	NA	0	0	0	0
18	25730426	18_25730426_C_T	C	T	9567	8126	9436	8126	0	0	NA	0	0	0	0
18	27251614	18_27251614_T_A	T	A	9667	7863	9574	7863	0	0	NA	0	0	0	0
18	28107434	18_28107434_G_T	G	T	9936	8550	9857	8550	0	0	NA	2	1	0	0
18	28414206	18_28414206_G_T	G	T	8738	7711	8625	7711	0	0	NA	2	0	0	0
18	31430892	18_31430892_T_C	T	C	8635	7840	8587	7840	0	0	NA	0	0	0	0
18	35623279	18_35623279_T_A	T	A	9062	7836	8989	7836	0	0	NA	1	0	0	0
18	38687643	18_38687643_T_C	T	C	8712	7848	8677	7848	0	0	NA	0	0	0	0
18	41339221	18_41339221_C_A	C	A	9539	8197	9491	8197	0	0	NA	1	0	0	0
18	41403226	18_41403226_T_C	T	C	9436	8037	9377	8037	0	0	NA	0	0	0	0
18	41483290	18_41483290_G_A	G	A	9636	8228	9539	8228	0	0	NA	0	0	0	0
18	44841391	18_44841391_C_G	C	G	10111	8451	9984	8451	0	0	NA	0	0	0	0
18	47520991	18_47520991_A_T	A	T	9753	8200	9703	8200	0	0	NA	1	0	0	0
18	47923683	18_47923683_G_T	G	T	10129	8485	10013	8485	0	0	NA	2	0	0	0
18	49318525	18_49318525_G_T	G	T	10242	8820	10143	8820	0	0	NA	0	0	0	0
18	57327324	18_57327324_T_G	T	G	9314	7823	9263	7823	0	0	NA	0	0	0	0
18	57847663	18_57847663_C_T	C	T	9699	8512	9611	8512	0	0	NA	1	0	0	0
18	59096019	18_59096019_T_A	T	A	9059	7552	9010	7552	0	0	NA	0	0	0	0
18	60021357	18_60021357_C_A	C	A	8047	6425	7981	6425	0	0	NA	0	0	0	0
18	61908146	18_61908146_T_A	T	A	10803	8934	10692	8918	18	16	NA	1	34	31	31
18	63523689	18_63523689_G_T	G	T	10854	9424	10780	9424	0	0	NA	1	0	0	0
18	71021287	18_71021287_G_T	G	T	9878	8635	9760	8635	0	0	NA	1	0	0	0
18	71390129	18_71390129_C_A	C	A	9530	8277	9456	8277	0	0	NA	1	0	0	0
18	71750133	18_71750133_G_C	G	C	9523	7908	9460	7908	0	0	NA	0	0	0	0
18	75088188	18_75088188_T_G	T	G	9306	7758	9250	7758	0	0	NA	0	0	0	0
18	75556383	18_75556383_G_C	G	C	9521	8333	9465	8333	0	0	NA	0	0	0	0
18	76104413	18_76104413_T_G	T	G	9481	8085	9439	8085	0	0	NA	0	0	0	0
19	6778607	19_6778607_G_T	G	T	9319	7563	9264	7563	0	0	NA	1	0	0	0
19	15561216	19_15561216_A_C	A	C	10642	8584	10414	8584	0	0	NA	0	0	0	0
19	20235401	19_20235401_T_C	T	C	10351	8700	10285	8699	1	1	NA	0	1	1	1
19	29883623	19_29883623_G_A	G	A	9355	7864	9279	7864	0	0	NA	0	0	0	0
19	30068287	19_30068287_T_A	T	A	9622	8067	9563	8067	0	0	NA	0	0	0	0
19	30652296	19_30652296_C_T	C	T	10118	8613	10050	8611	2	2	NA	0	4	4	4
19	31342599	19_31342599_G_C	G	C	9692	8118	9611	8118	0	0	NA	0	0	0	0
19	31614858	19_31614858_A_T	A	T	9352	7929	9280	7929	0	0	NA	0	0	0	0
19	32324080	19_32324080_T_G	T	G	9911	8493	9858	8493	0	0	NA	2	0	0	0
19	36532561	19_36532561_C_G	C	G	9451	7976	9361	7976	0	0	NA	1	1	1	1
19	39360084	19_39360084_T_C	T	C	7877	6526	7816	6526	0	0	NA	0	1	0	0
19	41780804	19_41780804_T_G	T	G	9745	8135	9650	8135	0	0	NA	0	0	0	0
19	47488012	19_47488012_T_G	T	G	9682	8180	9618	8180	0	0	NA	3	0	0	0
19	56481232	19_56481232_A_G	A	G	9284	7965	9244	7965	0	0	NA	1	0	0	0
19	57325191	19_57325191_C_A	C	A	9170	7614	9083	7614	0	0	NA	0	0	0	0
20	1389953	20_1389953_G_A	G	A	4877	2530	4854	2530	0	0	NA	1	0	0	0
20	2228551	20_2228551_T_A	T	A	10048	8459	10006	8459	0	0	NA	0	0	0	0
20	11150152	20_11150152_T_G	T	G	9976	8435	9895	8435	0	0	NA	1	1	0	0
20	12548257	20_12548257_G_A	G	A	9951	8494	9871	8494	0	0	NA	0	1	1	1
20	13090601	20_13090601_A_T	A	T	8880	7827	8824	7827	0	0	NA	0	0	0	0
20	15834853	20_15834853_T_A	T	A	9347	8059	9287	8059	0	0	NA	0	0	0	0
20	16799171	20_16799171_G_A	G	A	10318	9100	10256	9100	0	0	NA	0	0	0	0
20	23224625	20_23224625_A_T	A	T	9565	8048	9514	8048	0	0	NA	0	1	0	0
20	24996995	20_24996995_T_A	T	A	9684	8453	9614	8453	0	0	NA	0	0	0	0
20	34048546	20_34048546_T_A	T	A	9930	8433	9884	8433	0	0	NA	0	0	0	0
20	46905054	20_46905054_T_A	T	A	9594	8176	9523	8176	0	0	NA	0	0	0	0
20	48163937	20_48163937_A_T	A	T	9495	8154	9453	8154	0	0	NA	0	0	0	0
20	48416418	20_48416418_G_A	G	A	9678	8010	9607	8010	0	0	NA	2	0	0	0
20	51273457	20_51273457_A_T	A	T	9692	8124	9605	8124	0	0	NA	0	0	0	0
20	52961676	20_52961676_T_G	T	G	8820	7859	8777	7859	0	0	NA	0	0	0	0
20	54098328	20_54098328_A_C	A	C	10129	8731	10076	8731	0	0	NA	1	0	0	0
20	57718307	20_57718307_A_T	A	T	9234	7867	9196	7867	0	0	NA	0	0	0	0
20	59204377	20_59204377_G_C	G	C	9794	8358	9722	8358	0	0	NA	0	0	0	0
20	59416511	20_59416511_T_C	T	C	10224	9019	10202	9019	0	0	NA	0	0	0	0
20	61063722	20_61063722_G_C	G	C	9825	8324	9789	8324	0	0	NA	0	0	0	0
20	62532295	20_62532295_T_A	T	A	9758	8337	9705	8337	0	0	NA	0	0	0	0
21	15520342	21_15520342_T_C	T	C	9068	8059	9007	8059	0	0	NA	0	0	0	0
21	16269192	21_16269192_T_A	T	A	9654	8528	9570	8528	0	0	NA	0	0	0	0
21	20112716	21_20112716_T_C	T	C	9666	8504	9592	8504	0	0	NA	0	0	0	0
21	22121656	21_22121656_G_T	G	T	8937	7310	8872	7310	0	0	NA	0	0	0	0
21	30599322	21_30599322_T_A	T	A	9933	8354	9844	8354	0	0	NA	2	0	0	0
21	31524485	21_31524485_A_T	A	T	10606	9058	10541	9058	0	0	NA	0	0	0	0
21	33899042	21_33899042_G_A	G	A	9757	8248	9640	8210	46	38	NA	1	88	72	72
21	37027275	21_37027275_T_C	T	C	10004	8448	9928	8448	0	0	NA	0	0	0	0
21	37871342	21_37871342_C_T	C	T	9289	7760	9213	7760	0	0	NA	1	0	0	0
21	37934057	21_37934057_C_T	C	T	9619	5990	9574	5990	0	0	NA	1	0	0	0
21	38058067	21_38058067_A_T	A	T	10216	9030	10179	9030	0	0	NA	0	0	0	0
21	38781557	21_38781557_G_A	G	A	9801	8520	9701	8520	0	0	NA	1	0	0	0
21	41636120	21_41636120_A_C	A	C	9185	8067	9133	8058	9	9	NA	0	15	14	14
21	44087851	21_44087851_T_A	T	A	9462	7778	9372	7778	0	0	NA	0	0	0	0
22	21207887	22_21207887_T_A	T	A	9545	8224	9476	8224	0	0	NA	0	0	0	0
22	25528295	22_25528295_T_C	T	C	9146	7655	9081	7655	0	0	NA	0	0	0	0
22	26941022	22_26941022_A_C	A	C	10006	8383	9898	8383	0	0	NA	0	0	0	0
22	27205418	22_27205418_C_A	C	A	9208	7630	9142	7630	0	0	NA	2	0	0	0
22	27681104	22_27681104_G_A	G	A	10403	8992	10324	8992	0	0	NA	1	0	0	0
22	29374459	22_29374459_G_A	G	A	9802	8458	9743	8458	0	0	NA	0	0	0	0
22	44399015	22_44399015_T_A	T	A	9586	8164	9542	8164	0	0	NA	0	0	0	0
22	44752042	22_44752042_C_T	C	T	9018	7623	8930	7623	0	0	NA	0	0	0	0
22	46383035	22_46383035_A_C	A	C	9358	7935	9303	7935	0	0	NA	0	0	0	0
22	47586575	22_47586575_G_T	G	T	9786	8082	9704	8082	0	0	NA	0	0	0	0
22	49062708	22_49062708_C_A	C	A	8986	7466	8913	7466	0	0	NA	2	0	0	0
X	5503975	X_5503975_T_C	T	C	9681	7745	9629	7745	0	0	NA	1	0	0	0
X	6467608	X_6467608_T_C	T	C	10318	8667	10224	8667	0	0	NA	0	0	0	0
X	10039106	X_10039106_C_G	C	G	10437	8721	10350	8721	0	0	NA	1	0	0	0
X	12277855	X_12277855_G_A	G	A	10056	8464	9948	8449	17	15	NA	0	25	22	22
X	12539737	X_12539737_C_T	C	T	10119	8785	10040	8785	0	0	NA	1	1	1	1
X	12800729	X_12800729_G_A	G	A	9738	8246	9675	8245	1	1	NA	0	4	4	4
X	14163235	X_14163235_G_A	G	A	9396	8411	9326	8411	0	0	NA	1	0	0	0
X	25054337	X_25054337_G_A	G	A	10608	9039	10545	9039	0	0	NA	1	0	0	0
X	25501371	X_25501371_C_G	C	G	9860	8530	9795	8530	0	0	NA	0	0	0	0
X	26626767	X_26626767_C_T	C	T	9239	8101	9189	8101	0	0	NA	0	1	1	1
X	27231064	X_27231064_T_A	T	A	9118	7976	9053	7976	0	0	NA	0	0	0	0
X	31897848	X_31897848_A_C	A	C	9706	8270	9633	8270	0	0	NA	1	0	0	0
X	34552399	X_34552399_A_T	A	T	9645	8758	9596	8758	0	0	NA	1	0	0	0
X	35173407	X_35173407_A_G	A	G	10670	9430	10617	9430	0	0	NA	0	0	0	0
X	35581457	X_35581457_T_A	T	A	10183	8699	10132	8699	0	0	NA	1	0	0	0
X	38188625	X_38188625_G_T	G	T	9710	8087	9641	8087	0	0	NA	0	0	0	0
X	39101985	X_39101985_A_C	A	C	9802	8488	9749	8488	0	0	NA	0	0	0	0
X	43082080	X_43082080_C_T	C	T	9238	8288	9146	8288	0	0	NA	1	0	0	0
X	44855386	X_44855386_A_G	A	G	9681	8534	9631	8534	0	0	NA	0	0	0	0
X	53438036	X_53438036_C_G	C	G	8766	7431	8730	7431	0	0	NA	0	0	0	0
X	56628434	X_56628434_C_A	C	A	9567	8169	9502	8169	0	0	NA	0	0	0	0
X	57971396	X_57971396_T_A	T	A	5451	4313	5426	4313	0	0	NA	0	0	0	0
X	72865893	X_72865893_T_A	T	A	9132	8067	9069	8067	0	0	NA	0	0	0	0
X	84696987	X_84696987_G_A	G	A	9909	8574	9817	8574	0	0	NA	1	0	0	0
X	86677961	X_86677961_C_T	C	T	9282	7887	9203	7887	0	0	NA	0	0	0	0
X	87107744	X_87107744_G_T	G	T	9899	8721	9821	8721	0	0	NA	0	0	0	0
X	87511287	X_87511287_G_T	G	T	8091	7215	8030	7215	0	0	NA	1	0	0	0
X	93501207	X_93501207_T_C	T	C	9913	8413	9834	8413	0	0	NA	2	0	0	0
X	95098985	X_95098985_G_A	G	A	9963	8475	9862	8475	0	0	NA	2	0	0	0
X	96824861	X_96824861_G_A	G	A	9107	8399	9040	8399	0	0	NA	1	0	0	0
X	101158104	X_101158104_A_T	A	T	9563	8676	9523	8676	0	0	NA	0	0	0	0
X	107186169	X_107186169_T_A	T	A	10485	8972	10440	8972	0	0	NA	0	0	0	0
X	111987467	X_111987467_G_A	G	A	10414	8989	10331	8989	0	0	NA	0	0	0	0
X	112374589	X_112374589_A_T	A	T	9906	8533	9851	8533	0	0	NA	0	0	0	0
X	116191224	X_116191224_A_G	A	G	9930	8584	9856	8584	0	0	NA	0	0	0	0
X	117731069	X_117731069_C_T	C	T	9200	7786	9100	7786	0	0	NA	2	0	0	0
X	123909438	X_123909438_G_T	G	T	10702	9292	10627	9292	0	0	NA	1	0	0	0
X	125406222	X_125406222_C_A	C	A	10322	9015	10263	9015	0	0	NA	0	0	0	0
X	125815318	X_125815318_C_T	C	T	9549	8387	9456	8384	3	3	NA	0	5	5	5
X	128585382	X_128585382_G_T	G	T	9483	8253	9426	8253	0	0	NA	2	0	0	0
X	128678299	X_128678299_T_A	T	A	10093	8573	10020	8573	0	0	NA	0	0	0	0
X	129050434	X_129050434_T_A	T	A	10320	8878	10281	8878	0	0	NA	0	0	0	0
X	129788759	X_129788759_G_T	G	T	9397	7988	9314	7988	0	0	NA	1	0	0	0
X	134702897	X_134702897_A_T	A	T	9370	8227	9310	8227	0	0	NA	0	0	0	0
X	138238771	X_138238771_C_G	C	G	10132	8698	10057	8698	0	0	NA	0	0	0	0
X	138542559	X_138542559_C_T	C	T	9677	8313	9598	8313	0	0	NA	0	1	1	1
X	141415646	X_141415646_C_T	C	T	9698	8170	9565	8170	0	0	NA	2	0	0	0
X	144478303	X_144478303_G_C	G	C	10262	8572	10171	8572	0	0	NA	0	0	0	0
X	144784785	X_144784785_T_C	T	C	9496	8255	9430	8255	0	0	NA	0	0	0	0
X	144839756	X_144839756_A_T	A	T	9958	8554	9891	8554	0	0	NA	0	0	0	0
X	146869939	X_146869939_G_C	G	C	9820	8277	9760	8277	0	0	NA	0	0	0	0
X	146871364	X_146871364_T_A	T	A	9249	8123	9184	8123	0	0	NA	0	0	0	0
