contig	position	id	ref_allele	alt_allele	depth	depth_pass	n_ref_total	n_ref_pass	n_alt_total	n_alt_pass	seen_in_norm	n_alt_dsc_suppressed	n_alt_ssc_total	n_alt_ssc_pass	n_alt_ssc_only
1	3513487	1_3513487_C_A	C	A	8372	7492	8335	7492	0	0	NA	1	1	0	0
1	4482111	1_4482111_G_A	G	A	8369	7736	8317	7736	0	0	NA	1	0	0	0
1	7056718	1_7056718_G_A	G	A	6851	4393	6784	4393	0	0	NA	2	0	0	0
1	7157797	1_7157797_T_A	T	A	9470	8166	9398	8166	0	0	NA	0	0	0	0
1	11229157	1_11229157_T_A	T	A	7893	7464	7870	7464	0	0	NA	1	0	0	0
1	11694367	1_11694367_C_T	C	T	8348	7507	8283	7507	0	0	NA	3	0	0	0
1	12505557	1_12505557_G_A	G	A	8487	7858	8362	7778	90	80	NA	0	144	133	133
1	12763029	1_12763029_G_T	G	T	7083	6259	7043	6259	0	0	NA	1	0	0	0
1	13810306	1_13810306_G_A	G	A	6465	5564	6443	5564	0	0	NA	2	0	0	0
1	14818901	1_14818901_A_T	A	T	8657	7846	8619	7846	0	0	NA	0	0	0	0
1	16418223	1_16418223_T_A	T	A	7088	6074	7023	6074	0	0	NA	0	0	0	0
1	18294851	1_18294851_T_C	T	C	9425	8301	9359	8301	0	0	NA	0	0	0	0
1	21359343	1_21359343_C_A	C	A	8080	7499	8023	7499	0	0	NA	3	0	0	0
1	22424517	1_22424517_C_A	C	A	7732	6566	7668	6566	0	0	NA	1	1	1	1
1	25357472	1_25357472_A_C	A	C	5386	4989	5372	4989	0	0	NA	0	0	0	0
1	25907401	1_25907401_G_T	G	T	8928	8101	8864	8101	0	0	NA	1	0	0	0
1	31922270	1_31922270_A_T	A	T	7627	6870	7592	6870	0	0	NA	1	0	0	0
1	33913626	1_33913626_C_A	C	A	9142	8098	9073	8098	0	0	NA	0	0	0	0
1	34419766	1_34419766_C_A	C	A	7389	6981	7354	6981	0	0	NA	1	0	0	0
1	36070022	1_36070022_C_T	C	T	8023	7252	7963	7252	0	0	NA	5	0	0	0
1	39039703	1_39039703_T_G	T	G	8190	7505	8138	7505	0	0	NA	3	0	0	0
1	42083881	1_42083881_C_G	C	G	7975	7017	7922	7017	0	0	NA	0	0	0	0
1	42111475	1_42111475_T_A	T	A	8711	7811	8665	7811	0	0	NA	0	0	0	0
1	42849396	1_42849396_G_A	G	A	8745	7911	8672	7911	0	0	NA	2	0	0	0
1	43003269	1_43003269_C_T	C	T	7776	7136	7740	7136	0	0	NA	0	0	0	0
1	43884131	1_43884131_G_A	G	A	9147	7890	9095	7890	0	0	NA	0	1	1	1
1	44783463	1_44783463_G_C	G	C	9234	8202	9176	8202	0	0	NA	0	0	0	0
1	45200047	1_45200047_A_C	A	C	7548	6884	7396	6799	95	85	NA	1	164	143	143
1	48647633	1_48647633_C_T	C	T	8637	7593	8603	7593	0	0	NA	1	1	1	1
1	49122897	1_49122897_C_A	C	A	7783	7412	7719	7412	0	0	NA	1	0	0	0
1	53609403	1_53609403_A_T	A	T	7367	6645	7349	6645	0	0	NA	0	0	0	0
1	56174666	1_56174666_C_T	C	T	9192	8336	9104	8336	0	0	NA	0	0	0	0
1	57072861	1_57072861_C_T	C	T	8830	7347	8775	7346	1	1	NA	1	3	3	3
1	64014306	1_64014306_C_T	C	T	9180	8462	9127	8462	0	0	NA	1	1	1	1
1	68499109	1_68499109_G_C	G	C	8689	7832	8638	7832	0	0	NA	0	0	0	0
1	68991661	1_68991661_A_C	A	C	8246	7536	4423	4070	3760	3466	NA	7	6440	5918	5918
1	70194294	1_70194294_G_A	G	A	7839	7248	7795	7248	0	0	NA	0	0	0	0
1	70622621	1_70622621_A_T	A	T	7894	7248	7873	7248	0	0	NA	0	0	0	0
1	72965140	1_72965140_A_C	A	C	9112	8439	9057	8439	0	0	NA	3	0	0	0
1	73040583	1_73040583_G_A	G	A	6810	6443	6768	6443	0	0	NA	0	0	0	0
1	73402106	1_73402106_C_T	C	T	8886	7567	8827	7567	0	0	NA	2	0	0	0
1	74352821	1_74352821_C_G	C	G	8291	7510	8239	7510	0	0	NA	1	0	0	0
1	74404961	1_74404961_T_C	T	C	8742	8280	8713	8280	0	0	NA	0	0	0	0
1	74650669	1_74650669_C_G	C	G	6972	6581	6917	6581	0	0	NA	0	0	0	0
1	74717319	1_74717319_G_A	G	A	8571	7794	8526	7794	0	0	NA	1	0	0	0
1	74863365	1_74863365_A_C	A	C	8613	7927	8569	7927	0	0	NA	0	0	0	0
1	76391074	1_76391074_A_G	A	G	6665	6387	6634	6387	0	0	NA	0	0	0	0
1	80076033	1_80076033_G_T	G	T	8383	7734	8292	7734	0	0	NA	7	1	0	0
1	80969672	1_80969672_A_T	A	T	7770	7396	7746	7396	0	0	NA	0	0	0	0
1	84121989	1_84121989_A_G	A	G	8772	8242	8717	8242	0	0	NA	1	0	0	0
1	91091562	1_91091562_C_A	C	A	8677	7833	8625	7833	0	0	NA	1	1	1	1
1	91871733	1_91871733_G_A	G	A	8908	8043	8858	8043	0	0	NA	1	0	0	0
1	94939760	1_94939760_T_G	T	G	3178	2860	3164	2860	0	0	NA	0	0	0	0
1	95027212	1_95027212_T_A	T	A	8449	7886	8415	7886	0	0	NA	1	0	0	0
1	99292983	1_99292983_C_T	C	T	7288	6724	7262	6724	0	0	NA	0	0	0	0
1	102964298	1_102964298_C_A	C	A	8176	7381	8119	7381	0	0	NA	3	0	0	0
1	105305823	1_105305823_C_A	C	A	8437	7977	8399	7977	0	0	NA	0	0	0	0
1	107629394	1_107629394_G_A	G	A	8767	7706	8681	7706	0	0	NA	0	0	0	0
1	107643525	1_107643525_A_T	A	T	9207	8251	9171	8251	0	0	NA	0	0	0	0
1	112805186	1_112805186_C_A	C	A	9304	8274	9242	8274	0	0	NA	0	0	0	0
1	115812881	1_115812881_C_T	C	T	8787	7957	8736	7957	0	0	NA	3	1	1	1
1	118441111	1_118441111_C_A	C	A	8871	8259	8829	8259	0	0	NA	0	0	0	0
1	119553040	1_119553040_C_T	C	T	10325	9020	10249	9020	0	0	NA	1	0	0	0
1	119706229	1_119706229_G_T	G	T	8592	8043	8539	8043	0	0	NA	0	0	0	0
1	151456594	1_151456594_C_T	C	T	8946	8111	8882	8111	0	0	NA	0	3	2	2
1	154414463	1_154414463_A_T	A	T	8103	7540	8064	7540	0	0	NA	0	0	0	0
1	157353503	1_157353503_G_A	G	A	6713	6479	6697	6479	0	0	NA	0	0	0	0
1	157896886	1_157896886_T_C	T	C	7919	7605	7890	7605	0	0	NA	0	0	0	0
1	158396452	1_158396452_T_C	T	C	7693	7199	7575	7144	63	55	NA	0	108	96	96
1	159522146	1_159522146_T_A	T	A	8748	7886	8711	7886	0	0	NA	2	0	0	0
1	160107850	1_160107850_G_A	G	A	9061	8197	9005	8197	0	0	NA	1	0	0	0
1	160235586	1_160235586_T_A	T	A	9045	8545	9013	8545	0	0	NA	1	0	0	0
1	163497286	1_163497286_T_G	T	G	8108	7488	8071	7488	0	0	NA	0	0	0	0
1	166672165	1_166672165_G_T	G	T	7865	7293	7806	7293	0	0	NA	4	0	0	0
1	167413595	1_167413595_C_T	C	T	7392	6683	7355	6683	0	0	NA	0	0	0	0
1	176172638	1_176172638_G_T	G	T	8104	7613	8042	7613	0	0	NA	0	0	0	0
1	176995471	1_176995471_C_G	C	G	9418	8478	9369	8478	0	0	NA	0	0	0	0
1	178497761	1_178497761_A_T	A	T	9310	8286	9247	8286	0	0	NA	0	0	0	0
1	181298177	1_181298177_T_A	T	A	8959	5353	8920	5353	0	0	NA	0	0	0	0
1	181692629	1_181692629_C_A	C	A	8862	7959	8796	7959	0	0	NA	1	0	0	0
1	181838973	1_181838973_C_A	C	A	7112	6701	7075	6701	0	0	NA	0	0	0	0
1	182824232	1_182824232_G_T	G	T	8219	7799	8174	7799	0	0	NA	0	0	0	0
1	184369891	1_184369891_A_T	A	T	8301	7446	8244	7446	0	0	NA	1	0	0	0
1	184851838	1_184851838_A_C	A	C	7909	7288	7864	7288	0	0	NA	0	0	0	0
1	187353721	1_187353721_A_G	A	G	9632	8702	9574	8698	6	4	NA	0	12	9	9
1	187808298	1_187808298_C_T	C	T	9173	8716	9133	8716	0	0	NA	0	0	0	0
1	190754116	1_190754116_C_T	C	T	8491	7924	8436	7924	0	0	NA	0	0	0	0
1	191822727	1_191822727_G_A	G	A	8644	7778	8592	7778	0	0	NA	1	1	1	1
1	192078662	1_192078662_G_A	G	A	8324	7233	8269	7233	0	0	NA	0	0	0	0
1	193594175	1_193594175_G_A	G	A	8323	7410	8279	7410	0	0	NA	0	0	0	0
1	193936747	1_193936747_G_A	G	A	9120	8406	9072	8406	0	0	NA	0	0	0	0
1	194994483	1_194994483_C_A	C	A	7076	6667	7027	6667	0	0	NA	0	0	0	0
1	196230256	1_196230256_T_A	T	A	8994	8407	8964	8407	0	0	NA	0	0	0	0
1	197705049	1_197705049_A_C	A	C	8263	7464	8230	7464	0	0	NA	0	0	0	0
1	201111986	1_201111986_G_A	G	A	8436	7402	8391	7402	0	0	NA	1	0	0	0
1	201411075	1_201411075_A_T	A	T	8933	8389	8905	8389	0	0	NA	0	0	0	0
1	202677821	1_202677821_A_T	A	T	8050	7101	8011	7101	0	0	NA	0	0	0	0
1	205745820	1_205745820_T_A	T	A	7450	7129	7435	7129	0	0	NA	0	0	0	0
1	207819467	1_207819467_T_G	T	G	2801	1843	2721	1843	2	0	NA	0	10	1	1
1	208680899	1_208680899_G_C	G	C	7839	7411	7808	7411	0	0	NA	0	0	0	0
1	214233117	1_214233117_G_A	G	A	8205	7722	8167	7722	0	0	NA	1	0	0	0
1	214858301	1_214858301_A_C	A	C	6839	6210	6796	6210	0	0	NA	0	0	0	0
1	215225666	1_215225666_T_A	T	A	8205	7644	8148	7644	0	0	NA	1	0	0	0
1	215654165	1_215654165_T_C	T	C	8737	8065	8697	8065	0	0	NA	0	0	0	0
1	215852948	1_215852948_G_A	G	A	8421	7787	8383	7787	0	0	NA	0	0	0	0
1	217718061	1_217718061_C_T	C	T	9840	8790	9786	8790	0	0	NA	0	1	1	1
1	218033110	1_218033110_A_G	A	G	8467	8036	8414	8036	0	0	NA	0	0	0	0
1	218660159	1_218660159_T_A	T	A	7877	7451	7837	7451	0	0	NA	0	0	0	0
1	220986933	1_220986933_C_G	C	G	8182	7403	8119	7403	0	0	NA	0	0	0	0
1	223388358	1_223388358_T_G	T	G	5322	4806	5289	4806	0	0	NA	0	0	0	0
1	226517145	1_226517145_C_A	C	A	8544	7921	8483	7921	0	0	NA	0	0	0	0
1	228469657	1_228469657_A_C	A	C	7881	6956	7842	6956	0	0	NA	2	0	0	0
1	228896268	1_228896268_G_A	G	A	9107	8317	9063	8317	0	0	NA	1	0	0	0
1	229215592	1_229215592_A_T	A	T	8530	7655	8469	7655	0	0	NA	0	0	0	0
1	230571271	1_230571271_C_G	C	G	8230	7611	8156	7611	0	0	NA	1	0	0	0
1	232967128	1_232967128_T_A	T	A	9724	8709	9644	8709	0	0	NA	0	0	0	0
1	233015438	1_233015438_A_C	A	C	7513	6948	7467	6948	0	0	NA	2	0	0	0
1	233656772	1_233656772_G_A	G	A	8323	7603	7669	7049	622	554	NA	2	1010	890	890
1	234504080	1_234504080_C_T	C	T	8907	8033	8841	8033	0	0	NA	2	0	0	0
1	237633251	1_237633251_T_G	T	G	8753	8257	8728	8257	0	0	NA	0	0	0	0
1	238303570	1_238303570_A_C	A	C	8071	7511	8044	7511	0	0	NA	0	0	0	0
1	240892090	1_240892090_C_T	C	T	7529	7175	7496	7175	0	0	NA	2	1	1	1
1	241676949	1_241676949_C_A	C	A	8272	7537	8237	7536	1	1	NA	1	1	1	1
1	242017276	1_242017276_G_T	G	T	9332	8381	9286	8381	0	0	NA	1	0	0	0
2	1490589	2_1490589_G_T	G	T	7741	7073	7705	7073	0	0	NA	1	0	0	0
2	2967448	2_2967448_A_T	A	T	9297	8574	9271	8574	0	0	NA	0	0	0	0
2	3179250	2_3179250_T_C	T	C	8858	7933	8819	7933	0	0	NA	0	0	0	0
2	3390852	2_3390852_C_A	C	A	8224	7466	8172	7466	0	0	NA	3	0	0	0
2	6196499	2_6196499_C_T	C	T	8375	7688	8335	7688	0	0	NA	2	1	1	1
2	6871251	2_6871251_A_C	A	C	8572	7613	8523	7613	0	0	NA	0	0	0	0
2	8120155	2_8120155_G_T	G	T	8103	7596	8061	7596	0	0	NA	0	0	0	0
2	8482934	2_8482934_T_C	T	C	7999	7536	7967	7536	0	0	NA	1	0	0	0
2	17603940	2_17603940_T_A	T	A	8695	7911	8607	7910	1	1	NA	0	1	1	1
2	19168437	2_19168437_G_A	G	A	8107	7271	8054	7271	0	0	NA	1	0	0	0
2	20368859	2_20368859_T_A	T	A	8763	7774	8685	7774	0	0	NA	1	0	0	0
2	21212174	2_21212174_G_T	G	T	8316	7308	8267	7308	0	0	NA	2	0	0	0
2	21646181	2_21646181_A_T	A	T	7995	7386	7942	7386	0	0	NA	1	0	0	0
2	21916159	2_21916159_T_A	T	A	8389	7934	8363	7934	0	0	NA	1	0	0	0
2	22792226	2_22792226_C_A	C	A	8284	7752	8242	7752	0	0	NA	0	0	0	0
2	28943463	2_28943463_T_C	T	C	8101	7252	8058	7252	0	0	NA	0	0	0	0
2	29346462	2_29346462_A_T	A	T	9317	8481	9269	8481	0	0	NA	0	0	0	0
2	30489229	2_30489229_G_T	G	T	9228	8053	9190	8053	0	0	NA	0	0	0	0
2	31094549	2_31094549_G_T	G	T	8999	7973	8964	7973	0	0	NA	0	0	0	0
2	31617290	2_31617290_C_A	C	A	8935	8328	8879	8328	0	0	NA	1	0	0	0
2	36649111	2_36649111_A_T	A	T	7202	6782	7163	6782	0	0	NA	0	0	0	0
2	40564842	2_40564842_C_A	C	A	6116	5916	6083	5916	0	0	NA	4	0	0	0
2	40622048	2_40622048_C_A	C	A	7266	6797	7221	6797	0	0	NA	1	0	0	0
2	41426229	2_41426229_T_A	T	A	6187	6000	6167	6000	0	0	NA	0	0	0	0
2	42596117	2_42596117_T_A	T	A	7881	7300	7847	7300	0	0	NA	1	0	0	0
2	45813180	2_45813180_T_C	T	C	7802	7295	7757	7275	20	20	NA	1	35	30	30
2	48243919	2_48243919_C_A	C	A	7738	7214	7696	7214	0	0	NA	1	0	0	0
2	48824851	2_48824851_A_T	A	T	9235	8418	9184	8418	0	0	NA	0	0	0	0
2	53191532	2_53191532_C_A	C	A	8210	7597	8145	7597	0	0	NA	0	1	1	1
2	53317830	2_53317830_G_T	G	T	7906	7426	7839	7426	0	0	NA	0	0	0	0
2	55385051	2_55385051_A_T	A	T	8417	7685	8377	7685	0	0	NA	0	0	0	0
2	57362019	2_57362019_C_T	C	T	8657	8006	8590	8006	0	0	NA	1	0	0	0
2	57633116	2_57633116_A_T	A	T	6750	6472	6730	6472	0	0	NA	0	0	0	0
2	58530843	2_58530843_A_T	A	T	8594	8026	8535	8026	0	0	NA	1	0	0	0
2	58727486	2_58727486_C_T	C	T	9667	8647	9607	8647	0	0	NA	2	0	0	0
2	60681298	2_60681298_G_A	G	A	8378	7796	8350	7795	1	1	NA	0	1	1	1
2	66708667	2_66708667_A_T	A	T	8428	7567	8391	7567	0	0	NA	1	0	0	0
2	72035998	2_72035998_G_T	G	T	7049	6484	7003	6484	0	0	NA	1	0	0	0
2	73277354	2_73277354_T_G	T	G	8324	7352	8282	7352	0	0	NA	1	0	0	0
2	74485429	2_74485429_C_T	C	T	9198	7981	9139	7981	0	0	NA	1	0	0	0
2	75027465	2_75027465_A_T	A	T	6377	5684	6356	5684	0	0	NA	0	0	0	0
2	75840979	2_75840979_G_A	G	A	6514	6161	6472	6161	0	0	NA	3	0	0	0
2	75918578	2_75918578_T_G	T	G	6881	6509	6863	6509	0	0	NA	2	0	0	0
2	81599550	2_81599550_G_A	G	A	7782	6953	7741	6953	0	0	NA	3	0	0	0
2	96032044	2_96032044_A_C	A	C	8711	7928	8666	7928	0	0	NA	1	0	0	0
2	97423408	2_97423408_T_G	T	G	8604	7964	8576	7964	0	0	NA	0	0	0	0
2	99945763	2_99945763_T_A	T	A	7556	7239	7529	7239	0	0	NA	1	0	0	0
2	103341133	2_103341133_C_A	C	A	8998	7612	8897	7612	0	0	NA	0	0	0	0
2	106067163	2_106067163_G_A	G	A	7799	6988	7751	6988	0	0	NA	1	0	0	0
2	106887656	2_106887656_C_A	C	A	8646	7712	8598	7712	0	0	NA	1	0	0	0
2	111685788	2_111685788_A_C	A	C	6280	5981	6252	5981	0	0	NA	0	0	0	0
2	114436222	2_114436222_T_A	T	A	7104	6542	7059	6542	0	0	NA	1	0	0	0
2	115887933	2_115887933_C_G	C	G	8468	7671	8448	7671	0	0	NA	0	0	0	0
2	120519221	2_120519221_G_A	G	A	7894	7263	7813	7263	0	0	NA	1	0	0	0
2	122229481	2_122229481_T_A	T	A	8623	7821	8540	7821	0	0	NA	0	0	0	0
2	122505762	2_122505762_A_T	A	T	5155	5011	5140	5011	0	0	NA	0	0	0	0
2	122930919	2_122930919_C_T	C	T	9445	8283	9370	8283	0	0	NA	1	0	0	0
2	124045147	2_124045147_A_G	A	G	8620	8059	8588	8059	0	0	NA	1	0	0	0
2	125376855	2_125376855_T_C	T	C	7384	7008	7356	7008	0	0	NA	0	0	0	0
2	125857154	2_125857154_G_A	G	A	7450	6333	7407	6333	0	0	NA	0	0	0	0
2	128570944	2_128570944_A_C	A	C	9345	8419	9305	8419	0	0	NA	0	0	0	0
2	129577128	2_129577128_G_C	G	C	7952	7252	7913	7252	0	0	NA	0	0	0	0
2	131701259	2_131701259_A_G	A	G	8333	7860	8268	7860	0	0	NA	4	1	0	0
2	134412719	2_134412719_T_A	T	A	9312	8290	9266	8290	0	0	NA	0	0	0	0
2	134629078	2_134629078_G_A	G	A	7760	7282	7710	7282	0	0	NA	0	0	0	0
2	135528798	2_135528798_C_T	C	T	8242	7200	8199	7200	0	0	NA	1	0	0	0
2	136602918	2_136602918_T_C	T	C	6792	6364	6743	6364	0	0	NA	0	0	0	0
2	139788632	2_139788632_G_T	G	T	8006	7570	7960	7570	0	0	NA	1	0	0	0
2	141270269	2_141270269_C_T	C	T	6910	6265	6845	6264	1	1	NA	1	1	1	1
2	142568241	2_142568241_C_G	C	G	8874	8180	8808	8180	0	0	NA	1	0	0	0
2	147421983	2_147421983_A_T	A	T	7408	7034	7379	7034	0	0	NA	0	0	0	0
2	149507911	2_149507911_G_A	G	A	7314	6683	7254	6683	0	0	NA	0	0	0	0
2	158507414	2_158507414_A_C	A	C	8117	7806	8086	7806	0	0	NA	0	0	0	0
2	160055280	2_160055280_A_T	A	T	7872	7223	7800	7223	0	0	NA	0	1	1	1
2	162425165	2_162425165_G_A	G	A	8007	7483	7966	7483	0	0	NA	0	0	0	0
2	167588024	2_167588024_A_G	A	G	7175	6818	7136	6818	0	0	NA	0	0	0	0
2	170956269	2_170956269_A_G	A	G	8449	7781	8417	7780	1	1	NA	2	2	2	2
2	172969550	2_172969550_C_A	C	A	8379	7205	8305	7205	0	0	NA	0	0	0	0
2	174756880	2_174756880_T_A	T	A	9406	8479	9349	8479	0	0	NA	0	0	0	0
2	174872215	2_174872215_C_A	C	A	9125	8314	9071	8314	0	0	NA	1	0	0	0
2	175799271	2_175799271_G_A	G	A	8668	7699	8612	7699	0	0	NA	1	1	1	1
2	182188453	2_182188453_G_T	G	T	9572	8626	9533	8626	0	0	NA	0	0	0	0
2	184575662	2_184575662_C_A	C	A	9689	8188	9641	8188	0	0	NA	1	0	0	0
2	185188453	2_185188453_T_A	T	A	9760	8488	9719	8488	0	0	NA	0	0	0	0
2	187064093	2_187064093_G_T	G	T	8332	7770	8294	7770	0	0	NA	0	0	0	0
2	189385578	2_189385578_C_A	C	A	7800	6900	7726	6900	0	0	NA	0	0	0	0
2	194814175	2_194814175_A_T	A	T	0	0	0	0	0	0	NA	0	0	0	0
2	196020953	2_196020953_T_C	T	C	7779	7411	7747	7411	0	0	NA	0	0	0	0
2	207025895	2_207025895_T_A	T	A	8333	7786	8285	7786	0	0	NA	0	0	0	0
2	208652512	2_208652512_G_A	G	A	8509	7968	8467	7968	0	0	NA	0	0	0	0
2	209322915	2_209322915_A_T	A	T	8066	7598	8046	7598	0	0	NA	0	0	0	0
2	213565674	2_213565674_C_A	C	A	8730	7870	8691	7870	0	0	NA	0	0	0	0
2	214605512	2_214605512_G_A	G	A	9706	8839	9656	8839	0	0	NA	2	0	0	0
2	214895299	2_214895299_G_A	G	A	7993	7533	7947	7533	0	0	NA	0	0	0	0
2	215531501	2_215531501_C_T	C	T	9396	8196	9341	8196	0	0	NA	0	0	0	0
2	216696426	2_216696426_A_G	A	G	8256	7739	8213	7739	0	0	NA	1	0	0	0
2	216772685	2_216772685_G_A	G	A	9310	8485	9260	8485	0	0	NA	4	0	0	0
2	224968392	2_224968392_G_T	G	T	8534	7935	8477	7935	0	0	NA	1	0	0	0
2	226625503	2_226625503_G_A	G	A	9082	7982	9024	7982	0	0	NA	2	0	0	0
2	228519795	2_228519795_C_A	C	A	8659	7855	8619	7855	0	0	NA	1	0	0	0
2	229081251	2_229081251_G_C	G	C	8997	8010	8946	8010	0	0	NA	0	0	0	0
2	229820453	2_229820453_G_T	G	T	9009	7830	8927	7830	0	0	NA	2	1	0	0
2	233011189	2_233011189_T_A	T	A	9377	8410	9331	8410	0	0	NA	0	0	0	0
2	233460557	2_233460557_C_T	C	T	9441	8271	9361	8271	0	0	NA	3	0	0	0
2	236036844	2_236036844_T_A	T	A	8939	8379	8884	8379	0	0	NA	0	0	0	0
2	239588206	2_239588206_C_A	C	A	8603	8086	8559	8086	0	0	NA	1	0	0	0
2	240344314	2_240344314_G_T	G	T	8420	7819	8382	7819	0	0	NA	0	0	0	0
2	240966969	2_240966969_T_C	T	C	8239	7485	8201	7482	3	3	NA	0	6	5	5
3	594325	3_594325_C_T	C	T	8691	8259	8646	8259	0	0	NA	0	0	0	0
3	595820	3_595820_C_T	C	T	9334	8186	9263	8186	0	0	NA	0	0	0	0
3	1658394	3_1658394_A_C	A	C	8117	7327	8081	7327	0	0	NA	0	0	0	0
3	2622516	3_2622516_G_C	G	C	8197	7470	8166	7470	0	0	NA	0	0	0	0
3	2986380	3_2986380_G_C	G	C	8513	7663	8443	7663	0	0	NA	0	0	0	0
3	3375287	3_3375287_A_G	A	G	9824	8873	9786	8873	0	0	NA	1	0	0	0
3	3675822	3_3675822_G_T	G	T	8796	7886	8727	7876	12	10	NA	4	20	18	18
3	8941228	3_8941228_T_A	T	A	7669	7241	7633	7241	0	0	NA	0	0	0	0
3	9190084	3_9190084_T_C	T	C	8756	7497	8605	7400	111	97	NA	1	199	176	176
3	13031643	3_13031643_C_A	C	A	7974	7331	7923	7331	0	0	NA	0	0	0	0
3	14932279	3_14932279_A_T	A	T	8214	7474	8179	7474	0	0	NA	1	0	0	0
3	16098484	3_16098484_A_G	A	G	7846	7256	7820	7256	0	0	NA	0	0	0	0
3	18929305	3_18929305_C_A	C	A	8963	8218	8877	8218	0	0	NA	0	0	0	0
3	20046078	3_20046078_G_A	G	A	7907	7441	7886	7441	0	0	NA	2	2	2	2
3	22063090	3_22063090_C_A	C	A	8842	8143	8776	8143	0	0	NA	1	0	0	0
3	22806094	3_22806094_A_T	A	T	7473	7134	7446	7134	0	0	NA	1	0	0	0
3	24925537	3_24925537_G_A	G	A	9293	8265	9233	8265	0	0	NA	2	0	0	0
3	25499435	3_25499435_C_A	C	A	7763	7182	7715	7182	0	0	NA	4	0	0	0
3	29685245	3_29685245_G_C	G	C	6828	6314	6796	6314	0	0	NA	0	0	0	0
3	30033487	3_30033487_T_C	T	C	8083	7447	8044	7446	2	1	NA	0	2	1	1
3	31641042	3_31641042_A_G	A	G	7689	7313	7659	7313	0	0	NA	2	0	0	0
3	32937529	3_32937529_C_A	C	A	7932	7531	7890	7531	0	0	NA	1	0	0	0
3	34283724	3_34283724_G_A	G	A	7250	6823	7212	6819	4	4	NA	0	5	5	5
3	38050392	3_38050392_A_G	A	G	9399	8094	9307	8094	0	0	NA	0	0	0	0
3	38154854	3_38154854_A_T	A	T	6929	6640	6897	6640	0	0	NA	0	0	0	0
3	39031604	3_39031604_C_T	C	T	8696	7933	8644	7933	0	0	NA	1	0	0	0
3	39604684	3_39604684_T_A	T	A	8613	7945	8579	7945	0	0	NA	0	0	0	0
3	40274741	3_40274741_C_G	C	G	7625	6936	7560	6936	0	0	NA	0	0	0	0
3	44235531	3_44235531_G_T	G	T	7844	7481	7799	7481	0	0	NA	2	0	0	0
3	48019415	3_48019415_A_T	A	T	8699	8177	8666	8177	0	0	NA	0	0	0	0
3	63699800	3_63699800_G_A	G	A	8464	7951	8412	7943	9	8	NA	1	14	13	13
3	65000432	3_65000432_C_G	C	G	8156	7562	8077	7562	0	0	NA	0	1	1	1
3	65311179	3_65311179_C_T	C	T	8746	7727	8698	7727	0	0	NA	0	0	0	0
3	66323031	3_66323031_T_A	T	A	9243	8626	9207	8626	0	0	NA	1	0	0	0
3	66460629	3_66460629_G_A	G	A	8483	7419	8432	7419	0	0	NA	1	0	0	0
3	70384852	3_70384852_G_A	G	A	8787	7903	8735	7903	0	0	NA	3	0	0	0
3	71629863	3_71629863_C_T	C	T	7679	6858	7613	6858	0	0	NA	1	0	0	0
3	77353503	3_77353503_A_G	A	G	9336	7993	9306	7993	0	0	NA	0	0	0	0
3	78605172	3_78605172_C_T	C	T	9076	8239	9042	8239	0	0	NA	0	0	0	0
3	82381511	3_82381511_C_T	C	T	7098	6727	7053	6727	0	0	NA	0	0	0	0
3	86554795	3_86554795_G_A	G	A	6733	5877	6693	5877	0	0	NA	8	0	0	0
3	94495351	3_94495351_C_T	C	T	8683	7784	8617	7780	7	4	NA	0	12	8	8
3	95717149	3_95717149_A_G	A	G	9114	8443	9053	8443	0	0	NA	0	0	0	0
3	96758584	3_96758584_A_T	A	T	8807	8026	8746	8026	0	0	NA	0	0	0	0
3	98080349	3_98080349_G_A	G	A	8855	7917	8815	7917	0	0	NA	2	0	0	0
3	98226575	3_98226575_T_C	T	C	6252	5838	6227	5838	0	0	NA	0	1	1	1
3	98540937	3_98540937_T_A	T	A	7236	6737	7215	6737	0	0	NA	0	0	0	0
3	98869491	3_98869491_A_G	A	G	8714	8167	8672	8167	0	0	NA	2	0	0	0
3	98988096	3_98988096_G_A	G	A	9242	8296	9175	8296	0	0	NA	1	0	0	0
3	100089463	3_100089463_A_T	A	T	8289	7258	8194	7215	51	43	NA	0	75	64	64
3	100510786	3_100510786_T_C	T	C	7770	7182	7709	7150	36	32	NA	0	60	54	54
3	102288817	3_102288817_A_C	A	C	8856	8201	8811	8201	0	0	NA	1	0	0	0
3	104225441	3_104225441_C_T	C	T	7636	7131	7560	7131	0	0	NA	1	0	0	0
3	104634897	3_104634897_C_T	C	T	9310	8355	9241	8343	13	12	NA	1	23	21	21
3	110069372	3_110069372_A_T	A	T	8096	7562	8037	7562	0	0	NA	0	0	0	0
3	110507647	3_110507647_G_A	G	A	7767	7332	7641	7243	93	89	NA	0	173	162	162
3	114518262	3_114518262_C_T	C	T	8860	8156	8802	8156	0	0	NA	1	1	1	1
3	116549991	3_116549991_G_C	G	C	8231	7732	8203	7732	0	0	NA	0	0	0	0
3	116693796	3_116693796_C_T	C	T	7955	7479	7881	7479	0	0	NA	2	0	0	0
3	117585905	3_117585905_G_A	G	A	7781	7318	7712	7318	0	0	NA	0	0	0	0
3	119600219	3_119600219_G_T	G	T	8901	8417	8855	8417	0	0	NA	0	0	0	0
3	121236036	3_121236036_T_C	T	C	9498	8970	9443	8970	0	0	NA	2	0	0	0
3	128851384	3_128851384_T_G	T	G	8055	7373	8014	7373	0	0	NA	0	0	0	0
3	136390269	3_136390269_C_T	C	T	8210	7726	8156	7725	1	1	NA	0	1	1	1
3	138226785	3_138226785_T_C	T	C	8552	7950	8509	7950	0	0	NA	2	0	0	0
3	142763023	3_142763023_T_C	T	C	7502	7063	7457	7063	0	0	NA	1	0	0	0
3	144034447	3_144034447_C_T	C	T	7881	7274	7823	7274	0	0	NA	0	2	2	2
3	144230968	3_144230968_C_T	C	T	8928	7907	8885	7907	0	0	NA	3	0	0	0
3	146424346	3_146424346_A_C	A	C	8994	7799	8951	7799	0	0	NA	0	0	0	0
3	155902636	3_155902636_G_T	G	T	9095	8362	9002	8362	0	0	NA	3	1	1	1
3	156127844	3_156127844_A_G	A	G	9183	8414	9147	8414	0	0	NA	1	0	0	0
3	157231254	3_157231254_T_A	T	A	7531	6932	7506	6932	0	0	NA	0	0	0	0
3	160825185	3_160825185_G_T	G	T	9129	8057	9076	8057	0	0	NA	2	0	0	0
3	160934446	3_160934446_C_T	C	T	7875	7185	7820	7185	0	0	NA	1	0	0	0
3	162606155	3_162606155_C_A	C	A	9221	8482	9174	8482	0	0	NA	0	0	0	0
3	166986760	3_166986760_C_T	C	T	8349	7859	8289	7859	0	0	NA	2	1	1	1
3	168324427	3_168324427_T_G	T	G	8176	7341	8135	7341	0	0	NA	1	0	0	0
3	173072014	3_173072014_C_T	C	T	7811	7196	7794	7196	0	0	NA	0	0	0	0
3	173310894	3_173310894_T_C	T	C	8091	7661	8062	7661	0	0	NA	1	0	0	0
3	174137024	3_174137024_A_T	A	T	6170	5961	6148	5961	0	0	NA	0	0	0	0
3	175109315	3_175109315_A_T	A	T	8582	7704	8539	7704	0	0	NA	0	0	0	0
3	177075666	3_177075666_T_G	T	G	7274	6963	7237	6963	0	0	NA	1	0	0	0
3	177374635	3_177374635_G_A	G	A	8439	7665	8382	7665	0	0	NA	2	0	0	0
3	178347124	3_178347124_C_A	C	A	7727	7350	7679	7350	0	0	NA	0	0	0	0
3	179543651	3_179543651_A_G	A	G	8287	7656	8245	7655	1	1	NA	2	1	1	1
3	180227297	3_180227297_T_A	T	A	7570	7059	7492	7059	0	0	NA	1	0	0	0
3	190787657	3_190787657_G_C	G	C	9111	8662	9074	8662	0	0	NA	0	0	0	0
3	193781265	3_193781265_C_A	C	A	8676	7915	8608	7915	0	0	NA	1	0	0	0
3	195165835	3_195165835_T_C	T	C	9051	8258	8937	8197	67	61	NA	0	105	96	96
4	5648455	4_5648455_G_A	G	A	9367	8189	9175	8065	138	124	NA	1	236	210	210
4	6422046	4_6422046_G_A	G	A	8755	7834	8658	7796	40	38	NA	1	75	70	70
4	7751674	4_7751674_A_C	A	C	8742	8136	8689	8136	0	0	NA	0	0	0	0
4	7825215	4_7825215_G_A	G	A	9365	8057	9254	8053	5	4	NA	4	10	9	9
4	10094436	4_10094436_G_A	G	A	8889	7966	8825	7966	0	0	NA	0	1	1	1
4	11252763	4_11252763_A_T	A	T	7469	7064	7435	7064	0	0	NA	0	0	0	0
4	17741081	4_17741081_C_T	C	T	6811	5932	6756	5911	24	21	NA	1	36	32	32
4	17760342	4_17760342_C_T	C	T	8786	7837	8709	7837	0	0	NA	1	1	0	0
4	26047960	4_26047960_C_G	C	G	8127	7655	8078	7655	0	0	NA	0	0	0	0
4	26174579	4_26174579_T_C	T	C	8630	7748	8576	7745	4	3	NA	1	4	3	3
4	26324718	4_26324718_T_C	T	C	5170	4780	4790	4477	344	303	NA	8	634	582	582
4	28210884	4_28210884_A_G	A	G	9172	8175	9122	8170	6	5	NA	1	9	8	8
4	34308953	4_34308953_C_T	C	T	7957	7489	7850	7433	58	56	NA	1	103	98	98
4	35181273	4_35181273_C_A	C	A	8137	7733	8095	7733	0	0	NA	1	0	0	0
4	38144042	4_38144042_T_C	T	C	8813	7730	8594	7730	0	0	NA	5	4	4	4
4	39055024	4_39055024_C_T	C	T	7350	6683	7285	6683	0	0	NA	1	0	0	0
4	39167907	4_39167907_T_A	T	A	8380	7756	8343	7756	0	0	NA	1	0	0	0
4	40956907	4_40956907_A_C	A	C	9246	7878	9165	7878	0	0	NA	0	0	0	0
4	41307191	4_41307191_G_A	G	A	8062	7315	8033	7315	0	0	NA	1	0	0	0
4	41779326	4_41779326_C_G	C	G	8654	7754	8590	7754	0	0	NA	0	0	0	0
4	49064542	4_49064542_T_A	T	A	8314	7596	8275	7596	0	0	NA	0	0	0	0
4	55339040	4_55339040_A_T	A	T	8546	7878	8518	7878	0	0	NA	1	0	0	0
4	55387551	4_55387551_A_T	A	T	8363	7861	8325	7861	0	0	NA	0	0	0	0
4	65071063	4_65071063_G_A	G	A	8565	7632	8511	7632	0	0	NA	0	0	0	0
4	67220665	4_67220665_C_A	C	A	7115	6797	7082	6797	0	0	NA	0	0	0	0
4	67773196	4_67773196_G_T	G	T	8100	7694	8070	7694	0	0	NA	0	0	0	0
4	69033900	4_69033900_A_T	A	T	8643	7854	8577	7854	0	0	NA	0	0	0	0
4	71117478	4_71117478_G_T	G	T	7380	6652	7340	6652	0	0	NA	0	0	0	0
4	71989107	4_71989107_T_A	T	A	8582	7816	8540	7816	0	0	NA	0	0	0	0
4	76236815	4_76236815_T_A	T	A	8877	8129	8836	8129	0	0	NA	0	0	0	0
4	80102978	4_80102978_T_C	T	C	9452	8677	9415	8677	0	0	NA	3	0	0	0
4	81249979	4_81249979_A_C	A	C	7828	7459	7803	7459	0	0	NA	0	0	0	0
4	82616372	4_82616372_T_G	T	G	7146	6683	7101	6683	0	0	NA	1	0	0	0
4	85948276	4_85948276_G_A	G	A	8534	7655	8477	7655	0	0	NA	0	0	0	0
4	91528890	4_91528890_A_G	A	G	7732	7344	7711	7344	0	0	NA	2	0	0	0
4	92827214	4_92827214_G_A	G	A	8384	7762	8251	7671	104	91	NA	1	169	147	147
4	95327276	4_95327276_G_A	G	A	7941	7097	7901	7097	0	0	NA	0	0	0	0
4	98153947	4_98153947_C_T	C	T	8758	7693	8676	7693	0	0	NA	0	0	0	0
4	100987748	4_100987748_G_A	G	A	8905	7894	8595	7672	250	222	NA	2	402	359	359
4	104251603	4_104251603_G_A	G	A	8983	8265	8933	8265	0	0	NA	2	0	0	0
4	105253396	4_105253396_A_T	A	T	8978	8331	8895	8331	0	0	NA	1	0	0	0
4	106624885	4_106624885_C_T	C	T	9379	8461	9346	8461	0	0	NA	1	1	1	1
4	107628248	4_107628248_T_C	T	C	7193	6835	7169	6835	0	0	NA	0	0	0	0
4	110784886	4_110784886_C_A	C	A	9065	8073	9013	8073	0	0	NA	1	0	0	0
4	111059106	4_111059106_G_A	G	A	8869	8073	8790	8073	0	0	NA	0	0	0	0
4	122926079	4_122926079_C_A	C	A	9103	8339	9061	8339	0	0	NA	2	1	1	1
4	123809544	4_123809544_G_A	G	A	7969	7221	7925	7221	1	0	NA	0	1	0	0
4	126171057	4_126171057_A_G	A	G	6907	6626	6878	6626	0	0	NA	0	0	0	0
4	132220419	4_132220419_C_A	C	A	7124	6671	7083	6670	1	1	NA	0	2	2	2
4	133305714	4_133305714_C_A	C	A	8112	7720	8032	7715	5	5	NA	0	9	9	9
4	135212765	4_135212765_G_T	G	T	9169	8458	9125	8458	0	0	NA	0	0	0	0
4	138272058	4_138272058_G_A	G	A	6265	5556	6235	5556	0	0	NA	0	0	0	0
4	141359995	4_141359995_C_G	C	G	8156	7524	8126	7524	0	0	NA	0	0	0	0
4	142229293	4_142229293_A_T	A	T	8278	7597	8225	7597	0	0	NA	0	0	0	0
4	144550539	4_144550539_A_T	A	T	8115	7647	8087	7647	0	0	NA	1	0	0	0
4	145835267	4_145835267_G_A	G	A	9130	8104	9068	8104	0	0	NA	1	0	0	0
4	149985359	4_149985359_C_T	C	T	7704	7039	7672	7039	0	0	NA	0	0	0	0
4	152546971	4_152546971_A_C	A	C	7846	7442	7812	7442	0	0	NA	0	0	0	0
4	152702478	4_152702478_C_T	C	T	7853	6944	7789	6944	0	0	NA	2	0	0	0
4	152761907	4_152761907_C_T	C	T	6723	6160	6691	6160	0	0	NA	0	0	0	0
4	156200477	4_156200477_T_C	T	C	8250	7871	8217	7871	0	0	NA	0	0	0	0
4	157461254	4_157461254_G_A	G	A	7271	6987	7240	6985	2	2	NA	0	2	2	2
4	161320588	4_161320588_G_A	G	A	6920	6562	6872	6561	1	1	NA	0	3	3	3
4	161419665	4_161419665_T_A	T	A	8677	8027	8652	8027	0	0	NA	0	0	0	0
4	162486289	4_162486289_T_C	T	C	8593	7921	8558	7921	0	0	NA	0	0	0	0
4	163197153	4_163197153_C_A	C	A	8211	7791	8174	7791	0	0	NA	0	0	0	0
4	165777273	4_165777273_G_C	G	C	8888	8048	8840	8048	0	0	NA	0	0	0	0
4	169812937	4_169812937_C_A	C	A	7950	6841	7856	6841	0	0	NA	2	0	0	0
4	171337938	4_171337938_G_T	G	T	8143	7411	8054	7411	0	0	NA	3	0	0	0
4	174791055	4_174791055_C_T	C	T	6682	6407	6641	6407	0	0	NA	0	0	0	0
4	175969434	4_175969434_T_A	T	A	7995	7499	7962	7499	0	0	NA	0	0	0	0
4	177918267	4_177918267_C_A	C	A	9236	8261	9166	8261	0	0	NA	0	0	0	0
4	183084940	4_183084940_C_A	C	A	8731	7978	8671	7978	0	0	NA	3	1	1	1
4	184703230	4_184703230_C_T	C	T	7492	6987	7455	6987	0	0	NA	0	2	1	1
4	186631417	4_186631417_T_A	T	A	7972	6640	7928	6640	0	0	NA	1	0	0	0
4	189013116	4_189013116_C_T	C	T	8627	7718	8582	7718	0	0	NA	0	0	0	0
5	924195	5_924195_T_A	T	A	8622	8101	8590	8101	0	0	NA	0	0	0	0
5	1118912	5_1118912_C_T	C	T	6108	5571	6070	5570	1	1	NA	3	1	1	1
5	3682523	5_3682523_G_A	G	A	7607	7269	7552	7269	0	0	NA	7	1	1	1
5	8773401	5_8773401_G_T	G	T	8292	7653	8264	7653	0	0	NA	1	0	0	0
5	9324904	5_9324904_G_A	G	A	8081	7401	8029	7401	0	0	NA	3	0	0	0
5	10853802	5_10853802_A_G	A	G	8424	7546	8363	7546	0	0	NA	0	0	0	0
5	13220654	5_13220654_G_T	G	T	8139	7424	8102	7424	0	0	NA	1	0	0	0
5	16520055	5_16520055_G_A	G	A	7973	7206	7933	7206	0	0	NA	0	0	0	0
5	19140255	5_19140255_A_C	A	C	8563	8060	8523	8060	0	0	NA	1	0	0	0
5	23422348	5_23422348_G_C	G	C	9175	8582	9132	8582	0	0	NA	0	0	0	0
5	24337056	5_24337056_C_T	C	T	7933	7215	7883	7215	0	0	NA	4	0	0	0
5	25634283	5_25634283_A_G	A	G	7286	6892	7260	6892	0	0	NA	1	0	0	0
5	25798451	5_25798451_C_T	C	T	7508	6970	7465	6970	0	0	NA	0	0	0	0
5	25900441	5_25900441_G_A	G	A	7652	7106	7604	7106	0	0	NA	1	0	0	0
5	27258923	5_27258923_T_G	T	G	7745	6722	7718	6722	0	0	NA	1	0	0	0
5	27357273	5_27357273_A_C	A	C	7814	7298	7768	7298	0	0	NA	0	0	0	0
5	30315606	5_30315606_T_C	T	C	7754	7184	7736	7184	0	0	NA	0	0	0	0
5	31291075	5_31291075_C_T	C	T	9466	8568	9417	8568	0	0	NA	2	0	0	0
5	33798919	5_33798919_T_A	T	A	7066	6784	7040	6784	0	0	NA	0	0	0	0
5	38695243	5_38695243_G_A	G	A	7008	6617	3796	3596	3171	3021	NA	2	5339	5140	5140
5	38745589	5_38745589_C_T	C	T	8368	7692	8291	7692	0	0	NA	2	0	0	0
5	39750512	5_39750512_T_A	T	A	8932	8416	8895	8416	0	0	NA	0	0	0	0
5	40256553	5_40256553_A_G	A	G	8535	7878	8489	7878	0	0	NA	0	0	0	0
5	40373330	5_40373330_A_G	A	G	7141	6843	7097	6843	0	0	NA	1	0	0	0
5	41062426	5_41062426_C_T	C	T	9117	8095	9066	8095	0	0	NA	0	0	0	0
5	43351055	5_43351055_C_A	C	A	8944	8180	8905	8180	0	0	NA	0	0	0	0
5	43655531	5_43655531_A_G	A	G	8566	7743	8524	7743	0	0	NA	2	0	0	0
5	50019169	5_50019169_T_G	T	G	8167	7308	8137	7308	0	0	NA	0	0	0	0
5	51949099	5_51949099_C_A	C	A	8390	7755	8329	7755	0	0	NA	2	0	0	0
5	56719108	5_56719108_C_G	C	G	7791	6879	7747	6879	0	0	NA	1	0	0	0
5	58194321	5_58194321_C_A	C	A	7673	7401	7637	7401	0	0	NA	0	0	0	0
5	58342075	5_58342075_C_T	C	T	8353	7667	8275	7667	0	0	NA	2	0	0	0
5	63076338	5_63076338_C_T	C	T	7508	7134	7427	7131	0	0	NA	1	0	0	0
5	66204645	5_66204645_C_G	C	G	8642	7897	8604	7897	0	0	NA	2	0	0	0
5	71302464	5_71302464_T_C	T	C	8290	7639	8260	7639	0	0	NA	0	0	0	0
5	73154344	5_73154344_A_T	A	T	9604	6714	9555	6714	0	0	NA	0	0	0	0
5	76257418	5_76257418_C_T	C	T	9027	8467	8971	8467	0	0	NA	1	0	0	0
5	78377867	5_78377867_G_A	G	A	12496	11491	12424	11475	20	16	NA	0	29	24	24
5	81787106	5_81787106_G_T	G	T	6817	6477	6774	6477	0	0	NA	2	0	0	0
5	82380957	5_82380957_A_T	A	T	9121	8255	9066	8255	0	0	NA	0	0	0	0
5	83544133	5_83544133_C_T	C	T	8929	8194	8869	8193	1	1	NA	0	1	1	1
5	84287605	5_84287605_A_C	A	C	6723	5146	6674	5146	0	0	NA	3	0	0	0
5	86403928	5_86403928_C_T	C	T	7100	6513	7038	6513	0	0	NA	1	0	0	0
5	87100052	5_87100052_A_T	A	T	8049	7557	8009	7554	3	3	NA	0	6	6	6
5	88549744	5_88549744_C_T	C	T	8277	7342	8230	7342	0	0	NA	1	2	2	2
5	88964635	5_88964635_C_T	C	T	8263	7362	8220	7362	0	0	NA	0	0	0	0
5	91884252	5_91884252_C_A	C	A	8618	7796	8567	7796	0	0	NA	0	0	0	0
5	92596255	5_92596255_C_T	C	T	9166	8249	9100	8249	0	0	NA	0	0	0	0
5	93053441	5_93053441_C_G	C	G	6701	6100	6637	6100	0	0	NA	0	0	0	0
5	94380796	5_94380796_A_G	A	G	8657	7974	8582	7974	0	0	NA	1	0	0	0
5	98502531	5_98502531_G_T	G	T	8295	5970	8237	5970	0	0	NA	1	0	0	0
5	103900401	5_103900401_A_T	A	T	9535	8182	9421	8182	0	0	NA	0	0	0	0
5	104728718	5_104728718_G_A	G	A	8163	7261	8107	7261	0	0	NA	5	0	0	0
5	108800835	5_108800835_T_A	T	A	8887	8214	8846	8210	4	4	NA	0	5	5	5
5	111255915	5_111255915_C_T	C	T	8555	7928	8531	7928	0	0	NA	0	0	0	0
5	120150576	5_120150576_T_C	T	C	8941	7946	8902	7946	0	0	NA	3	0	0	0
5	130051950	5_130051950_C_T	C	T	7176	6738	7125	6738	0	0	NA	0	0	0	0
5	133084472	5_133084472_C_A	C	A	7420	6945	7381	6945	0	0	NA	0	0	0	0
5	136222808	5_136222808_G_A	G	A	7013	6688	6968	6688	0	0	NA	4	0	0	0
5	137325006	5_137325006_A_G	A	G	9435	8505	9392	8505	0	0	NA	0	0	0	0
5	139928013	5_139928013_T_G	T	G	8058	7576	8020	7576	0	0	NA	0	0	0	0
5	140938816	5_140938816_T_A	T	A	7317	7023	7275	7023	0	0	NA	0	0	0	0
5	142068872	5_142068872_A_G	A	G	8119	7294	8036	7294	0	0	NA	0	0	0	0
5	142868007	5_142868007_C_A	C	A	9745	8575	9696	8575	0	0	NA	1	0	0	0
5	145222156	5_145222156_C_A	C	A	8100	7562	8070	7562	0	0	NA	0	0	0	0
5	146702729	5_146702729_A_T	A	T	9307	8205	9263	8205	0	0	NA	0	0	0	0
5	148423754	5_148423754_A_G	A	G	8701	8007	8666	8007	0	0	NA	0	0	0	0
5	148617171	5_148617171_C_T	C	T	7530	6981	7491	6981	0	0	NA	0	1	1	1
5	148634019	5_148634019_G_T	G	T	8628	7765	8596	7765	0	0	NA	1	0	0	0
5	149510684	5_149510684_A_T	A	T	6545	6229	6517	6229	0	0	NA	0	0	0	0
5	154697584	5_154697584_T_C	T	C	8562	7773	8505	7773	0	0	NA	0	0	0	0
5	155796252	5_155796252_G_A	G	A	8298	7727	8239	7727	0	0	NA	0	0	0	0
5	156436299	5_156436299_G_C	G	C	7135	6592	7071	6578	15	14	NA	0	20	19	19
5	157808621	5_157808621_G_A	G	A	8594	7898	7939	7364	606	534	NA	1	989	872	872
5	158446671	5_158446671_C_A	C	A	6891	6460	6868	6460	0	0	NA	0	0	0	0
5	162746884	5_162746884_C_A	C	A	6399	5843	6357	5828	19	15	NA	1	33	28	28
5	166108864	5_166108864_A_T	A	T	8220	7581	8185	7581	0	0	NA	0	0	0	0
5	167291361	5_167291361_G_A	G	A	8362	7901	8312	7901	0	0	NA	0	0	0	0
5	168230404	5_168230404_C_G	C	G	8477	7712	8426	7712	0	0	NA	0	0	0	0
5	168313780	5_168313780_C_T	C	T	8717	7778	8654	7778	0	0	NA	0	0	0	0
5	168562766	5_168562766_A_G	A	G	9303	8269	9254	8268	1	1	NA	0	1	1	1
5	170305313	5_170305313_C_T	C	T	9320	8421	9258	8421	0	0	NA	2	0	0	0
5	173256027	5_173256027_G_T	G	T	5993	5691	5959	5691	0	0	NA	4	0	0	0
5	173256643	5_173256643_A_G	A	G	9239	8392	9197	8392	0	0	NA	0	0	0	0
5	174019237	5_174019237_T_A	T	A	8448	7666	8401	7666	0	0	NA	0	0	0	0
5	174150342	5_174150342_C_A	C	A	8747	7710	8680	7710	0	0	NA	1	0	0	0
5	176805609	5_176805609_C_G	C	G	8185	7158	8124	7158	0	0	NA	0	0	0	0
5	177689656	5_177689656_A_T	A	T	8049	7601	7997	7601	0	0	NA	0	0	0	0
5	177804411	5_177804411_C_T	C	T	8975	7938	8920	7937	1	1	NA	3	1	1	1
5	178583335	5_178583335_C_G	C	G	5168	4382	5130	4382	0	0	NA	0	0	0	0
5	179743000	5_179743000_T_A	T	A	6832	6459	6793	6459	0	0	NA	1	0	0	0
5	179791985	5_179791985_T_C	T	C	8467	7741	8444	7741	0	0	NA	0	0	0	0
6	395577	6_395577_G_A	G	A	7563	6797	7521	6797	0	0	NA	0	0	0	0
6	702200	6_702200_T_G	T	G	8991	7872	8949	7872	0	0	NA	2	0	0	0
6	1576275	6_1576275_C_A	C	A	8199	7022	8140	7022	0	0	NA	0	0	0	0
6	6729672	6_6729672_G_C	G	C	8383	4311	8235	4221	102	90	NA	1	165	146	146
6	8014881	6_8014881_T_C	T	C	8570	7958	8531	7950	8	8	NA	0	9	9	9
6	8296889	6_8296889_C_T	C	T	8982	7885	8909	7885	0	0	NA	1	1	1	1
6	14341389	6_14341389_G_T	G	T	8202	7553	8137	7553	0	0	NA	1	0	0	0
6	16555733	6_16555733_A_T	A	T	9205	7966	9143	7966	0	0	NA	0	0	0	0
6	19028103	6_19028103_A_C	A	C	7800	7333	7755	7333	0	0	NA	0	0	0	0
6	20046099	6_20046099_C_G	C	G	8747	8327	8708	8327	0	0	NA	0	1	1	1
6	22884004	6_22884004_C_A	C	A	9555	8653	9514	8653	0	0	NA	1	0	0	0
6	26296022	6_26296022_T_G	T	G	8981	8087	8934	8087	0	0	NA	0	0	0	0
6	34697689	6_34697689_G_T	G	T	8403	7633	8330	7633	0	0	NA	2	0	0	0
6	49433558	6_49433558_T_A	T	A	8777	8081	8737	8081	0	0	NA	0	0	0	0
6	51516243	6_51516243_A_T	A	T	8034	7365	7993	7365	0	0	NA	1	0	0	0
6	55595463	6_55595463_T_C	T	C	8543	7867	8510	7867	0	0	NA	1	0	0	0
6	57645241	6_57645241_T_G	T	G	7014	6633	6988	6633	0	0	NA	1	0	0	0
6	67064792	6_67064792_A_G	A	G	7603	7046	7568	7046	0	0	NA	1	0	0	0
6	67561393	6_67561393_T_A	T	A	8748	7895	8719	7895	0	0	NA	2	0	0	0
6	72297531	6_72297531_C_T	C	T	8478	7534	8315	7437	111	97	NA	1	185	165	165
6	72826002	6_72826002_T_C	T	C	8752	8054	8711	8054	0	0	NA	1	0	0	0
6	76341199	6_76341199_C_A	C	A	8507	7954	8431	7954	0	0	NA	0	0	0	0
6	78127020	6_78127020_A_G	A	G	8284	7784	8255	7784	0	0	NA	0	0	0	0
6	80342495	6_80342495_G_T	G	T	10151	8633	10085	8633	0	0	NA	1	0	0	0
6	86520268	6_86520268_C_A	C	A	8261	7538	8186	7538	0	0	NA	1	0	0	0
6	87187448	6_87187448_A_C	A	C	9530	8468	9478	8468	0	0	NA	1	0	0	0
6	88249835	6_88249835_G_A	G	A	7302	6801	7259	6801	0	0	NA	1	0	0	0
6	89156959	6_89156959_A_T	A	T	8817	8165	8775	8165	0	0	NA	0	0	0	0
6	90891581	6_90891581_A_C	A	C	8325	7828	8280	7828	0	0	NA	0	0	0	0
6	92095387	6_92095387_G_A	G	A	8283	7475	8253	7475	0	0	NA	1	0	0	0
6	92545474	6_92545474_G_T	G	T	8380	7472	8334	7472	0	0	NA	2	0	0	0
6	93416796	6_93416796_C_A	C	A	8371	7900	8306	7900	0	0	NA	0	0	0	0
6	95153967	6_95153967_G_A	G	A	8481	7670	8443	7670	0	0	NA	0	0	0	0
6	97501163	6_97501163_T_C	T	C	8101	7560	4290	4042	3747	3518	NA	8	6278	5920	5920
6	97533179	6_97533179_G_T	G	T	8983	7735	8929	7735	0	0	NA	1	0	0	0
6	98774399	6_98774399_C_G	C	G	7415	6943	7312	6943	0	0	NA	5	1	1	1
6	103599298	6_103599298_G_T	G	T	8511	8009	8453	8009	0	0	NA	2	0	0	0
6	105641954	6_105641954_C_A	C	A	7844	7426	7804	7426	0	0	NA	0	0	0	0
6	106256383	6_106256383_T_A	T	A	7024	6710	6975	6691	19	19	NA	0	42	42	42
6	110376390	6_110376390_C_T	C	T	8420	7402	8360	7402	0	0	NA	1	0	0	0
6	114937611	6_114937611_G_A	G	A	7775	7243	7724	7243	0	0	NA	0	0	0	0
6	115419612	6_115419612_C_T	C	T	8384	7600	8337	7600	0	0	NA	3	0	0	0
6	117962605	6_117962605_C_T	C	T	7789	7381	7734	7381	0	0	NA	1	0	0	0
6	118430493	6_118430493_T_G	T	G	8979	8298	8945	8298	0	0	NA	0	0	0	0
6	120071315	6_120071315_C_T	C	T	8360	7821	8321	7821	0	0	NA	0	0	0	0
6	120215389	6_120215389_G_A	G	A	8080	7508	8043	7508	0	0	NA	0	0	0	0
6	122110614	6_122110614_C_A	C	A	8511	7818	8436	7818	0	0	NA	1	0	0	0
6	123969333	6_123969333_C_T	C	T	8031	7398	7976	7398	0	0	NA	2	1	1	1
6	125977159	6_125977159_A_C	A	C	6192	5949	6170	5949	0	0	NA	1	0	0	0
6	126003286	6_126003286_T_G	T	G	8770	7952	8724	7952	0	0	NA	0	0	0	0
6	128371684	6_128371684_C_A	C	A	8342	7892	8310	7892	0	0	NA	0	0	0	0
6	129159945	6_129159945_C_T	C	T	8291	7870	8254	7870	0	0	NA	0	0	0	0
6	133163666	6_133163666_G_A	G	A	9791	8704	9719	8704	0	0	NA	2	0	0	0
6	133201693	6_133201693_A_T	A	T	8743	7975	8706	7975	0	0	NA	0	0	0	0
6	137316100	6_137316100_C_T	C	T	8793	7851	8734	7851	0	0	NA	0	0	0	0
6	143263032	6_143263032_G_T	G	T	8361	7708	8294	7708	0	0	NA	0	0	0	0
6	147581152	6_147581152_A_C	A	C	7457	7101	7419	7101	0	0	NA	0	0	0	0
6	151683601	6_151683601_G_T	G	T	7979	7306	7945	7306	0	0	NA	0	0	0	0
6	153807520	6_153807520_G_T	G	T	8477	7758	8399	7758	0	0	NA	0	0	0	0
6	154071410	6_154071410_G_T	G	T	7721	7043	7666	7043	0	0	NA	1	0	0	0
6	155763830	6_155763830_A_G	A	G	9143	8033	9110	8033	0	0	NA	0	0	0	0
6	158242888	6_158242888_G_T	G	T	8594	7912	8541	7912	0	0	NA	1	0	0	0
6	158932262	6_158932262_C_T	C	T	7768	7144	7699	7144	0	0	NA	2	1	1	1
6	162361824	6_162361824_A_T	A	T	9614	8441	9541	8441	0	0	NA	0	0	0	0
6	164499198	6_164499198_A_G	A	G	8550	7946	7544	7074	940	872	NA	1	1544	1435	1435
6	166118689	6_166118689_C_A	C	A	8685	7923	8630	7923	0	0	NA	0	0	0	0
6	166393123	6_166393123_C_A	C	A	8786	7787	8711	7787	0	0	NA	2	0	0	0
6	166417642	6_166417642_A_T	A	T	7931	7249	7890	7249	0	0	NA	0	0	0	0
6	167269854	6_167269854_C_A	C	A	9527	8014	9450	8013	1	1	NA	1	2	1	1
6	168067165	6_168067165_G_T	G	T	8727	7650	8662	7650	0	0	NA	3	0	0	0
6	168833693	6_168833693_A_G	A	G	8412	7689	8388	7689	0	0	NA	0	0	0	0
6	169263301	6_169263301_C_T	C	T	7473	6802	7414	6802	0	0	NA	0	0	0	0
7	7530210	7_7530210_T_C	T	C	7806	7355	7774	7355	0	0	NA	0	0	0	0
7	16599609	7_16599609_G_T	G	T	7578	7167	7540	7167	0	0	NA	1	0	0	0
7	16727782	7_16727782_T_A	T	A	8192	7705	8163	7705	0	0	NA	0	0	0	0
7	17199938	7_17199938_C_T	C	T	9123	8602	9072	8602	0	0	NA	0	0	0	0
7	18585605	7_18585605_C_T	C	T	8232	7726	8188	7726	0	0	NA	0	0	0	0
7	20872833	7_20872833_T_A	T	A	8133	7307	8097	7307	0	0	NA	0	0	0	0
7	22027213	7_22027213_G_A	G	A	8394	7898	8337	7890	8	8	NA	0	13	13	13
7	24877797	7_24877797_G_T	G	T	7854	7221	7800	7221	0	0	NA	3	0	0	0
7	31286803	7_31286803_G_A	G	A	8119	7259	8049	7259	0	0	NA	4	0	0	0
7	38264627	7_38264627_C_G	C	G	9117	8508	9068	8508	0	0	NA	1	0	0	0
7	39785725	7_39785725_C_A	C	A	8463	7515	8426	7515	0	0	NA	0	0	0	0
7	41918013	7_41918013_T_A	T	A	6623	6091	6586	6091	0	0	NA	0	0	0	0
7	49788549	7_49788549_T_A	T	A	9158	7814	9111	7814	0	0	NA	0	0	0	0
7	55173335	7_55173335_A_T	A	T	9262	8414	9224	8414	0	0	NA	0	0	0	0
7	63835105	7_63835105_C_G	C	G	8275	7717	7657	7193	555	524	NA	1	934	875	875
7	64344294	7_64344294_T_A	T	A	8775	7684	8736	7684	0	0	NA	0	0	0	0
7	68955573	7_68955573_C_T	C	T	8794	7865	8733	7865	0	0	NA	0	1	0	0
7	71285564	7_71285564_T_C	T	C	8985	8388	8949	8388	0	0	NA	1	1	1	1
7	78617747	7_78617747_C_A	C	A	7959	7330	7873	7330	0	0	NA	1	0	0	0
7	80739993	7_80739993_A_T	A	T	6904	6391	6886	6391	0	0	NA	0	0	0	0
7	87828372	7_87828372_T_C	T	C	8264	7872	8232	7872	0	0	NA	0	0	0	0
7	89225372	7_89225372_A_T	A	T	8810	8240	8762	8240	0	0	NA	0	0	0	0
7	94448785	7_94448785_C_T	C	T	6643	5738	6596	5738	0	0	NA	0	0	0	0
7	96667371	7_96667371_C_A	C	A	8172	7605	8125	7605	0	0	NA	0	0	0	0
7	97221268	7_97221268_G_A	G	A	8434	7606	8370	7606	0	0	NA	2	0	0	0
7	97425507	7_97425507_C_T	C	T	8825	8030	8146	7484	612	546	NA	0	967	866	866
7	107156061	7_107156061_G_A	G	A	6668	6450	6643	6450	0	0	NA	2	0	0	0
7	109728682	7_109728682_G_T	G	T	9221	8176	9148	8176	0	0	NA	0	0	0	0
7	119412045	7_119412045_G_A	G	A	8185	7586	8143	7586	0	0	NA	0	0	0	0
7	123853969	7_123853969_C_G	C	G	8436	7798	8365	7798	0	0	NA	1	0	0	0
7	125658115	7_125658115_T_A	T	A	7748	7268	7703	7268	0	0	NA	0	0	0	0
7	126653881	7_126653881_C_T	C	T	9026	8191	8959	8191	0	0	NA	1	0	0	0
7	127725652	7_127725652_C_T	C	T	8697	7588	8639	7588	0	0	NA	3	0	0	0
7	129960226	7_129960226_A_G	A	G	8939	7911	8893	7911	0	0	NA	1	0	0	0
7	131077767	7_131077767_G_T	G	T	7338	6410	7270	6410	0	0	NA	1	0	0	0
7	131645389	7_131645389_G_A	G	A	8586	7551	8520	7549	4	2	NA	1	9	5	5
7	135881162	7_135881162_C_A	C	A	8238	7633	8177	7633	0	0	NA	0	2	1	1
7	135980056	7_135980056_C_A	C	A	7811	7381	7775	7381	0	0	NA	0	0	0	0
7	136389597	7_136389597_C_T	C	T	9132	8326	9059	8326	0	0	NA	0	0	0	0
7	138363732	7_138363732_C_A	C	A	9051	7806	8991	7806	0	0	NA	0	0	0	0
7	138746679	7_138746679_A_G	A	G	8785	7875	8753	7871	4	4	NA	0	8	7	7
7	139635565	7_139635565_C_A	C	A	7907	7263	7864	7263	0	0	NA	2	0	0	0
7	152888405	7_152888405_C_A	C	A	8552	7525	8480	7525	0	0	NA	1	1	1	1
7	153215319	7_153215319_A_C	A	C	9357	8282	9283	8282	0	0	NA	1	0	0	0
7	153571032	7_153571032_T_A	T	A	8833	8195	8757	8195	0	0	NA	1	0	0	0
7	156412082	7_156412082_T_C	T	C	7482	6926	7426	6926	0	0	NA	5	1	0	0
7	157394658	7_157394658_G_A	G	A	8163	7269	8103	7269	0	0	NA	4	1	1	1
7	157576994	7_157576994_T_A	T	A	8018	7143	7971	7143	0	0	NA	0	0	0	0
7	158196803	7_158196803_C_T	C	T	9084	7820	9004	7820	0	0	NA	1	0	0	0
8	3857292	8_3857292_C_A	C	A	7900	7378	7856	7378	0	0	NA	1	0	0	0
8	4126946	8_4126946_T_A	T	A	8005	7574	7984	7574	0	0	NA	0	0	0	0
8	4642062	8_4642062_T_A	T	A	8401	8009	8358	8009	0	0	NA	0	0	0	0
8	10654381	8_10654381_C_A	C	A	8802	8135	8739	8135	0	0	NA	1	0	0	0
8	11168440	8_11168440_G_A	G	A	9026	7838	8991	7837	1	1	NA	0	1	1	1
8	19378503	8_19378503_C_T	C	T	8524	7565	8294	7410	176	155	NA	0	280	252	252
8	20202580	8_20202580_C_A	C	A	7559	7117	7501	7117	0	0	NA	1	0	0	0
8	22985525	8_22985525_C_A	C	A	7834	7180	7789	7180	0	0	NA	1	0	0	0
8	24393938	8_24393938_C_T	C	T	6190	5837	6147	5837	0	0	NA	0	1	1	1
8	24718585	8_24718585_C_G	C	G	7317	6404	7272	6404	0	0	NA	0	0	0	0
8	29049553	8_29049553_C_T	C	T	9020	8014	8904	7957	69	57	NA	1	117	99	99
8	29476097	8_29476097_A_G	A	G	8928	8034	8883	8034	0	0	NA	0	0	0	0
8	31917473	8_31917473_A_C	A	C	8735	8385	8697	8385	0	0	NA	0	0	0	0
8	32885673	8_32885673_C_A	C	A	9388	8830	9348	8830	0	0	NA	1	0	0	0
8	34242720	8_34242720_C_A	C	A	7868	7384	7806	7384	0	0	NA	1	0	0	0
8	36832966	8_36832966_T_C	T	C	7688	7102	7663	7102	0	0	NA	1	0	0	0
8	41973248	8_41973248_A_G	A	G	8768	7846	8726	7846	0	0	NA	2	1	1	1
8	42935226	8_42935226_G_A	G	A	8858	8079	8814	8079	0	0	NA	1	0	0	0
8	43275772	8_43275772_C_A	C	A	8744	7949	8600	7949	0	0	NA	3	0	0	0
8	53126766	8_53126766_C_T	C	T	8578	7803	8541	7803	0	0	NA	3	0	0	0
8	53340292	8_53340292_T_G	T	G	8226	7490	8161	7490	0	0	NA	0	0	0	0
8	54305542	8_54305542_G_A	G	A	8106	7381	8062	7380	1	1	NA	2	1	1	1
8	55404540	8_55404540_C_T	C	T	8064	7293	7999	7293	0	0	NA	1	0	0	0
8	56427658	8_56427658_T_G	T	G	7254	6899	7227	6899	0	0	NA	2	0	0	0
8	60764062	8_60764062_C_A	C	A	8307	7861	8270	7861	0	0	NA	0	0	0	0
8	61286741	8_61286741_G_A	G	A	8055	7242	7979	7242	0	0	NA	1	0	0	0
8	64631002	8_64631002_G_T	G	T	7562	7077	4116	3895	3391	3182	NA	5	5647	5371	5371
8	64861304	8_64861304_G_T	G	T	9479	8579	9410	8579	0	0	NA	2	0	0	0
8	65606352	8_65606352_G_C	G	C	8510	7758	8442	7758	0	0	NA	0	0	0	0
8	67241329	8_67241329_G_T	G	T	8526	7105	8441	7105	0	0	NA	0	0	0	0
8	71129553	8_71129553_A_C	A	C	8247	7508	8174	7508	0	0	NA	0	0	0	0
8	71483555	8_71483555_T_C	T	C	8548	7791	8525	7791	0	0	NA	0	0	0	0
8	72098876	8_72098876_G_A	G	A	8404	7971	8359	7971	0	0	NA	3	0	0	0
8	72273918	8_72273918_T_C	T	C	8660	7472	8500	7368	114	104	NA	3	198	180	180
8	72465952	8_72465952_A_T	A	T	7018	6781	6999	6781	0	0	NA	0	0	0	0
8	72484496	8_72484496_C_T	C	T	8126	7751	8066	7751	0	0	NA	0	0	0	0
8	73038586	8_73038586_C_A	C	A	7459	7009	7413	7009	0	0	NA	0	0	0	0
8	73587334	8_73587334_C_T	C	T	7684	7166	7628	7164	2	2	NA	1	3	3	3
8	74197234	8_74197234_T_C	T	C	7531	7251	7496	7251	0	0	NA	0	0	0	0
8	75240598	8_75240598_G_T	G	T	7942	7228	7892	7228	0	0	NA	1	0	0	0
8	75259578	8_75259578_A_G	A	G	9183	8448	9147	8448	0	0	NA	0	0	0	0
8	87325938	8_87325938_T_C	T	C	8337	7906	8285	7906	0	0	NA	0	0	0	0
8	89005528	8_89005528_A_C	A	C	8574	7947	8542	7947	0	0	NA	0	0	0	0
8	91044426	8_91044426_T_C	T	C	9357	8432	9323	8432	0	0	NA	1	0	0	0
8	91570837	8_91570837_A_G	A	G	8321	7506	8282	7506	0	0	NA	0	0	0	0
8	92818865	8_92818865_G_T	G	T	8435	7766	8396	7766	0	0	NA	0	0	0	0
8	94490319	8_94490319_A_T	A	T	7172	6908	7140	6908	0	0	NA	0	0	0	0
8	95268262	8_95268262_A_T	A	T	8993	8232	8957	8232	0	0	NA	0	0	0	0
8	96287778	8_96287778_A_T	A	T	8841	8292	8812	8292	0	0	NA	0	0	0	0
8	98063728	8_98063728_G_T	G	T	8685	8093	8619	8093	0	0	NA	0	0	0	0
8	99694717	8_99694717_C_T	C	T	8166	7591	8120	7591	0	0	NA	0	0	0	0
8	101342663	8_101342663_T_A	T	A	9168	8457	9118	8457	0	0	NA	1	0	0	0
8	105334138	8_105334138_C_A	C	A	8107	7379	8070	7379	0	0	NA	1	0	0	0
8	105671427	8_105671427_C_A	C	A	8677	8040	8614	8040	0	0	NA	1	0	0	0
8	107972864	8_107972864_A_T	A	T	8392	7942	8359	7942	0	0	NA	0	0	0	0
8	109462833	8_109462833_A_G	A	G	8207	7675	8162	7675	0	0	NA	0	0	0	0
8	112759366	8_112759366_C_T	C	T	8435	7640	7514	6860	851	780	NA	8	1429	1322	1322
8	114639602	8_114639602_T_C	T	C	7304	6966	7268	6966	0	0	NA	2	0	0	0
8	116425834	8_116425834_G_T	G	T	7947	7586	7902	7586	0	0	NA	1	0	0	0
8	117610748	8_117610748_G_A	G	A	8723	7896	8651	7896	0	0	NA	0	0	0	0
8	118028481	8_118028481_G_A	G	A	9503	8359	9428	8357	3	2	NA	3	3	2	2
8	118164119	8_118164119_G_T	G	T	8497	7697	8451	7697	0	0	NA	1	0	0	0
8	118273599	8_118273599_T_C	T	C	8276	7668	8239	7668	0	0	NA	1	0	0	0
8	119827083	8_119827083_T_C	T	C	8546	7954	8496	7954	0	0	NA	0	0	0	0
8	120526480	8_120526480_A_T	A	T	9340	8384	9273	8384	0	0	NA	0	0	0	0
8	120655999	8_120655999_T_C	T	C	7319	6935	7241	6935	0	0	NA	1	0	0	0
8	121304034	8_121304034_C_A	C	A	7905	7510	7868	7510	0	0	NA	2	0	0	0
8	125234786	8_125234786_T_G	T	G	6157	5649	6134	5649	0	0	NA	0	0	0	0
8	125908429	8_125908429_C_G	C	G	8275	7785	8212	7783	2	2	NA	0	3	3	3
8	127270289	8_127270289_A_C	A	C	7694	7082	7670	7082	0	0	NA	0	0	0	0
8	128990073	8_128990073_A_C	A	C	8039	7393	7987	7393	0	0	NA	2	0	0	0
8	133277715	8_133277715_A_G	A	G	8176	7188	8096	7188	0	0	NA	0	0	0	0
8	136520287	8_136520287_A_C	A	C	6888	6518	6858	6518	0	0	NA	0	0	0	0
8	138502641	8_138502641_C_T	C	T	8762	8115	8722	8112	3	3	NA	1	7	7	7
8	139819907	8_139819907_A_G	A	G	7183	6886	7157	6885	1	1	NA	0	2	2	2
9	4246471	9_4246471_C_T	C	T	8736	8011	8652	8011	0	0	NA	5	0	0	0
9	5375700	9_5375700_C_G	C	G	7121	6694	7085	6694	0	0	NA	0	0	0	0
9	8846264	9_8846264_C_A	C	A	8187	7145	8112	7145	0	0	NA	2	1	1	1
9	10625985	9_10625985_T_A	T	A	8053	7385	8002	7385	0	0	NA	1	0	0	0
9	12095096	9_12095096_G_T	G	T	9285	8035	9219	8035	0	0	NA	1	0	0	0
9	13559916	9_13559916_C_G	C	G	8823	8275	8774	8275	0	0	NA	1	0	0	0
9	13721380	9_13721380_T_C	T	C	9345	8523	9304	8523	0	0	NA	0	0	0	0
9	18052472	9_18052472_G_T	G	T	8954	8090	8914	8090	0	0	NA	1	0	0	0
9	22215407	9_22215407_T_A	T	A	7854	7291	7808	7291	0	0	NA	0	0	0	0
9	23977368	9_23977368_C_T	C	T	6616	6043	6581	6043	0	0	NA	1	0	0	0
9	28329543	9_28329543_C_G	C	G	9017	8236	8971	8236	0	0	NA	0	0	0	0
9	30833214	9_30833214_G_C	G	C	7501	7068	7453	7068	0	0	NA	0	0	0	0
9	31567440	9_31567440_G_T	G	T	8053	7530	8000	7530	0	0	NA	0	0	0	0
9	31926955	9_31926955_A_G	A	G	9203	8292	9043	8190	115	102	NA	0	197	175	175
9	37475482	9_37475482_C_G	C	G	8957	7972	8901	7972	0	0	NA	1	0	0	0
9	37856438	9_37856438_A_G	A	G	7682	7165	7654	7165	0	0	NA	0	0	0	0
9	73706687	9_73706687_G_A	G	A	6389	5922	6339	5922	0	0	NA	0	0	0	0
9	76870221	9_76870221_A_T	A	T	7516	6849	7440	6849	0	0	NA	0	0	0	0
9	78141982	9_78141982_A_T	A	T	9037	7997	8992	7997	0	0	NA	0	0	0	0
9	79379699	9_79379699_G_T	G	T	9236	8426	9197	8426	0	0	NA	1	0	0	0
9	80047871	9_80047871_C_A	C	A	8984	8135	8941	8135	0	0	NA	2	0	0	0
9	80216803	9_80216803_C_G	C	G	8915	8117	8844	8117	0	0	NA	0	0	0	0
9	84472218	9_84472218_G_T	G	T	6977	6503	6929	6503	0	0	NA	1	0	0	0
9	88718940	9_88718940_G_C	G	C	7885	7413	7846	7413	0	0	NA	0	1	1	1
9	94296909	9_94296909_A_G	A	G	8649	7724	8620	7724	0	0	NA	0	0	0	0
9	94695299	9_94695299_G_T	G	T	7453	6686	7404	6686	0	0	NA	0	0	0	0
9	94881556	9_94881556_T_C	T	C	9574	8496	9528	8496	0	0	NA	0	0	0	0
9	97466833	9_97466833_C_T	C	T	7034	4356	6974	4356	0	0	NA	1	0	0	0
9	103656352	9_103656352_T_C	T	C	8481	7902	8446	7902	0	0	NA	0	0	0	0
9	103762433	9_103762433_G_A	G	A	7786	7433	7753	7432	1	1	NA	0	2	2	2
9	104393576	9_104393576_T_A	T	A	9041	8404	9008	8404	0	0	NA	2	0	0	0
9	105717597	9_105717597_A_T	A	T	8550	7950	8502	7950	0	0	NA	0	0	0	0
9	106866465	9_106866465_C_A	C	A	8495	7930	8430	7930	0	0	NA	1	0	0	0
9	108675845	9_108675845_C_T	C	T	8143	7694	8081	7694	0	0	NA	0	0	0	0
9	109148533	9_109148533_G_A	G	A	9406	8481	9341	8481	0	0	NA	0	0	0	0
9	110608744	9_110608744_C_T	C	T	7574	7164	7546	7164	0	0	NA	0	0	0	0
9	112468802	9_112468802_A_G	A	G	8748	7740	8699	7740	0	0	NA	0	0	0	0
9	112589428	9_112589428_G_A	G	A	8884	8080	8840	8080	0	0	NA	0	0	0	0
9	114178423	9_114178423_G_A	G	A	7301	6529	7245	6529	0	0	NA	3	1	1	1
9	118141718	9_118141718_C_T	C	T	8173	7402	8137	7402	0	0	NA	0	0	0	0
9	118876823	9_118876823_G_A	G	A	8596	7781	8554	7781	0	0	NA	4	0	0	0
9	118960205	9_118960205_A_G	A	G	7953	7587	7919	7587	0	0	NA	1	0	0	0
9	120692350	9_120692350_T_C	T	C	7677	7192	7655	7192	0	0	NA	0	0	0	0
9	122545183	9_122545183_T_A	T	A	8200	7653	8139	7653	0	0	NA	1	0	0	0
9	127025193	9_127025193_T_A	T	A	8562	7497	8518	7497	0	0	NA	0	0	0	0
9	129927730	9_129927730_T_A	T	A	7606	7214	7578	7214	0	0	NA	1	0	0	0
9	131371450	9_131371450_G_T	G	T	7300	6714	7267	6714	0	0	NA	1	1	0	0
9	136495815	9_136495815_T_C	T	C	7808	6845	7771	6845	0	0	NA	2	0	0	0
10	3738226	10_3738226_C_A	C	A	8512	5822	8472	5822	0	0	NA	1	0	0	0
10	3949726	10_3949726_G_T	G	T	8154	7206	8093	7201	5	5	NA	0	10	9	9
10	4148664	10_4148664_G_A	G	A	8406	7470	8353	7470	0	0	NA	1	0	0	0
10	5199830	10_5199830_C_T	C	T	9055	7819	8990	7808	13	11	NA	0	23	18	18
10	8292073	10_8292073_C_T	C	T	8268	7405	8213	7405	0	0	NA	0	0	0	0
10	8695323	10_8695323_A_G	A	G	7684	7322	7657	7322	0	0	NA	2	0	0	0
10	10459866	10_10459866_C_T	C	T	8666	8222	8618	8222	0	0	NA	1	0	0	0
10	10816010	10_10816010_G_T	G	T	8705	7753	8653	7753	0	0	NA	1	0	0	0
10	11577430	10_11577430_A_T	A	T	8724	7711	8696	7711	0	0	NA	0	0	0	0
10	11621125	10_11621125_T_C	T	C	7634	7313	7609	7313	0	0	NA	0	0	0	0
10	12002919	10_12002919_T_G	T	G	7333	6320	7295	6320	0	0	NA	1	0	0	0
10	12382231	10_12382231_A_C	A	C	7251	6612	7221	6609	3	3	NA	0	4	4	4
10	12866368	10_12866368_C_T	C	T	7797	6923	7770	6923	0	0	NA	0	0	0	0
10	15796271	10_15796271_T_A	T	A	7036	6537	7011	6537	0	0	NA	0	0	0	0
10	20740382	10_20740382_C_T	C	T	8996	7980	8935	7980	0	0	NA	1	0	0	0
10	22713507	10_22713507_A_T	A	T	7625	7186	7602	7186	0	0	NA	0	0	0	0
10	24080950	10_24080950_A_T	A	T	8927	8115	8897	8115	0	0	NA	0	0	0	0
10	31965713	10_31965713_C_A	C	A	8092	7205	8037	7205	0	0	NA	1	0	0	0
10	33377623	10_33377623_G_A	G	A	9052	8331	9026	8331	0	0	NA	1	0	0	0
10	34690656	10_34690656_C_A	C	A	8602	7807	8552	7807	0	0	NA	0	0	0	0
10	36346880	10_36346880_C_A	C	A	8199	7266	8136	7266	0	0	NA	0	0	0	0
10	52108888	10_52108888_G_C	G	C	8845	8093	8800	8092	1	1	NA	0	3	2	2
10	53883865	10_53883865_G_T	G	T	8327	7978	8300	7978	0	0	NA	1	0	0	0
10	54730091	10_54730091_G_A	G	A	6598	6264	6566	6264	0	0	NA	1	1	1	1
10	58688641	10_58688641_A_T	A	T	6193	5718	6170	5718	0	0	NA	2	0	0	0
10	62128850	10_62128850_C_T	C	T	7902	7230	7810	7230	0	0	NA	0	1	0	0
10	62352172	10_62352172_A_T	A	T	8244	7586	8202	7586	0	0	NA	0	0	0	0
10	63764024	10_63764024_C_T	C	T	8448	7820	8405	7820	0	0	NA	1	1	1	1
10	64832739	10_64832739_T_G	T	G	8842	7659	8736	7650	16	9	NA	0	25	17	17
10	65373835	10_65373835_C_T	C	T	8595	7969	8554	7969	0	0	NA	0	0	0	0
10	65828325	10_65828325_G_T	G	T	8408	7915	8365	7915	0	0	NA	3	0	0	0
10	66751052	10_66751052_T_C	T	C	9470	8393	9415	8392	1	1	NA	0	1	1	1
10	69744933	10_69744933_T_A	T	A	9497	8838	9463	8838	0	0	NA	0	0	0	0
10	70496164	10_70496164_A_T	A	T	6925	4085	6897	4085	0	0	NA	0	0	0	0
10	71220745	10_71220745_T_A	T	A	9349	8174	9310	8174	0	0	NA	0	0	0	0
10	71374404	10_71374404_T_C	T	C	7552	6565	7035	6315	462	250	NA	0	838	483	483
10	72501771	10_72501771_C_A	C	A	8706	7979	8677	7979	0	0	NA	1	1	1	1
10	72542086	10_72542086_A_G	A	G	8962	7976	8938	7976	0	0	NA	0	0	0	0
10	83578535	10_83578535_C_A	C	A	8157	7735	8110	7735	0	0	NA	0	0	0	0
10	86021283	10_86021283_T_G	T	G	8664	7621	8625	7621	0	0	NA	1	0	0	0
10	97037513	10_97037513_C_A	C	A	9984	8527	9929	8527	0	0	NA	3	0	0	0
10	101845674	10_101845674_G_A	G	A	9037	8437	8993	8437	0	0	NA	1	0	0	0
10	103005535	10_103005535_C_T	C	T	9315	8323	9258	8323	0	0	NA	0	1	0	0
10	105871986	10_105871986_G_A	G	A	8520	7645	8462	7645	0	0	NA	0	0	0	0
10	107375988	10_107375988_G_A	G	A	8773	7869	8724	7869	0	0	NA	1	0	0	0
10	109752225	10_109752225_G_A	G	A	8961	8069	8905	8069	0	0	NA	0	0	0	0
10	110306537	10_110306537_C_T	C	T	8260	7628	8201	7628	0	0	NA	1	0	0	0
10	112569630	10_112569630_G_T	G	T	9038	8151	8976	8151	0	0	NA	0	0	0	0
10	113013619	10_113013619_T_A	T	A	7741	7294	7693	7294	0	0	NA	1	0	0	0
10	114168196	10_114168196_T_A	T	A	8713	7845	8651	7845	0	0	NA	0	0	0	0
10	116712442	10_116712442_G_T	G	T	7596	7140	7563	7140	0	0	NA	1	0	0	0
10	117899006	10_117899006_C_T	C	T	9204	8085	9145	8085	0	0	NA	0	1	1	1
10	119544774	10_119544774_C_T	C	T	9011	8189	8964	8189	0	0	NA	0	1	1	1
10	119648561	10_119648561_C_T	C	T	9289	8309	9004	8101	238	208	NA	3	418	375	375
10	119830504	10_119830504_T_A	T	A	6826	6166	6804	6166	0	0	NA	0	0	0	0
10	122128638	10_122128638_A_C	A	C	8723	7973	8696	7973	0	0	NA	1	0	0	0
10	124228101	10_124228101_C_A	C	A	6744	5775	6700	5775	0	0	NA	0	0	0	0
10	124450661	10_124450661_A_C	A	C	8843	8271	8817	8271	0	0	NA	0	0	0	0
10	124824301	10_124824301_C_T	C	T	8796	8162	8760	8162	0	0	NA	0	0	0	0
10	125077761	10_125077761_C_A	C	A	9091	8072	8998	8072	0	0	NA	1	0	0	0
10	126320916	10_126320916_G_C	G	C	8062	7289	8018	7289	0	0	NA	0	0	0	0
10	128469629	10_128469629_C_A	C	A	9070	8149	9004	8149	0	0	NA	0	0	0	0
10	128565757	10_128565757_C_A	C	A	8881	7883	8843	7883	0	0	NA	0	0	0	0
10	129487222	10_129487222_A_T	A	T	6914	6436	6875	6436	0	0	NA	0	0	0	0
10	130917861	10_130917861_C_A	C	A	8314	7748	8263	7748	0	0	NA	0	0	0	0
10	133199678	10_133199678_G_A	G	A	8832	8125	8786	8124	1	1	NA	2	1	1	1
10	134511889	10_134511889_C_A	C	A	8982	7653	8914	7653	0	0	NA	0	0	0	0
10	134914859	10_134914859_A_C	A	C	8529	7368	8483	7368	0	0	NA	0	0	0	0
11	1015392	11_1015392_G_A	G	A	8901	7882	8832	7879	4	3	NA	4	6	5	5
11	3361010	11_3361010_G_C	G	C	9033	7914	8989	7914	0	0	NA	0	0	0	0
11	5834990	11_5834990_G_A	G	A	8859	7910	8792	7910	0	0	NA	1	0	0	0
11	9157449	11_9157449_A_T	A	T	8769	7573	8706	7573	0	0	NA	0	0	0	0
11	10078766	11_10078766_T_G	T	G	8525	7707	8462	7707	0	0	NA	1	0	0	0
11	13359719	11_13359719_T_A	T	A	7227	6177	7172	6177	0	0	NA	1	0	0	0
11	13924103	11_13924103_A_T	A	T	8387	7627	8351	7627	0	0	NA	0	0	0	0
11	15093916	11_15093916_G_A	G	A	8256	7126	8215	7126	0	0	NA	2	0	0	0
11	15721818	11_15721818_T_A	T	A	8353	7554	8307	7554	0	0	NA	0	0	0	0
11	17803972	11_17803972_C_A	C	A	8324	7468	8286	7468	0	0	NA	2	0	0	0
11	18955421	11_18955421_C_T	C	T	8919	8024	8881	8024	0	0	NA	0	0	0	0
11	22412714	11_22412714_C_A	C	A	8942	7879	8876	7879	0	0	NA	0	0	0	0
11	24048339	11_24048339_C_T	C	T	6765	6035	6720	6035	0	0	NA	1	0	0	0
11	27171366	11_27171366_A_T	A	T	8599	7388	8548	7388	0	0	NA	0	0	0	0
11	28570786	11_28570786_T_A	T	A	7981	7383	7951	7383	0	0	NA	0	0	0	0
11	28653255	11_28653255_C_A	C	A	9590	8480	9527	8480	0	0	NA	2	0	0	0
11	28931590	11_28931590_G_A	G	A	8878	8248	8824	8248	0	0	NA	0	0	0	0
11	29729354	11_29729354_T_G	T	G	9236	8347	9178	8347	0	0	NA	0	0	0	0
11	35649774	11_35649774_C_T	C	T	7415	6987	7357	6987	0	0	NA	2	0	0	0
11	38954052	11_38954052_T_G	T	G	7904	7315	7872	7315	0	0	NA	1	0	0	0
11	38989375	11_38989375_T_A	T	A	7942	7323	7893	7323	0	0	NA	0	0	0	0
11	42339962	11_42339962_G_T	G	T	8901	8219	8845	8219	0	0	NA	1	0	0	0
11	42742636	11_42742636_T_A	T	A	8862	8145	8823	8145	0	0	NA	1	0	0	0
11	42794226	11_42794226_G_A	G	A	8779	7912	8724	7912	0	0	NA	1	2	1	1
11	55424371	11_55424371_T_A	T	A	8701	7598	8666	7598	0	0	NA	0	0	0	0
11	57069403	11_57069403_G_A	G	A	7168	5902	7128	5902	0	0	NA	0	0	0	0
11	61292485	11_61292485_G_C	G	C	8323	7549	8291	7549	0	0	NA	0	2	1	1
11	64436457	11_64436457_T_C	T	C	8879	8035	8836	8035	0	0	NA	0	0	0	0
11	64710629	11_64710629_A_T	A	T	8886	8060	8845	8060	0	0	NA	0	0	0	0
11	70618718	11_70618718_C_A	C	A	9321	8135	9265	8135	0	0	NA	0	0	0	0
11	75321596	11_75321596_G_A	G	A	9127	8268	9077	8268	0	0	NA	1	0	0	0
11	76316531	11_76316531_C_T	C	T	8377	7855	8324	7855	0	0	NA	1	1	1	1
11	79072309	11_79072309_T_G	T	G	8936	8017	8897	8017	0	0	NA	0	0	0	0
11	80041829	11_80041829_G_C	G	C	8467	7982	8411	7982	0	0	NA	0	0	0	0
11	80726330	11_80726330_G_A	G	A	9327	8549	9274	8549	0	0	NA	0	0	0	0
11	81244835	11_81244835_G_A	G	A	9726	8558	9648	8558	0	0	NA	0	0	0	0
11	81368434	11_81368434_A_T	A	T	7306	6300	7259	6300	0	0	NA	3	0	0	0
11	89250048	11_89250048_G_A	G	A	9788	8151	9677	8137	14	14	NA	0	27	26	26
11	90360258	11_90360258_T_G	T	G	7544	7234	7515	7234	0	0	NA	1	0	0	0
11	90992281	11_90992281_G_T	G	T	7775	7150	4121	3741	3609	3409	NA	4	6152	5844	5844
11	92862924	11_92862924_G_C	G	C	9350	8351	9308	8351	0	0	NA	0	0	0	0
11	93765728	11_93765728_C_G	C	G	8638	7842	8590	7842	0	0	NA	1	0	0	0
11	94408233	11_94408233_T_A	T	A	9537	8650	9491	8650	0	0	NA	1	0	0	0
11	98966068	11_98966068_C_T	C	T	7825	7426	7761	7426	0	0	NA	1	0	0	0
11	99221969	11_99221969_G_C	G	C	8463	8056	8420	8056	0	0	NA	0	0	0	0
11	99508103	11_99508103_G_A	G	A	6812	6018	6772	6018	0	0	NA	0	0	0	0
11	99701254	11_99701254_G_C	G	C	8474	7778	8409	7778	0	0	NA	0	1	1	1
11	99724950	11_99724950_T_A	T	A	8459	7868	8408	7868	0	0	NA	0	0	0	0
11	104562578	11_104562578_T_C	T	C	9114	8449	9064	8449	0	0	NA	1	0	0	0
11	105098753	11_105098753_A_T	A	T	7539	7111	7499	7111	0	0	NA	0	0	0	0
11	113908611	11_113908611_T_G	T	G	8751	7810	8702	7810	0	0	NA	0	1	0	0
11	115050028	11_115050028_G_A	G	A	9393	7384	9322	7384	0	0	NA	0	0	0	0
11	115194938	11_115194938_T_C	T	C	9119	8656	9078	8656	0	0	NA	0	0	0	0
11	116463658	11_116463658_T_A	T	A	8295	7620	8250	7620	0	0	NA	0	0	0	0
11	121664613	11_121664613_C_T	C	T	8252	7356	8178	7356	0	0	NA	1	0	0	0
11	122119493	11_122119493_G_A	G	A	8247	7680	8193	7680	0	0	NA	1	0	0	0
11	127099032	11_127099032_A_T	A	T	9801	6867	9766	6867	0	0	NA	0	0	0	0
11	128118810	11_128118810_G_A	G	A	8499	7861	8449	7861	0	0	NA	1	2	2	2
11	131198003	11_131198003_G_C	G	C	8053	7592	8013	7592	0	0	NA	0	1	1	1
11	132281248	11_132281248_G_A	G	A	8798	8076	8757	8076	0	0	NA	0	0	0	0
11	134064665	11_134064665_C_G	C	G	7831	7284	7800	7284	0	0	NA	0	0	0	0
11	134446698	11_134446698_G_A	G	A	8123	7233	8075	7233	0	0	NA	0	0	0	0
12	10428195	12_10428195_T_G	T	G	7598	7037	7544	7037	0	0	NA	0	0	0	0
12	19912074	12_19912074_A_G	A	G	8736	8153	8708	8153	0	0	NA	0	0	0	0
12	21689978	12_21689978_A_C	A	C	9813	8583	9751	8583	0	0	NA	1	0	0	0
12	22484433	12_22484433_T_A	T	A	9241	8525	9203	8525	0	0	NA	0	0	0	0
12	23824485	12_23824485_C_A	C	A	9075	8368	9040	8368	0	0	NA	0	0	0	0
12	25002405	12_25002405_G_A	G	A	9307	8067	9254	8067	0	0	NA	0	0	0	0
12	31651177	12_31651177_C_A	C	A	8778	8433	8734	8433	0	0	NA	1	0	0	0
12	31894650	12_31894650_G_A	G	A	8531	8095	8506	8095	0	0	NA	0	0	0	0
12	32120737	12_32120737_C_A	C	A	7660	6784	7630	6784	0	0	NA	1	0	0	0
12	32784873	12_32784873_T_A	T	A	9005	7977	8958	7977	0	0	NA	1	0	0	0
12	33582407	12_33582407_T_C	T	C	8256	7793	8217	7793	0	0	NA	0	0	0	0
12	39502681	12_39502681_G_A	G	A	6518	6316	6489	6316	0	0	NA	0	0	0	0
12	44015012	12_44015012_C_T	C	T	9553	8193	9499	8193	0	0	NA	0	0	0	0
12	44019354	12_44019354_C_T	C	T	7100	6746	7048	6733	13	13	NA	0	15	15	15
12	44274312	12_44274312_G_T	G	T	7691	7229	7652	7229	0	0	NA	2	0	0	0
12	49985077	12_49985077_C_G	C	G	7882	7213	7848	7211	3	2	NA	0	3	2	2
12	51222974	12_51222974_T_A	T	A	8471	7906	8445	7906	0	0	NA	0	0	0	0
12	55062687	12_55062687_G_A	G	A	8652	8012	8608	8012	0	0	NA	3	1	0	0
12	60494125	12_60494125_G_A	G	A	9270	8283	9230	8283	0	0	NA	0	0	0	0
12	66459454	12_66459454_G_C	G	C	8942	8138	8857	8138	0	0	NA	0	0	0	0
12	69917624	12_69917624_C_A	C	A	8423	7431	8359	7431	0	0	NA	1	0	0	0
12	75141569	12_75141569_A_C	A	C	8520	8108	8457	8108	0	0	NA	0	0	0	0
12	76956790	12_76956790_C_T	C	T	8263	7656	8186	7656	0	0	NA	0	0	0	0
12	80263384	12_80263384_G_A	G	A	9365	8456	9310	8456	0	0	NA	2	0	0	0
12	86647768	12_86647768_A_G	A	G	7897	7477	7863	7477	0	0	NA	0	0	0	0
12	87915088	12_87915088_G_A	G	A	8495	7889	8449	7889	0	0	NA	0	0	0	0
12	88613163	12_88613163_G_T	G	T	8100	7218	8053	7218	0	0	NA	1	0	0	0
12	91513940	12_91513940_T_C	T	C	9835	8556	9789	8556	0	0	NA	0	0	0	0
12	91561550	12_91561550_A_C	A	C	8566	8055	8524	8055	0	0	NA	2	0	0	0
12	92258341	12_92258341_G_T	G	T	8604	8106	8567	8106	0	0	NA	2	0	0	0
12	94690814	12_94690814_G_T	G	T	8049	7469	8019	7469	0	0	NA	0	0	0	0
12	98217872	12_98217872_C_T	C	T	8578	7881	8539	7881	0	0	NA	0	1	1	1
12	98810959	12_98810959_C_G	C	G	7594	7009	7556	7009	0	0	NA	1	0	0	0
12	100002430	12_100002430_A_G	A	G	7183	6850	6949	6671	194	179	NA	2	343	320	320
12	101291857	12_101291857_G_T	G	T	8885	8119	8836	8119	0	0	NA	2	0	0	0
12	103750033	12_103750033_C_A	C	A	9601	8829	9562	8829	0	0	NA	0	0	0	0
12	104074167	12_104074167_C_A	C	A	8778	7977	8733	7977	0	0	NA	0	0	0	0
12	105843060	12_105843060_G_T	G	T	9069	8267	9035	8267	0	0	NA	0	0	0	0
12	108633368	12_108633368_G_T	G	T	8712	7976	8653	7976	0	0	NA	2	1	1	1
12	110907795	12_110907795_C_G	C	G	8204	7302	7937	7117	214	185	NA	1	367	315	315
12	111013765	12_111013765_A_C	A	C	8949	8419	8887	8419	0	0	NA	0	0	0	0
12	111885224	12_111885224_G_C	G	C	7034	6458	7010	6458	0	0	NA	0	0	0	0
12	119106193	12_119106193_C_T	C	T	8367	7879	8325	7879	0	0	NA	2	0	0	0
12	119426134	12_119426134_G_A	G	A	7387	6367	7339	6367	4	0	NA	0	6	0	0
12	119451852	12_119451852_A_G	A	G	7477	7171	7439	7171	0	0	NA	0	0	0	0
12	124718319	12_124718319_A_G	A	G	8468	7824	8395	7824	0	0	NA	0	0	0	0
12	125877104	12_125877104_G_A	G	A	9028	7850	8952	7816	39	34	NA	1	63	55	55
12	126147686	12_126147686_C_T	C	T	9080	8145	9036	8145	0	0	NA	0	0	0	0
12	131511390	12_131511390_C_T	C	T	8095	7357	8041	7357	0	0	NA	6	1	1	1
12	131532665	12_131532665_G_T	G	T	7898	7147	7859	7147	0	0	NA	2	0	0	0
13	23397822	13_23397822_C_T	C	T	9045	8136	8956	8136	0	0	NA	2	0	0	0
13	27737551	13_27737551_T_A	T	A	9773	8823	9724	8823	0	0	NA	1	0	0	0
13	28333751	13_28333751_A_G	A	G	6869	6617	6843	6616	1	1	NA	2	1	1	1
13	29109966	13_29109966_G_T	G	T	9853	8605	9807	8605	0	0	NA	0	1	0	0
13	30061432	13_30061432_C_T	C	T	9102	8044	9048	8044	0	0	NA	2	0	0	0
13	30953535	13_30953535_G_T	G	T	7859	7458	7827	7458	0	0	NA	1	0	0	0
13	39973378	13_39973378_A_G	A	G	7523	7068	7459	7056	14	12	NA	1	21	18	18
13	42300679	13_42300679_G_A	G	A	9003	8083	8974	8083	0	0	NA	1	0	0	0
13	44354917	13_44354917_T_G	T	G	8963	8242	8927	8242	0	0	NA	0	0	0	0
13	44509757	13_44509757_T_G	T	G	8163	7647	8137	7647	0	0	NA	0	0	0	0
13	45770855	13_45770855_A_G	A	G	8820	8210	8750	8187	28	23	NA	1	46	39	39
13	49474259	13_49474259_T_C	T	C	6902	6502	6871	6502	0	0	NA	1	0	0	0
13	55563611	13_55563611_C_G	C	G	8640	7937	8572	7937	0	0	NA	0	0	0	0
13	58977166	13_58977166_G_A	G	A	9406	8460	9334	8451	10	9	NA	5	16	14	14
13	59371880	13_59371880_C_A	C	A	8703	7979	8641	7979	0	0	NA	0	0	0	0
13	62568959	13_62568959_G_T	G	T	8409	8008	8356	8008	0	0	NA	2	0	0	0
13	63980377	13_63980377_T_A	T	A	8467	8049	8441	8049	0	0	NA	0	0	0	0
13	64032000	13_64032000_C_A	C	A	8290	7459	8227	7459	0	0	NA	3	0	0	0
13	64115656	13_64115656_G_A	G	A	8001	7207	7969	7207	0	0	NA	1	0	0	0
13	65594402	13_65594402_G_A	G	A	9413	8568	9348	8568	0	0	NA	0	0	0	0
13	66288407	13_66288407_A_G	A	G	8540	7966	8498	7965	2	1	NA	1	2	1	1
13	67667970	13_67667970_T_A	T	A	7047	6767	7021	6767	0	0	NA	0	0	0	0
13	71244316	13_71244316_C_T	C	T	8274	7539	8212	7539	0	0	NA	1	0	0	0
13	74504024	13_74504024_A_T	A	T	8615	7786	8573	7786	0	0	NA	2	0	0	0
13	76387260	13_76387260_C_G	C	G	9540	8329	9370	8240	106	89	NA	0	172	145	145
13	76502057	13_76502057_G_A	G	A	7706	7315	7662	7315	0	0	NA	1	0	0	0
13	78694719	13_78694719_A_T	A	T	5719	5376	5694	5376	0	0	NA	0	0	0	0
13	78898817	13_78898817_C_T	C	T	8918	8161	8857	8161	0	0	NA	3	0	0	0
13	80149431	13_80149431_G_T	G	T	8731	7951	8694	7951	0	0	NA	0	0	0	0
13	83227306	13_83227306_G_A	G	A	9478	8639	9398	8638	0	0	NA	2	0	0	0
13	85418770	13_85418770_C_A	C	A	8660	8059	8596	8059	0	0	NA	2	0	0	0
13	88345964	13_88345964_T_A	T	A	8818	8225	8775	8225	0	0	NA	0	0	0	0
13	97357116	13_97357116_T_C	T	C	9902	9134	9139	8486	713	648	NA	1	1135	1042	1042
13	97735442	13_97735442_C_A	C	A	9634	8665	9568	8665	0	0	NA	0	0	0	0
13	98336311	13_98336311_C_G	C	G	8643	7679	8545	7679	0	0	NA	0	0	0	0
13	99041925	13_99041925_T_C	T	C	7032	6510	6993	6510	0	0	NA	0	0	0	0
13	101283825	13_101283825_T_C	T	C	8116	7524	8093	7524	0	0	NA	0	0	0	0
13	102592549	13_102592549_T_C	T	C	8686	8030	8644	8030	0	0	NA	0	0	0	0
13	104330816	13_104330816_T_C	T	C	8326	7760	8277	7760	0	0	NA	0	0	0	0
13	104799546	13_104799546_C_T	C	T	7764	7022	7730	7022	0	0	NA	0	0	0	0
13	111774242	13_111774242_A_T	A	T	8328	7822	8291	7822	0	0	NA	0	0	0	0
13	113142833	13_113142833_C_T	C	T	8154	7162	8101	7162	0	0	NA	0	0	0	0
14	22437411	14_22437411_C_A	C	A	7820	7025	7771	7025	0	0	NA	1	0	0	0
14	22640575	14_22640575_C_A	C	A	7295	6124	7219	6124	0	0	NA	1	0	0	0
14	29099558	14_29099558_T_A	T	A	7862	7050	7818	7050	0	0	NA	1	0	0	0
14	29746289	14_29746289_T_C	T	C	9118	8425	9082	8425	0	0	NA	1	1	1	1
14	34342826	14_34342826_T_A	T	A	8891	8177	8858	8177	0	0	NA	0	0	0	0
14	37075527	14_37075527_C_T	C	T	8838	7698	8776	7698	0	0	NA	0	0	0	0
14	41172284	14_41172284_C_A	C	A	9018	8424	8954	8424	0	0	NA	2	0	0	0
14	42131027	14_42131027_G_T	G	T	8901	8012	8863	8012	0	0	NA	0	0	0	0
14	42745610	14_42745610_G_T	G	T	10247	8741	10200	8741	0	0	NA	0	0	0	0
14	44042078	14_44042078_T_C	T	C	8092	7388	8069	7388	0	0	NA	1	0	0	0
14	44576093	14_44576093_C_T	C	T	7318	6726	7277	6726	1	0	NA	0	2	1	1
14	47085124	14_47085124_C_G	C	G	8839	7703	8788	7703	0	0	NA	0	0	0	0
14	47086121	14_47086121_G_A	G	A	7915	7450	7869	7450	0	0	NA	0	0	0	0
14	48107581	14_48107581_C_G	C	G	9093	7981	9029	7971	12	10	NA	0	26	23	23
14	49204294	14_49204294_C_T	C	T	8874	7766	8798	7766	0	0	NA	0	0	0	0
14	51486852	14_51486852_G_T	G	T	8930	7991	8880	7991	0	0	NA	1	0	0	0
14	56664250	14_56664250_A_C	A	C	9196	8086	9110	8086	0	0	NA	1	0	0	0
14	58127505	14_58127505_C_G	C	G	8240	7473	8191	7473	0	0	NA	0	0	0	0
14	59330719	14_59330719_A_C	A	C	8712	7872	8660	7872	0	0	NA	0	0	0	0
14	60962629	14_60962629_T_A	T	A	8434	7818	8339	7818	0	0	NA	1	0	0	0
14	61222263	14_61222263_G_T	G	T	8107	7303	8045	7303	0	0	NA	0	0	0	0
14	62024656	14_62024656_T_A	T	A	8727	8056	8680	8056	0	0	NA	0	0	0	0
14	63116210	14_63116210_G_A	G	A	9636	8387	9595	8387	0	0	NA	1	0	0	0
14	63297926	14_63297926_C_T	C	T	9264	8511	9201	8511	0	0	NA	0	0	0	0
14	66295066	14_66295066_T_A	T	A	8944	7939	8900	7939	0	0	NA	0	0	0	0
14	66401875	14_66401875_A_G	A	G	8334	7705	8293	7705	0	0	NA	1	0	0	0
14	69647091	14_69647091_G_T	G	T	7653	7271	7615	7271	0	0	NA	0	0	0	0
14	77356548	14_77356548_G_A	G	A	9460	8303	9424	8303	0	0	NA	2	0	0	0
14	77780771	14_77780771_C_A	C	A	9218	8390	9180	8390	0	0	NA	0	0	0	0
14	79149129	14_79149129_G_T	G	T	8563	7553	8497	7524	32	29	NA	2	55	51	51
14	79857497	14_79857497_A_T	A	T	7191	6570	7166	6570	0	0	NA	0	0	0	0
14	80137814	14_80137814_C_A	C	A	9200	8245	9160	8245	0	0	NA	0	0	0	0
14	80455916	14_80455916_G_A	G	A	8012	7414	7801	7254	177	160	NA	3	293	267	267
14	80521290	14_80521290_T_G	T	G	8018	7525	7993	7525	0	0	NA	1	0	0	0
14	80842375	14_80842375_A_G	A	G	8462	7774	8425	7774	0	0	NA	0	0	0	0
14	84227743	14_84227743_T_C	T	C	9056	7760	9014	7760	0	0	NA	1	0	0	0
14	85194861	14_85194861_A_G	A	G	8770	8158	8713	8138	22	20	NA	1	29	27	27
14	85855690	14_85855690_C_A	C	A	9755	8450	9662	8450	0	0	NA	2	0	0	0
14	86988597	14_86988597_C_T	C	T	8291	7784	8230	7782	2	2	NA	0	3	3	3
14	92988164	14_92988164_G_A	G	A	9409	8285	9354	8285	0	0	NA	0	0	0	0
14	93436578	14_93436578_A_G	A	G	9667	8158	9615	8158	0	0	NA	0	0	0	0
14	95047174	14_95047174_T_A	T	A	9502	8173	9441	8173	0	0	NA	0	0	0	0
14	99079188	14_99079188_C_T	C	T	9361	8141	9300	8141	0	0	NA	1	1	1	1
14	102285824	14_102285824_C_T	C	T	8990	7941	8930	7941	0	0	NA	2	0	0	0
14	103161736	14_103161736_A_G	A	G	8909	8457	8908	8457	0	0	NA	0	0	0	0
15	26237480	15_26237480_G_A	G	A	9064	8037	9006	8037	0	0	NA	3	0	0	0
15	27323917	15_27323917_G_A	G	A	9713	8515	9644	8515	1	0	NA	0	1	0	0
15	27788484	15_27788484_G_T	G	T	7571	7066	7520	7066	0	0	NA	0	0	0	0
15	30174467	15_30174467_G_A	G	A	9326	8153	9282	8153	0	0	NA	2	0	0	0
15	31158838	15_31158838_C_T	C	T	9618	8622	9485	8560	66	62	NA	0	90	85	85
15	34016137	15_34016137_G_A	G	A	8934	8009	8902	8009	0	0	NA	0	0	0	0
15	36415205	15_36415205_C_T	C	T	9861	8979	9795	8979	0	0	NA	2	0	0	0
15	37050788	15_37050788_C_A	C	A	9295	8382	9218	8382	0	0	NA	0	0	0	0
15	39436349	15_39436349_A_T	A	T	8748	7898	8689	7898	0	0	NA	0	0	0	0
15	41164803	15_41164803_C_T	C	T	9034	7868	9004	7868	0	0	NA	0	0	0	0
15	44177746	15_44177746_G_T	G	T	7803	7523	7777	7523	0	0	NA	1	0	0	0
15	44967435	15_44967435_C_T	C	T	8918	7797	8851	7797	0	0	NA	3	0	0	0
15	45529039	15_45529039_T_A	T	A	8295	7337	8254	7337	0	0	NA	0	0	0	0
15	45778886	15_45778886_T_A	T	A	8964	8296	8920	8296	0	0	NA	0	0	0	0
15	46097063	15_46097063_G_A	G	A	9394	8713	9341	8713	0	0	NA	1	0	0	0
15	46801729	15_46801729_G_A	G	A	8217	7432	8184	7432	0	0	NA	2	0	0	0
15	47829272	15_47829272_C_A	C	A	8533	8117	8480	8117	0	0	NA	0	0	0	0
15	50843517	15_50843517_C_A	C	A	8762	7965	8706	7965	0	0	NA	1	0	0	0
15	51578476	15_51578476_C_T	C	T	8933	8016	8906	8016	0	0	NA	0	0	0	0
15	54096305	15_54096305_C_T	C	T	8955	7702	8879	7702	0	0	NA	2	1	0	0
15	58677125	15_58677125_G_A	G	A	9566	8332	9529	8332	0	0	NA	1	0	0	0
15	61188188	15_61188188_C_T	C	T	8933	8044	8872	8044	0	0	NA	1	0	0	0
15	64270719	15_64270719_A_T	A	T	8207	7715	8164	7715	0	0	NA	0	0	0	0
15	64533721	15_64533721_T_A	T	A	8296	7765	8257	7765	0	0	NA	0	0	0	0
15	71668010	15_71668010_T_A	T	A	8820	7545	8734	7545	0	0	NA	0	0	0	0
15	78014735	15_78014735_C_A	C	A	7955	7164	7895	7162	0	0	NA	0	0	0	0
15	78620131	15_78620131_G_T	G	T	8752	7824	8671	7824	0	0	NA	1	0	0	0
15	96990099	15_96990099_G_A	G	A	9051	8230	8987	8229	1	1	NA	0	1	1	1
15	100253002	15_100253002_T_G	T	G	9788	8622	9749	8622	0	0	NA	1	0	0	0
15	101203393	15_101203393_G_A	G	A	8657	7541	8613	7541	0	0	NA	2	0	0	0
15	101542519	15_101542519_T_A	T	A	8711	8088	8651	8088	0	0	NA	0	0	0	0
16	3561271	16_3561271_T_A	T	A	9935	8473	9747	8473	0	0	NA	0	0	0	0
16	5360012	16_5360012_T_C	T	C	8920	7849	8881	7849	0	0	NA	0	0	0	0
16	5653194	16_5653194_C_A	C	A	8150	7393	8090	7393	0	0	NA	2	0	0	0
16	7147078	16_7147078_T_A	T	A	7499	6792	7469	6792	0	0	NA	0	0	0	0
16	8386425	16_8386425_C_G	C	G	9473	8039	9408	8039	0	0	NA	0	0	0	0
16	11410103	16_11410103_C_T	C	T	8576	7521	8524	7521	0	0	NA	1	1	1	1
16	14383664	16_14383664_A_C	A	C	8274	7447	8201	7447	0	0	NA	2	0	0	0
16	17356798	16_17356798_C_A	C	A	8067	7385	8020	7385	0	0	NA	0	0	0	0
16	17593532	16_17593532_C_G	C	G	9295	8081	9246	8081	0	0	NA	0	0	0	0
16	18048340	16_18048340_C_T	C	T	8384	7571	8329	7571	0	0	NA	1	0	0	0
16	19855785	16_19855785_G_A	G	A	8171	7410	8112	7410	0	0	NA	1	0	0	0
16	23757972	16_23757972_A_G	A	G	9013	8560	8972	8557	4	3	NA	1	8	7	7
16	25882027	16_25882027_C_T	C	T	8221	7451	8159	7451	0	0	NA	1	0	0	0
16	26557980	16_26557980_C_G	C	G	9160	8279	9102	8279	0	0	NA	2	0	0	0
16	31096821	16_31096821_C_T	C	T	8883	7985	8843	7985	0	0	NA	0	0	0	0
16	34476696	16_34476696_C_A	C	A	10671	10397	10629	10397	0	0	NA	5	0	0	0
16	50896693	16_50896693_C_A	C	A	8875	7896	8825	7896	0	0	NA	1	0	0	0
16	52556454	16_52556454_C_T	C	T	9569	8329	9524	8329	0	0	NA	0	0	0	0
16	56340940	16_56340940_A_T	A	T	8328	7403	8271	7403	0	0	NA	0	0	0	0
16	61293018	16_61293018_G_T	G	T	8632	7910	8604	7910	0	0	NA	1	0	0	0
16	61609642	16_61609642_T_C	T	C	9079	8087	9021	8077	13	10	NA	1	25	20	20
16	61809381	16_61809381_T_C	T	C	7286	7010	7262	7010	0	0	NA	0	0	0	0
16	67445446	16_67445446_G_A	G	A	8971	8099	8927	8099	0	0	NA	2	1	1	1
16	69177688	16_69177688_A_T	A	T	8200	7793	8161	7793	0	0	NA	0	0	0	0
16	72317060	16_72317060_G_A	G	A	9092	7890	9037	7890	0	0	NA	3	0	0	0
16	74600040	16_74600040_C_T	C	T	9070	8119	9045	8119	0	0	NA	1	0	0	0
16	75916463	16_75916463_C_T	C	T	8889	8007	8829	8007	0	0	NA	0	0	0	0
16	76414516	16_76414516_G_A	G	A	8762	7903	8712	7903	0	0	NA	0	0	0	0
16	76442875	16_76442875_C_G	C	G	9748	8601	9664	8601	0	0	NA	0	0	0	0
16	79701423	16_79701423_A_T	A	T	8039	7656	8016	7656	0	0	NA	0	0	0	0
16	82738239	16_82738239_T_C	T	C	9508	8108	9337	8108	0	0	NA	4	1	1	1
16	82979052	16_82979052_G_A	G	A	9113	8343	9074	8343	0	0	NA	3	2	2	2
16	83045304	16_83045304_C_A	C	A	9455	8296	9365	8296	0	0	NA	1	0	0	0
16	84315329	16_84315329_C_A	C	A	9019	7832	8986	7832	0	0	NA	0	0	0	0
17	2766434	17_2766434_C_T	C	T	7537	6795	7503	6795	0	0	NA	2	2	0	0
17	5203408	17_5203408_T_C	T	C	7606	7298	7570	7298	0	0	NA	1	0	0	0
17	9531448	17_9531448_T_A	T	A	8403	7702	8364	7702	0	0	NA	0	0	0	0
17	10069050	17_10069050_A_C	A	C	8695	7941	8637	7941	0	0	NA	0	0	0	0
17	10084789	17_10084789_A_T	A	T	8357	7795	8330	7795	0	0	NA	1	0	0	0
17	10585303	17_10585303_G_A	G	A	9048	8168	8970	8168	0	0	NA	4	0	0	0
17	12667012	17_12667012_A_T	A	T	9065	8281	9033	8281	0	0	NA	0	0	0	0
17	13604476	17_13604476_G_A	G	A	7633	7167	7570	7163	4	4	NA	1	9	9	9
17	13826748	17_13826748_T_C	T	C	6893	6017	6867	6017	0	0	NA	0	0	0	0
17	16228892	17_16228892_G_A	G	A	8676	7834	8630	7834	0	0	NA	1	1	1	1
17	17599358	17_17599358_C_T	C	T	8899	7959	8841	7959	0	0	NA	0	0	0	0
17	25553197	17_25553197_G_A	G	A	8820	8227	8749	8227	0	0	NA	1	1	1	1
17	25878793	17_25878793_G_T	G	T	9515	8418	9447	8418	0	0	NA	2	0	0	0
17	26192206	17_26192206_G_A	G	A	8169	7715	8105	7714	1	1	NA	3	1	1	1
17	27444298	17_27444298_A_T	A	T	9692	8355	9648	8355	0	0	NA	0	0	0	0
17	28286458	17_28286458_T_A	T	A	9328	8317	9277	8317	0	0	NA	0	0	0	0
17	28478272	17_28478272_C_A	C	A	8216	7610	8141	7610	0	0	NA	0	0	0	0
17	32550462	17_32550462_A_T	A	T	8220	7609	8175	7609	0	0	NA	0	0	0	0
17	32684649	17_32684649_C_G	C	G	9091	8375	9056	8375	0	0	NA	1	0	0	0
17	35254076	17_35254076_C_A	C	A	9474	8292	9402	8292	0	0	NA	3	0	0	0
17	39088900	17_39088900_A_G	A	G	8664	8362	8622	8362	0	0	NA	0	0	0	0
17	39367861	17_39367861_T_G	T	G	7673	6979	7633	6979	0	0	NA	0	0	0	0
17	42460586	17_42460586_C_A	C	A	8527	7695	8487	7695	0	0	NA	1	0	0	0
17	46697256	17_46697256_T_G	T	G	9201	7958	9176	7958	0	0	NA	0	0	0	0
17	48051020	17_48051020_T_G	T	G	8523	7909	8485	7909	0	0	NA	0	0	0	0
17	54668432	17_54668432_A_C	A	C	8403	7805	8355	7805	0	0	NA	0	0	0	0
17	59467383	17_59467383_T_G	T	G	8559	7701	8530	7701	0	0	NA	0	0	0	0
17	64010150	17_64010150_G_A	G	A	8773	7176	8726	7176	0	0	NA	2	0	0	0
17	65471397	17_65471397_G_T	G	T	9114	7894	9056	7894	0	0	NA	2	0	0	0
17	72549931	17_72549931_G_T	G	T	8738	7515	8682	7515	0	0	NA	2	0	0	0
17	75698679	17_75698679_C_A	C	A	9138	7881	9096	7881	0	0	NA	1	0	0	0
18	331861	18_331861_A_T	A	T	7229	6792	7207	6792	0	0	NA	1	0	0	0
18	1998023	18_1998023_A_T	A	T	9492	8297	9438	8297	0	0	NA	0	0	0	0
18	4121880	18_4121880_A_G	A	G	8726	8211	8685	8211	0	0	NA	0	0	0	0
18	8252337	18_8252337_C_T	C	T	9249	8484	9186	8484	0	0	NA	2	1	1	1
18	8851036	18_8851036_G_A	G	A	9362	8387	9324	8387	0	0	NA	0	0	0	0
18	10075367	18_10075367_G_T	G	T	7644	7101	7601	7101	0	0	NA	0	0	0	0
18	10833121	18_10833121_T_A	T	A	9051	7421	8963	7421	0	0	NA	1	0	0	0
18	11424113	18_11424113_A_G	A	G	9707	8766	9671	8766	0	0	NA	0	0	0	0
18	11838911	18_11838911_G_T	G	T	8969	8256	8917	8256	0	0	NA	3	0	0	0
18	23473239	18_23473239_A_G	A	G	8835	8234	8781	8234	0	0	NA	1	0	0	0
18	24336307	18_24336307_C_G	C	G	9322	8296	9263	8285	12	11	NA	0	24	22	22
18	24754350	18_24754350_A_C	A	C	8832	7968	8798	7968	0	0	NA	0	0	0	0
18	26728954	18_26728954_G_T	G	T	8323	7665	8271	7665	0	0	NA	0	0	0	0
18	26864897	18_26864897_T_C	T	C	8619	7774	8567	7774	0	0	NA	2	0	0	0
18	32741394	18_32741394_G_A	G	A	9444	8479	9396	8479	0	0	NA	2	0	0	0
18	39797467	18_39797467_A_G	A	G	8682	8004	8619	8004	0	0	NA	1	0	0	0
18	40685529	18_40685529_T_A	T	A	5701	4589	5688	4589	0	0	NA	0	0	0	0
18	40939485	18_40939485_T_A	T	A	9626	8787	9569	8787	0	0	NA	0	0	0	0
18	43191258	18_43191258_G_T	G	T	9179	8421	9128	8421	0	0	NA	0	0	0	0
18	44194864	18_44194864_T_G	T	G	7045	6558	7008	6558	0	0	NA	0	0	0	0
18	47795788	18_47795788_A_T	A	T	8921	7735	8851	7735	0	0	NA	0	0	0	0
18	48169425	18_48169425_T_C	T	C	8572	4439	8549	4439	0	0	NA	1	0	0	0
18	48220892	18_48220892_C_A	C	A	9586	8619	9528	8619	0	0	NA	0	0	0	0
18	49844771	18_49844771_A_T	A	T	8828	7874	8779	7874	0	0	NA	0	0	0	0
18	53574453	18_53574453_T_C	T	C	9048	8033	9006	8033	0	0	NA	0	0	0	0
18	58453071	18_58453071_C_T	C	T	8787	8158	8734	8158	0	0	NA	1	0	0	0
18	59934477	18_59934477_G_A	G	A	7931	7440	7896	7440	0	0	NA	2	1	1	1
18	62491767	18_62491767_T_C	T	C	9716	8343	9675	8343	0	0	NA	0	0	0	0
18	66002487	18_66002487_T_C	T	C	8899	8340	8837	8340	0	0	NA	0	0	0	0
18	66123467	18_66123467_G_A	G	A	9550	8629	9519	8629	0	0	NA	2	1	1	1
18	69351053	18_69351053_A_T	A	T	8999	8179	8961	8179	0	0	NA	0	0	0	0
18	70278174	18_70278174_A_T	A	T	7904	7548	7846	7548	0	0	NA	0	0	0	0
18	74328299	18_74328299_C_T	C	T	9003	7784	8937	7784	0	0	NA	2	0	0	0
18	75339537	18_75339537_G_A	G	A	8119	7281	8058	7255	29	26	NA	1	48	43	43
18	77064131	18_77064131_C_T	C	T	6696	5957	6633	5957	0	0	NA	1	0	0	0
19	5124517	19_5124517_G_T	G	T	8772	7807	8728	7807	0	0	NA	1	0	0	0
19	11647518	19_11647518_C_A	C	A	9092	8088	9039	8088	0	0	NA	0	0	0	0
19	15313486	19_15313486_C_A	C	A	8248	7299	8209	7299	0	0	NA	2	0	0	0
19	15912976	19_15912976_G_T	G	T	9335	8266	9301	8266	0	0	NA	1	0	0	0
19	15980726	19_15980726_G_T	G	T	9561	8623	9522	8623	0	0	NA	1	0	0	0
19	31307596	19_31307596_T_A	T	A	7815	7232	7777	7232	0	0	NA	1	0	0	0
19	34067435	19_34067435_T_A	T	A	8041	7518	7985	7518	0	0	NA	1	0	0	0
19	38026228	19_38026228_G_A	G	A	8377	7637	8342	7637	0	0	NA	0	0	0	0
19	41477616	19_41477616_G_A	G	A	8989	8175	8896	8175	0	0	NA	3	0	0	0
19	46627156	19_46627156_G_A	G	A	8005	7576	7963	7576	0	0	NA	3	0	0	0
19	49593883	19_49593883_G_T	G	T	9099	8296	9043	8296	0	0	NA	1	0	0	0
19	52800586	19_52800586_A_T	A	T	7418	6518	7345	6518	0	0	NA	0	0	0	0
19	56924953	19_56924953_G_A	G	A	9557	8504	9507	8504	0	0	NA	1	0	0	0
20	1444812	20_1444812_A_G	A	G	8668	8010	8515	7913	106	97	NA	0	170	155	155
20	2952918	20_2952918_C_A	C	A	8704	7789	8663	7789	0	0	NA	0	0	0	0
20	6109763	20_6109763_C_A	C	A	9170	8098	9091	8098	0	0	NA	0	1	0	0
20	9189944	20_9189944_G_C	G	C	8958	7715	8881	7715	0	0	NA	0	0	0	0
20	11353851	20_11353851_A_T	A	T	7953	7322	7913	7322	0	0	NA	0	0	0	0
20	12989969	20_12989969_G_C	G	C	9178	7993	9005	7885	125	108	NA	0	205	176	176
20	13378959	20_13378959_G_C	G	C	7034	6054	6985	6054	0	0	NA	0	0	0	0
20	15340017	20_15340017_G_A	G	A	6786	6385	6737	6385	0	0	NA	0	0	0	0
20	15505963	20_15505963_T_C	T	C	9496	8473	8734	7848	710	625	NA	1	1192	1047	1047
20	15912843	20_15912843_A_T	A	T	9590	8398	9548	8398	0	0	NA	1	0	0	0
20	16796073	20_16796073_G_T	G	T	9360	8475	9321	8475	0	0	NA	2	0	0	0
20	16838715	20_16838715_C_T	C	T	9472	8587	9391	8586	1	1	NA	2	2	2	2
20	17242529	20_17242529_T_C	T	C	9575	8645	9529	8645	0	0	NA	2	0	0	0
20	20269055	20_20269055_G_A	G	A	9322	8502	9263	8502	0	0	NA	1	0	0	0
20	22211288	20_22211288_A_T	A	T	8923	8261	8877	8261	0	0	NA	1	0	0	0
20	24408191	20_24408191_G_A	G	A	7428	6747	7376	6746	1	1	NA	2	1	1	1
20	34869366	20_34869366_T_G	T	G	8068	7326	8028	7326	0	0	NA	0	0	0	0
20	41806674	20_41806674_A_G	A	G	8677	7824	8614	7823	1	1	NA	1	1	1	1
20	43568349	20_43568349_G_A	G	A	8449	7717	8406	7717	0	0	NA	1	1	1	1
20	44068842	20_44068842_T_A	T	A	9142	8118	9061	8118	0	0	NA	2	0	0	0
20	45134083	20_45134083_T_C	T	C	7326	6933	7291	6933	0	0	NA	0	0	0	0
20	47735613	20_47735613_G_A	G	A	8750	7864	8719	7864	0	0	NA	0	0	0	0
20	48682276	20_48682276_A_T	A	T	7569	6952	7515	6952	0	0	NA	4	0	0	0
20	49673512	20_49673512_G_A	G	A	7646	7023	7601	7023	0	0	NA	3	0	0	0
20	51364256	20_51364256_A_T	A	T	8948	8224	8888	8224	0	0	NA	0	0	0	0
20	53106263	20_53106263_G_A	G	A	8819	7749	8765	7749	0	0	NA	1	0	0	0
20	54249270	20_54249270_T_A	T	A	8448	7507	8425	7507	0	0	NA	0	0	0	0
20	55147361	20_55147361_A_G	A	G	7920	7075	7885	7075	0	0	NA	0	0	0	0
20	55770052	20_55770052_A_T	A	T	8248	7635	8199	7635	0	0	NA	0	0	0	0
20	56527890	20_56527890_T_A	T	A	8684	7596	8613	7596	0	0	NA	0	0	0	0
20	58208205	20_58208205_C_T	C	T	7950	7228	7902	7228	0	0	NA	3	1	1	1
20	59104713	20_59104713_G_A	G	A	9558	8379	9505	8379	0	0	NA	2	3	1	1
21	16011660	21_16011660_C_T	C	T	9785	8569	9726	8569	0	0	NA	1	0	0	0
21	24527788	21_24527788_A_C	A	C	9714	8649	9639	8649	0	0	NA	0	0	0	0
21	24572344	21_24572344_C_G	C	G	8456	7628	8409	7628	0	0	NA	0	0	0	0
21	26153749	21_26153749_C_G	C	G	7849	7489	7824	7489	0	0	NA	0	0	0	0
21	29166702	21_29166702_G_A	G	A	9001	8238	8952	8238	0	0	NA	0	0	0	0
21	31151470	21_31151470_G_A	G	A	6832	6167	6783	6167	0	0	NA	0	0	0	0
21	32366906	21_32366906_G_T	G	T	7598	7097	7520	7097	0	0	NA	1	0	0	0
21	32391798	21_32391798_A_G	A	G	9415	8647	9373	8647	0	0	NA	0	0	0	0
21	33012380	21_33012380_C_A	C	A	6586	6292	6552	6292	0	0	NA	1	0	0	0
21	36789226	21_36789226_C_A	C	A	9665	8974	9621	8974	0	0	NA	0	0	0	0
21	39316841	21_39316841_G_C	G	C	9206	8290	9166	8290	0	0	NA	0	0	0	0
21	39525909	21_39525909_C_A	C	A	8034	7478	7952	7478	0	0	NA	2	0	0	0
21	40345437	21_40345437_T_A	T	A	8318	7434	8296	7434	0	0	NA	0	0	0	0
21	43463821	21_43463821_G_A	G	A	8730	7605	8692	7605	0	0	NA	1	0	0	0
21	46628690	21_46628690_C_T	C	T	8184	7300	8112	7300	0	0	NA	4	1	1	1
22	21394611	22_21394611_G_A	G	A	9531	8464	9443	8464	0	0	NA	2	1	1	1
22	25499928	22_25499928_T_A	T	A	8879	7813	8852	7813	0	0	NA	0	0	0	0
22	30778792	22_30778792_A_T	A	T	7938	7167	7902	7167	1	0	NA	0	1	0	0
22	30934480	22_30934480_T_A	T	A	9738	8460	9693	8460	0	0	NA	0	0	0	0
22	31869213	22_31869213_T_G	T	G	7335	6810	7308	6810	0	0	NA	0	0	0	0
22	32783559	22_32783559_G_T	G	T	8948	7981	8917	7981	0	0	NA	0	0	0	0
22	34213145	22_34213145_T_C	T	C	9187	8336	9147	8333	3	3	NA	0	3	3	3
22	36011086	22_36011086_T_A	T	A	8857	8032	8836	8032	0	0	NA	1	0	0	0
22	36951895	22_36951895_T_A	T	A	9280	8332	9240	8332	0	0	NA	0	0	0	0
22	37962886	22_37962886_G_T	G	T	8715	7530	8650	7530	0	0	NA	0	1	0	0
22	38747748	22_38747748_G_A	G	A	8356	7329	8312	7329	0	0	NA	0	1	1	1
22	40079545	22_40079545_C_T	C	T	8869	7724	8811	7724	0	0	NA	1	0	0	0
22	40108490	22_40108490_C_A	C	A	9327	8254	9267	8254	0	0	NA	2	0	0	0
22	48579511	22_48579511_G_A	G	A	8577	7824	8542	7824	0	0	NA	0	0	0	0
22	49612060	22_49612060_T_A	T	A	9382	8376	9303	8369	9	7	NA	2	16	13	13
22	50200244	22_50200244_T_A	T	A	8448	7534	8382	7534	0	0	NA	0	0	0	0
X	4242236	X_4242236_C_A	C	A	9525	8648	9486	8648	0	0	NA	0	1	0	0
X	4921178	X_4921178_A_T	A	T	9126	8197	9077	8197	0	0	NA	0	0	0	0
X	9075671	X_9075671_G_A	G	A	9545	8653	9487	8653	0	0	NA	1	0	0	0
X	15660096	X_15660096_T_C	T	C	8962	8372	8919	8369	3	3	NA	1	3	3	3
X	16148460	X_16148460_T_A	T	A	9840	8716	9785	8716	0	0	NA	0	0	0	0
X	16188126	X_16188126_G_T	G	T	8362	7630	8322	7630	0	0	NA	1	0	0	0
X	17406922	X_17406922_G_T	G	T	9417	8444	9376	8444	0	0	NA	0	0	0	0
X	18021639	X_18021639_A_T	A	T	8754	8069	8688	8069	0	0	NA	0	0	0	0
X	20472358	X_20472358_C_T	C	T	9208	8097	9149	8097	0	0	NA	0	0	0	0
X	20816616	X_20816616_G_T	G	T	8636	7905	8573	7905	0	0	NA	3	0	0	0
X	21614069	X_21614069_C_A	C	A	9956	9152	9896	9152	0	0	NA	1	0	0	0
X	23364829	X_23364829_G_C	G	C	9972	8867	9924	8865	2	2	NA	0	6	5	5
X	23611782	X_23611782_A_G	A	G	8730	7971	8693	7971	0	0	NA	0	0	0	0
X	26512218	X_26512218_A_T	A	T	8746	7935	8718	7935	0	0	NA	0	0	0	0
X	28710220	X_28710220_C_A	C	A	8615	7761	8560	7761	0	0	NA	1	0	0	0
X	29705151	X_29705151_C_T	C	T	7061	6343	6994	6343	0	0	NA	0	0	0	0
X	36861314	X_36861314_G_A	G	A	9343	8437	8595	7828	670	609	NA	4	1130	1026	1026
X	38419975	X_38419975_C_T	C	T	8969	7955	8919	7955	0	0	NA	1	0	0	0
X	41831798	X_41831798_G_A	G	A	9087	8133	9036	8133	0	0	NA	1	0	0	0
X	43263620	X_43263620_A_T	A	T	9283	8737	9243	8737	0	0	NA	0	0	0	0
X	44325370	X_44325370_C_A	C	A	9593	8536	9535	8536	0	0	NA	0	0	0	0
X	47944009	X_47944009_A_T	A	T	9270	8385	9219	8385	0	0	NA	1	0	0	0
X	62220147	X_62220147_A_C	A	C	9363	8390	9324	8390	0	0	NA	0	0	0	0
X	68784078	X_68784078_G_A	G	A	8566	7634	8515	7634	0	0	NA	2	0	0	0
X	69406276	X_69406276_A_T	A	T	9209	8383	9175	8383	0	0	NA	0	0	0	0
X	71801076	X_71801076_A_G	A	G	7634	7352	7608	7352	0	0	NA	0	0	0	0
X	80582699	X_80582699_G_T	G	T	9050	8189	9007	8189	0	0	NA	2	0	0	0
X	80897021	X_80897021_C_T	C	T	9377	8459	9318	8459	0	0	NA	1	0	0	0
X	84042344	X_84042344_A_G	A	G	8558	7943	8521	7943	0	0	NA	3	0	0	0
X	85063932	X_85063932_C_A	C	A	9036	8189	8983	8189	0	0	NA	1	0	0	0
X	85173304	X_85173304_A_G	A	G	8781	8250	8751	8250	0	0	NA	1	1	1	1
X	85811153	X_85811153_T_C	T	C	8453	7959	8400	7959	0	0	NA	1	0	0	0
X	89275395	X_89275395_A_T	A	T	9432	8589	9393	8589	0	0	NA	1	0	0	0
X	92967141	X_92967141_G_A	G	A	9176	8148	9116	8147	1	1	NA	0	2	2	2
X	93273891	X_93273891_T_A	T	A	8468	7591	8433	7591	0	0	NA	0	0	0	0
X	95490288	X_95490288_G_A	G	A	8589	8193	8535	8193	0	0	NA	1	0	0	0
X	100877139	X_100877139_A_T	A	T	7987	7571	7965	7571	0	0	NA	0	0	0	0
X	102429055	X_102429055_G_T	G	T	8746	8143	8697	8143	0	0	NA	3	0	0	0
X	108400364	X_108400364_G_T	G	T	9115	8243	9057	8243	0	0	NA	1	0	0	0
X	109635951	X_109635951_C_T	C	T	9382	8433	9303	8433	0	0	NA	1	0	0	0
X	112196131	X_112196131_C_T	C	T	8598	8028	8545	8028	0	0	NA	1	0	0	0
X	119373521	X_119373521_C_A	C	A	8423	7496	8356	7496	0	0	NA	2	0	0	0
X	125002146	X_125002146_A_G	A	G	7170	6841	7134	6841	0	0	NA	0	0	0	0
X	127458178	X_127458178_C_A	C	A	8523	8016	8483	8016	0	0	NA	1	0	0	0
X	127837511	X_127837511_G_A	G	A	9145	8321	9079	8321	0	0	NA	0	0	0	0
X	132430579	X_132430579_T_C	T	C	7977	7153	7940	7153	0	0	NA	0	0	0	0
X	132967889	X_132967889_A_G	A	G	8959	8097	8902	8097	0	0	NA	2	0	0	0
X	135479482	X_135479482_T_A	T	A	8290	7909	8265	7909	0	0	NA	0	0	0	0
X	137085647	X_137085647_A_C	A	C	8469	8035	8430	8035	0	0	NA	1	0	0	0
X	140042549	X_140042549_C_T	C	T	8572	8016	8526	8016	0	0	NA	1	0	0	0
X	140752028	X_140752028_G_C	G	C	9359	8352	9320	8352	0	0	NA	1	0	0	0
X	142535715	X_142535715_T_A	T	A	7987	6760	7951	6760	0	0	NA	0	0	0	0
X	143587918	X_143587918_T_A	T	A	8852	8195	8823	8195	0	0	NA	0	0	0	0
X	146764139	X_146764139_C_A	C	A	9139	8444	9075	8444	0	0	NA	0	0	0	0
X	146871189	X_146871189_C_A	C	A	8081	7540	8024	7540	0	0	NA	3	0	0	0
X	148042693	X_148042693_C_A	C	A	9680	8597	9606	8595	2	2	NA	2	2	2	2
X	149832143	X_149832143_T_C	T	C	8633	7999	8583	7999	0	0	NA	0	0	0	0
X	149840854	X_149840854_C_A	C	A	9257	7889	9186	7889	0	0	NA	0	0	0	0
X	150930654	X_150930654_C_T	C	T	7971	7185	7905	7185	0	0	NA	1	1	1	1
