contig	position	id	ref_allele	alt_allele	depth	depth_pass	n_ref_total	n_ref_pass	n_alt_total	n_alt_pass	seen_in_norm	n_alt_dsc_suppressed	n_alt_ssc_total	n_alt_ssc_pass	n_alt_ssc_only
1	3513487	1_3513487_C_A	C	A	7565	6751	7539	6751	0	0	NA	0	0	0	0
1	4482111	1_4482111_G_A	G	A	7641	7076	7601	7076	0	0	NA	0	0	0	0
1	7056718	1_7056718_G_A	G	A	6537	4311	6478	4311	0	0	NA	1	0	0	0
1	7157797	1_7157797_T_A	T	A	8814	7582	8753	7582	0	0	NA	0	0	0	0
1	11229157	1_11229157_T_A	T	A	7240	6873	7223	6873	0	0	NA	2	0	0	0
1	11694367	1_11694367_C_T	C	T	7836	7063	7776	7063	0	0	NA	3	0	0	0
1	12505557	1_12505557_G_A	G	A	7832	7288	7711	7195	103	93	NA	1	161	150	150
1	12763029	1_12763029_G_T	G	T	6500	5777	6470	5777	0	0	NA	1	0	0	0
1	13810306	1_13810306_G_A	G	A	5867	5038	5845	5038	0	0	NA	2	0	0	0
1	14818901	1_14818901_A_T	A	T	7886	7215	7850	7215	0	0	NA	0	0	0	0
1	16418223	1_16418223_T_A	T	A	6391	5427	6333	5427	0	0	NA	1	0	0	0
1	18294851	1_18294851_T_C	T	C	8949	7855	8875	7855	0	0	NA	0	0	0	0
1	21359343	1_21359343_C_A	C	A	7675	7162	7632	7162	0	0	NA	3	0	0	0
1	22424517	1_22424517_C_A	C	A	7634	6488	7570	6488	0	0	NA	1	0	0	0
1	25357472	1_25357472_A_C	A	C	4860	4506	4843	4506	0	0	NA	1	0	0	0
1	25907401	1_25907401_G_T	G	T	8180	7458	8120	7458	0	0	NA	0	0	0	0
1	31922270	1_31922270_A_T	A	T	6876	6209	6840	6209	0	0	NA	0	0	0	0
1	33913626	1_33913626_C_A	C	A	8133	7244	8064	7244	0	0	NA	0	0	0	0
1	34419766	1_34419766_C_A	C	A	6848	6521	6817	6521	0	0	NA	0	1	0	0
1	36070022	1_36070022_C_T	C	T	7410	6711	7349	6711	0	0	NA	2	0	0	0
1	39039703	1_39039703_T_G	T	G	7483	6823	7436	6823	0	0	NA	2	0	0	0
1	42083881	1_42083881_C_G	C	G	7262	6459	7231	6459	0	0	NA	1	0	0	0
1	42111475	1_42111475_T_A	T	A	8016	7216	7980	7216	0	0	NA	1	0	0	0
1	42849396	1_42849396_G_A	G	A	8165	7519	8126	7519	0	0	NA	2	0	0	0
1	43003269	1_43003269_C_T	C	T	7304	6716	7266	6716	0	0	NA	0	0	0	0
1	43884131	1_43884131_G_A	G	A	8592	7482	8549	7482	0	0	NA	0	0	0	0
1	44783463	1_44783463_G_C	G	C	8376	7505	8326	7505	0	0	NA	0	0	0	0
1	45200047	1_45200047_A_C	A	C	6760	6186	6624	6111	89	75	NA	1	178	152	152
1	48647633	1_48647633_C_T	C	T	7961	6949	7917	6949	0	0	NA	2	0	0	0
1	49122897	1_49122897_C_A	C	A	7569	7242	7516	7242	0	0	NA	1	0	0	0
1	53609403	1_53609403_A_T	A	T	6725	6079	6711	6079	0	0	NA	0	0	0	0
1	56174666	1_56174666_C_T	C	T	8599	7871	8540	7871	0	0	NA	3	0	0	0
1	57072861	1_57072861_C_T	C	T	8372	7009	8300	7007	2	2	NA	0	5	3	3
1	64014306	1_64014306_C_T	C	T	8582	7953	8552	7953	0	0	NA	0	0	0	0
1	68499109	1_68499109_G_C	G	C	7812	7164	7768	7164	0	0	NA	0	0	0	0
1	68991661	1_68991661_A_C	A	C	7846	7243	4303	3987	3490	3256	NA	9	6151	5724	5724
1	70194294	1_70194294_G_A	G	A	6937	6455	6902	6455	0	0	NA	0	0	0	0
1	70622621	1_70622621_A_T	A	T	7312	6704	7285	6704	0	0	NA	0	0	0	0
1	72965140	1_72965140_A_C	A	C	8384	7770	8341	7770	0	0	NA	1	0	0	0
1	73040583	1_73040583_G_A	G	A	6275	5980	6228	5980	0	0	NA	8	0	0	0
1	73402106	1_73402106_C_T	C	T	8208	7109	8151	7109	0	0	NA	1	0	0	0
1	74352821	1_74352821_C_G	C	G	7677	7040	7631	7040	0	0	NA	0	0	0	0
1	74404961	1_74404961_T_C	T	C	8131	7755	8090	7755	0	0	NA	0	0	0	0
1	74650669	1_74650669_C_G	C	G	6270	5999	6240	5999	0	0	NA	0	0	0	0
1	74717319	1_74717319_G_A	G	A	7695	7087	7651	7087	0	0	NA	3	0	0	0
1	74863365	1_74863365_A_C	A	C	7976	7413	7939	7413	0	0	NA	0	0	0	0
1	76391074	1_76391074_A_G	A	G	6009	5765	5972	5765	0	0	NA	0	0	0	0
1	80076033	1_80076033_G_T	G	T	7827	7296	7750	7296	0	0	NA	3	0	0	0
1	80969672	1_80969672_A_T	A	T	7482	7136	7460	7136	0	0	NA	0	0	0	0
1	84121989	1_84121989_A_G	A	G	8009	7617	7976	7617	0	0	NA	1	0	0	0
1	91091562	1_91091562_C_A	C	A	7976	7278	7915	7278	0	0	NA	0	0	0	0
1	91871733	1_91871733_G_A	G	A	7927	7209	7875	7209	0	0	NA	2	0	0	0
1	94939760	1_94939760_T_G	T	G	2915	2655	2905	2655	0	0	NA	0	0	0	0
1	95027212	1_95027212_T_A	T	A	7753	7242	7724	7242	0	0	NA	0	0	0	0
1	99292983	1_99292983_C_T	C	T	6550	6157	6524	6157	0	0	NA	1	0	0	0
1	102964298	1_102964298_C_A	C	A	7343	6608	7291	6608	0	0	NA	1	1	1	1
1	105305823	1_105305823_C_A	C	A	7953	7578	7914	7578	0	0	NA	2	0	0	0
1	107629394	1_107629394_G_A	G	A	8053	7078	7984	7078	0	0	NA	0	0	0	0
1	107643525	1_107643525_A_T	A	T	8493	7571	8450	7571	0	0	NA	0	0	0	0
1	112805186	1_112805186_C_A	C	A	8989	7963	8932	7963	0	0	NA	2	0	0	0
1	115812881	1_115812881_C_T	C	T	8236	7477	8188	7477	0	0	NA	0	1	1	1
1	118441111	1_118441111_C_A	C	A	8239	7697	8201	7697	0	0	NA	0	0	0	0
1	119553040	1_119553040_C_T	C	T	9676	8451	9616	8451	0	0	NA	0	1	1	1
1	119706229	1_119706229_G_T	G	T	8216	7758	8179	7758	0	0	NA	2	0	0	0
1	151456594	1_151456594_C_T	C	T	8463	7658	8409	7658	0	0	NA	0	0	0	0
1	154414463	1_154414463_A_T	A	T	7365	6907	7343	6907	0	0	NA	1	0	0	0
1	157353503	1_157353503_G_A	G	A	6314	6141	6301	6141	0	0	NA	0	0	0	0
1	157896886	1_157896886_T_C	T	C	7320	7019	7280	7019	0	0	NA	0	0	0	0
1	158396452	1_158396452_T_C	T	C	7060	6683	6937	6599	89	84	NA	0	129	122	122
1	159522146	1_159522146_T_A	T	A	8201	7383	8155	7383	0	0	NA	0	0	0	0
1	160107850	1_160107850_G_A	G	A	8120	7374	8078	7374	0	0	NA	1	0	0	0
1	160235586	1_160235586_T_A	T	A	8612	8201	8582	8201	0	0	NA	1	0	0	0
1	163497286	1_163497286_T_G	T	G	7696	7128	7663	7128	0	0	NA	0	0	0	0
1	166672165	1_166672165_G_T	G	T	7160	6696	7109	6696	0	0	NA	5	0	0	0
1	167413595	1_167413595_C_T	C	T	6754	6159	6716	6159	0	0	NA	0	0	0	0
1	176172638	1_176172638_G_T	G	T	7636	7225	7583	7225	0	0	NA	0	0	0	0
1	176995471	1_176995471_C_G	C	G	8788	7963	8747	7963	0	0	NA	0	0	0	0
1	178497761	1_178497761_A_T	A	T	8620	7767	8568	7767	0	0	NA	1	0	0	0
1	181298177	1_181298177_T_A	T	A	8460	5062	8421	5062	0	0	NA	0	0	0	0
1	181692629	1_181692629_C_A	C	A	8037	7270	7967	7270	0	0	NA	1	0	0	0
1	181838973	1_181838973_C_A	C	A	6713	6368	6686	6368	0	0	NA	0	0	0	0
1	182824232	1_182824232_G_T	G	T	7450	7105	7411	7105	0	0	NA	2	0	0	0
1	184369891	1_184369891_A_T	A	T	7743	6947	7703	6947	0	0	NA	0	0	0	0
1	184851838	1_184851838_A_C	A	C	7501	6910	7458	6910	0	0	NA	1	0	0	0
1	187353721	1_187353721_A_G	A	G	9076	8209	9027	8203	8	6	NA	0	26	22	22
1	187808298	1_187808298_C_T	C	T	8353	8001	8326	8001	0	0	NA	0	0	0	0
1	190754116	1_190754116_C_T	C	T	7989	7509	7940	7509	0	0	NA	0	0	0	0
1	191822727	1_191822727_G_A	G	A	8005	7227	7948	7227	0	0	NA	2	1	1	1
1	192078662	1_192078662_G_A	G	A	7788	6843	7725	6843	0	0	NA	5	0	0	0
1	193594175	1_193594175_G_A	G	A	7700	6889	7656	6889	0	0	NA	2	0	0	0
1	193936747	1_193936747_G_A	G	A	8468	7826	8435	7826	0	0	NA	1	0	0	0
1	194994483	1_194994483_C_A	C	A	6441	6106	6402	6106	0	0	NA	2	0	0	0
1	196230256	1_196230256_T_A	T	A	8419	7952	8379	7952	0	0	NA	0	0	0	0
1	197705049	1_197705049_A_C	A	C	7972	7174	7936	7174	0	0	NA	0	0	0	0
1	201111986	1_201111986_G_A	G	A	7759	6829	7705	6829	0	0	NA	1	1	1	1
1	201411075	1_201411075_A_T	A	T	8321	7822	8292	7822	0	0	NA	0	0	0	0
1	202677821	1_202677821_A_T	A	T	7464	6656	7431	6656	0	0	NA	0	0	0	0
1	205745820	1_205745820_T_A	T	A	6869	6573	6848	6573	0	0	NA	0	0	0	0
1	207819467	1_207819467_T_G	T	G	2603	1728	2518	1728	0	0	NA	1	12	0	0
1	208680899	1_208680899_G_C	G	C	7321	6929	7281	6929	0	0	NA	0	0	0	0
1	214233117	1_214233117_G_A	G	A	7658	7252	7614	7252	0	0	NA	1	0	0	0
1	214858301	1_214858301_A_C	A	C	6457	5957	6421	5957	0	0	NA	0	0	0	0
1	215225666	1_215225666_T_A	T	A	7623	7095	7578	7095	0	0	NA	3	0	0	0
1	215654165	1_215654165_T_C	T	C	8151	7577	8129	7577	0	0	NA	0	0	0	0
1	215852948	1_215852948_G_A	G	A	7826	7252	7798	7252	0	0	NA	0	0	0	0
1	217718061	1_217718061_C_T	C	T	9088	8146	9040	8146	0	0	NA	3	0	0	0
1	218033110	1_218033110_A_G	A	G	7846	7463	7792	7463	0	0	NA	1	0	0	0
1	218660159	1_218660159_T_A	T	A	7187	6846	7151	6846	0	0	NA	0	0	0	0
1	220986933	1_220986933_C_G	C	G	7597	6893	7548	6893	0	0	NA	0	0	0	0
1	223388358	1_223388358_T_G	T	G	4908	4471	4886	4471	0	0	NA	0	0	0	0
1	226517145	1_226517145_C_A	C	A	8229	7698	8171	7698	0	0	NA	2	0	0	0
1	228469657	1_228469657_A_C	A	C	7340	6578	7307	6578	0	0	NA	0	0	0	0
1	228896268	1_228896268_G_A	G	A	8353	7685	8311	7685	0	0	NA	1	0	0	0
1	229215592	1_229215592_A_T	A	T	7846	7072	7791	7072	0	0	NA	0	0	0	0
1	230571271	1_230571271_C_G	C	G	7660	7104	7593	7104	0	0	NA	0	0	0	0
1	232967128	1_232967128_T_A	T	A	8956	8034	8877	8034	0	0	NA	0	0	0	0
1	233015438	1_233015438_A_C	A	C	7277	6743	7242	6743	0	0	NA	1	0	0	0
1	233656772	1_233656772_G_A	G	A	7595	6886	6999	6381	562	505	NA	0	1011	906	906
1	234504080	1_234504080_C_T	C	T	8336	7587	8288	7587	0	0	NA	2	0	0	0
1	237633251	1_237633251_T_G	T	G	7901	7470	7869	7470	0	0	NA	0	0	0	0
1	238303570	1_238303570_A_C	A	C	7502	6995	7476	6995	0	0	NA	0	0	0	0
1	240892090	1_240892090_C_T	C	T	6701	6444	6664	6444	0	0	NA	1	2	2	2
1	241676949	1_241676949_C_A	C	A	7630	6998	7593	6998	0	0	NA	0	1	0	0
1	242017276	1_242017276_G_T	G	T	8819	7954	8766	7954	0	0	NA	0	0	0	0
2	1490589	2_1490589_G_T	G	T	7097	6522	7070	6522	0	0	NA	0	0	0	0
2	2967448	2_2967448_A_T	A	T	8464	7864	8431	7864	0	0	NA	0	0	0	0
2	3179250	2_3179250_T_C	T	C	8126	7286	8098	7286	0	0	NA	0	0	0	0
2	3390852	2_3390852_C_A	C	A	7516	6886	7479	6886	0	0	NA	0	1	1	1
2	6196499	2_6196499_C_T	C	T	7854	7199	7805	7199	0	0	NA	0	0	0	0
2	6871251	2_6871251_A_C	A	C	7953	7135	7908	7135	0	0	NA	0	0	0	0
2	8120155	2_8120155_G_T	G	T	7566	7093	7523	7093	0	0	NA	0	0	0	0
2	8482934	2_8482934_T_C	T	C	7237	6825	7215	6825	0	0	NA	2	1	0	0
2	17603940	2_17603940_T_A	T	A	8168	7550	8112	7550	0	0	NA	0	0	0	0
2	19168437	2_19168437_G_A	G	A	7526	6817	7494	6817	0	0	NA	1	0	0	0
2	20368859	2_20368859_T_A	T	A	8050	7169	7985	7169	0	0	NA	0	0	0	0
2	21212174	2_21212174_G_T	G	T	7641	6827	7599	6827	0	0	NA	2	0	0	0
2	21646181	2_21646181_A_T	A	T	7387	6854	7344	6854	0	0	NA	0	0	0	0
2	21916159	2_21916159_T_A	T	A	7638	7317	7614	7317	0	0	NA	1	0	0	0
2	22792226	2_22792226_C_A	C	A	7886	7409	7849	7409	0	0	NA	0	0	0	0
2	28943463	2_28943463_T_C	T	C	7479	6760	7445	6760	0	0	NA	0	0	0	0
2	29346462	2_29346462_A_T	A	T	8516	7779	8474	7779	0	0	NA	1	0	0	0
2	30489229	2_30489229_G_T	G	T	8377	7344	8344	7344	0	0	NA	2	0	0	0
2	31094549	2_31094549_G_T	G	T	8481	7518	8441	7518	0	0	NA	1	0	0	0
2	31617290	2_31617290_C_A	C	A	8268	7664	8207	7664	0	0	NA	0	0	0	0
2	36649111	2_36649111_A_T	A	T	6789	6440	6765	6440	0	0	NA	1	0	0	0
2	40564842	2_40564842_C_A	C	A	5696	5517	5659	5517	0	0	NA	1	0	0	0
2	40622048	2_40622048_C_A	C	A	6839	6428	6797	6428	0	0	NA	3	0	0	0
2	41426229	2_41426229_T_A	T	A	5511	5342	5491	5342	0	0	NA	0	1	0	0
2	42596117	2_42596117_T_A	T	A	7302	6765	7270	6765	0	0	NA	1	0	0	0
2	45813180	2_45813180_T_C	T	C	7290	6855	7251	6838	17	17	NA	0	34	34	34
2	48243919	2_48243919_C_A	C	A	7321	6880	7285	6880	0	0	NA	0	0	0	0
2	48824851	2_48824851_A_T	A	T	8760	8017	8728	8017	0	0	NA	0	0	0	0
2	53191532	2_53191532_C_A	C	A	7592	7027	7538	7027	0	0	NA	0	0	0	0
2	53317830	2_53317830_G_T	G	T	7325	6938	7271	6938	0	0	NA	0	0	0	0
2	55385051	2_55385051_A_T	A	T	7757	7115	7730	7115	0	0	NA	0	0	0	0
2	57362019	2_57362019_C_T	C	T	8081	7524	8027	7524	0	0	NA	1	0	0	0
2	57633116	2_57633116_A_T	A	T	6022	5782	6001	5782	0	0	NA	1	0	0	0
2	58530843	2_58530843_A_T	A	T	7944	7392	7877	7392	0	0	NA	1	0	0	0
2	58727486	2_58727486_C_T	C	T	8772	7853	8728	7853	0	0	NA	2	0	0	0
2	60681298	2_60681298_G_A	G	A	7618	7098	7584	7097	1	1	NA	0	4	4	4
2	66708667	2_66708667_A_T	A	T	7794	6983	7769	6983	0	0	NA	0	0	0	0
2	72035998	2_72035998_G_T	G	T	6423	5883	6378	5883	0	0	NA	1	0	0	0
2	73277354	2_73277354_T_G	T	G	7526	6663	7488	6663	0	0	NA	1	0	0	0
2	74485429	2_74485429_C_T	C	T	8450	7337	8373	7337	0	0	NA	2	0	0	0
2	75027465	2_75027465_A_T	A	T	5823	5219	5801	5219	0	0	NA	0	0	0	0
2	75840979	2_75840979_G_A	G	A	5925	5599	5888	5599	0	0	NA	0	0	0	0
2	75918578	2_75918578_T_G	T	G	6557	6228	6537	6228	0	0	NA	0	0	0	0
2	81599550	2_81599550_G_A	G	A	7301	6599	7267	6599	0	0	NA	2	0	0	0
2	96032044	2_96032044_A_C	A	C	8341	7592	8297	7592	0	0	NA	0	0	0	0
2	97423408	2_97423408_T_G	T	G	7775	7201	7734	7201	0	0	NA	0	0	0	0
2	99945763	2_99945763_T_A	T	A	6859	6592	6834	6592	0	0	NA	0	0	0	0
2	103341133	2_103341133_C_A	C	A	8145	6893	8060	6893	0	0	NA	0	0	0	0
2	106067163	2_106067163_G_A	G	A	6977	6230	6936	6230	0	0	NA	3	0	0	0
2	106887656	2_106887656_C_A	C	A	7841	7030	7792	7030	0	0	NA	0	0	0	0
2	111685788	2_111685788_A_C	A	C	5680	5432	5654	5432	0	0	NA	0	0	0	0
2	114436222	2_114436222_T_A	T	A	6548	6081	6508	6081	0	0	NA	1	0	0	0
2	115887933	2_115887933_C_G	C	G	7946	7240	7921	7240	0	0	NA	0	0	0	0
2	120519221	2_120519221_G_A	G	A	7446	6879	7380	6879	0	0	NA	1	0	0	0
2	122229481	2_122229481_T_A	T	A	7945	7237	7891	7237	0	0	NA	0	0	0	0
2	122505762	2_122505762_A_T	A	T	4527	4413	4512	4413	0	0	NA	0	0	0	0
2	122930919	2_122930919_C_T	C	T	8666	7625	8604	7625	0	0	NA	2	0	0	0
2	124045147	2_124045147_A_G	A	G	8191	7673	8164	7673	0	0	NA	0	0	0	0
2	125376855	2_125376855_T_C	T	C	6457	6117	6430	6117	0	0	NA	1	0	0	0
2	125857154	2_125857154_G_A	G	A	6871	5890	6840	5890	0	0	NA	0	0	0	0
2	128570944	2_128570944_A_C	A	C	8680	7846	8636	7846	0	0	NA	0	0	0	0
2	129577128	2_129577128_G_C	G	C	7409	6831	7386	6831	0	0	NA	0	0	0	0
2	131701259	2_131701259_A_G	A	G	7407	7066	7365	7066	0	0	NA	0	0	0	0
2	134412719	2_134412719_T_A	T	A	8673	7676	8625	7676	0	0	NA	0	0	0	0
2	134629078	2_134629078_G_A	G	A	7254	6849	7224	6849	0	0	NA	1	0	0	0
2	135528798	2_135528798_C_T	C	T	7734	6787	7699	6787	0	0	NA	1	0	0	0
2	136602918	2_136602918_T_C	T	C	6193	5823	6163	5823	0	0	NA	1	0	0	0
2	139788632	2_139788632_G_T	G	T	7494	7055	7453	7055	0	0	NA	0	0	0	0
2	141270269	2_141270269_C_T	C	T	6444	5914	6388	5914	0	0	NA	1	1	0	0
2	142568241	2_142568241_C_G	C	G	8131	7532	8089	7532	0	0	NA	0	0	0	0
2	147421983	2_147421983_A_T	A	T	6901	6588	6867	6588	0	0	NA	0	0	0	0
2	149507911	2_149507911_G_A	G	A	6953	6346	6879	6346	0	0	NA	0	0	0	0
2	158507414	2_158507414_A_C	A	C	7511	7268	7495	7268	0	0	NA	2	0	0	0
2	160055280	2_160055280_A_T	A	T	7408	6823	7335	6823	0	0	NA	1	0	0	0
2	162425165	2_162425165_G_A	G	A	7273	6790	7243	6790	0	0	NA	0	0	0	0
2	167588024	2_167588024_A_G	A	G	6557	6250	6520	6250	0	0	NA	0	0	0	0
2	170956269	2_170956269_A_G	A	G	7914	7331	7889	7331	0	0	NA	1	0	0	0
2	172969550	2_172969550_C_A	C	A	7717	6574	7643	6574	0	0	NA	0	0	0	0
2	174756880	2_174756880_T_A	T	A	8628	7751	8560	7751	0	0	NA	1	0	0	0
2	174872215	2_174872215_C_A	C	A	8385	7664	8338	7664	0	0	NA	0	0	0	0
2	175799271	2_175799271_G_A	G	A	8028	7230	7961	7230	0	0	NA	0	1	1	1
2	182188453	2_182188453_G_T	G	T	8743	7951	8707	7951	0	0	NA	0	0	0	0
2	184575662	2_184575662_C_A	C	A	9245	7917	9177	7917	0	0	NA	0	0	0	0
2	185188453	2_185188453_T_A	T	A	9212	8070	9158	8070	0	0	NA	0	0	0	0
2	187064093	2_187064093_G_T	G	T	7643	7160	7606	7160	0	0	NA	3	0	0	0
2	189385578	2_189385578_C_A	C	A	7209	6468	7158	6468	0	0	NA	0	0	0	0
2	194814175	2_194814175_A_T	A	T	0	0	0	0	0	0	NA	0	0	0	0
2	196020953	2_196020953_T_C	T	C	7227	6933	7197	6933	0	0	NA	0	0	0	0
2	207025895	2_207025895_T_A	T	A	7747	7257	7715	7257	0	0	NA	0	0	0	0
2	208652512	2_208652512_G_A	G	A	7696	7191	7652	7191	0	0	NA	1	0	0	0
2	209322915	2_209322915_A_T	A	T	7554	7140	7520	7140	0	0	NA	0	0	0	0
2	213565674	2_213565674_C_A	C	A	8151	7432	8112	7432	0	0	NA	1	1	0	0
2	214605512	2_214605512_G_A	G	A	8855	8105	8810	8105	0	0	NA	4	0	0	0
2	214895299	2_214895299_G_A	G	A	7702	7319	7661	7319	0	0	NA	0	0	0	0
2	215531501	2_215531501_C_T	C	T	8900	7776	8846	7776	0	0	NA	0	1	1	1
2	216696426	2_216696426_A_G	A	G	7872	7385	7834	7385	0	0	NA	0	0	0	0
2	216772685	2_216772685_G_A	G	A	8629	7913	8588	7913	0	0	NA	1	0	0	0
2	224968392	2_224968392_G_T	G	T	8046	7524	8000	7524	0	0	NA	1	0	0	0
2	226625503	2_226625503_G_A	G	A	8331	7383	8266	7383	0	0	NA	2	2	2	2
2	228519795	2_228519795_C_A	C	A	7864	7167	7808	7167	0	0	NA	1	0	0	0
2	229081251	2_229081251_G_C	G	C	8258	7398	8213	7398	0	0	NA	1	0	0	0
2	229820453	2_229820453_G_T	G	T	8253	7291	8188	7291	0	0	NA	1	0	0	0
2	233011189	2_233011189_T_A	T	A	8683	7849	8643	7849	0	0	NA	0	0	0	0
2	233460557	2_233460557_C_T	C	T	8743	7696	8676	7696	0	0	NA	0	1	1	1
2	236036844	2_236036844_T_A	T	A	8153	7704	8106	7704	0	0	NA	2	0	0	0
2	239588206	2_239588206_C_A	C	A	7958	7534	7916	7534	0	0	NA	1	0	0	0
2	240344314	2_240344314_G_T	G	T	7519	7024	7494	7024	0	0	NA	0	0	0	0
2	240966969	2_240966969_T_C	T	C	7782	7041	7746	7040	2	1	NA	0	2	1	1
3	594325	3_594325_C_T	C	T	8000	7591	7954	7591	0	0	NA	1	0	0	0
3	595820	3_595820_C_T	C	T	8932	7881	8862	7881	0	0	NA	0	0	0	0
3	1658394	3_1658394_A_C	A	C	7350	6707	7321	6707	0	0	NA	0	0	0	0
3	2622516	3_2622516_G_C	G	C	7619	6940	7585	6940	0	0	NA	0	0	0	0
3	2986380	3_2986380_G_C	G	C	7805	7086	7754	7086	0	0	NA	0	0	0	0
3	3375287	3_3375287_A_G	A	G	9060	8254	9030	8254	0	0	NA	1	0	0	0
3	3675822	3_3675822_G_T	G	T	7949	7177	7882	7160	18	17	NA	1	39	37	37
3	8941228	3_8941228_T_A	T	A	7083	6725	7059	6725	0	0	NA	0	0	0	0
3	9190084	3_9190084_T_C	T	C	8157	6982	8003	6889	115	93	NA	1	181	150	150
3	13031643	3_13031643_C_A	C	A	7286	6768	7243	6768	0	0	NA	1	0	0	0
3	14932279	3_14932279_A_T	A	T	7677	7029	7628	7029	0	0	NA	0	0	0	0
3	16098484	3_16098484_A_G	A	G	7129	6676	7097	6676	0	0	NA	1	0	0	0
3	18929305	3_18929305_C_A	C	A	8142	7492	8080	7492	0	0	NA	0	1	1	1
3	20046078	3_20046078_G_A	G	A	7452	7050	7414	7050	0	0	NA	0	0	0	0
3	22063090	3_22063090_C_A	C	A	8139	7520	8097	7520	0	0	NA	0	0	0	0
3	22806094	3_22806094_A_T	A	T	6670	6359	6646	6359	0	0	NA	0	0	0	0
3	24925537	3_24925537_G_A	G	A	8837	7940	8788	7940	0	0	NA	0	0	0	0
3	25499435	3_25499435_C_A	C	A	7478	6904	7436	6904	0	0	NA	2	0	0	0
3	29685245	3_29685245_G_C	G	C	6413	5929	6383	5929	0	0	NA	1	0	0	0
3	30033487	3_30033487_T_C	T	C	7469	6922	7421	6922	0	0	NA	1	0	0	0
3	31641042	3_31641042_A_G	A	G	7003	6692	6964	6692	0	0	NA	1	0	0	0
3	32937529	3_32937529_C_A	C	A	7316	6957	7279	6957	0	0	NA	2	0	0	0
3	34283724	3_34283724_G_A	G	A	6740	6351	6706	6348	3	3	NA	2	7	7	7
3	38050392	3_38050392_A_G	A	G	8562	7339	8474	7339	0	0	NA	0	0	0	0
3	38154854	3_38154854_A_T	A	T	6372	6124	6347	6124	0	0	NA	0	0	0	0
3	39031604	3_39031604_C_T	C	T	7796	7128	7756	7128	0	0	NA	1	0	0	0
3	39604684	3_39604684_T_A	T	A	8084	7489	8056	7489	0	0	NA	0	0	0	0
3	40274741	3_40274741_C_G	C	G	7265	6688	7213	6688	0	0	NA	1	0	0	0
3	44235531	3_44235531_G_T	G	T	7474	7159	7417	7159	0	0	NA	0	0	0	0
3	48019415	3_48019415_A_T	A	T	8053	7577	8018	7577	0	0	NA	1	0	0	0
3	63699800	3_63699800_G_A	G	A	7688	7221	7641	7214	8	7	NA	3	10	9	9
3	65000432	3_65000432_C_G	C	G	7805	7246	7747	7246	0	0	NA	0	0	0	0
3	65311179	3_65311179_C_T	C	T	8139	7263	8066	7263	0	0	NA	0	0	0	0
3	66323031	3_66323031_T_A	T	A	8698	8106	8666	8106	0	0	NA	0	0	0	0
3	66460629	3_66460629_G_A	G	A	7581	6676	7544	6676	0	0	NA	0	0	0	0
3	70384852	3_70384852_G_A	G	A	8265	7443	8215	7443	0	0	NA	2	0	0	0
3	71629863	3_71629863_C_T	C	T	6917	6184	6864	6184	0	0	NA	2	0	0	0
3	77353503	3_77353503_A_G	A	G	8694	7479	8668	7479	0	0	NA	0	0	0	0
3	78605172	3_78605172_C_T	C	T	8361	7594	8329	7594	0	0	NA	0	0	0	0
3	82381511	3_82381511_C_T	C	T	6535	6236	6494	6236	0	0	NA	0	0	0	0
3	86554795	3_86554795_G_A	G	A	6207	5388	6156	5388	0	0	NA	6	0	0	0
3	94495351	3_94495351_C_T	C	T	7953	7131	7903	7128	3	3	NA	0	7	7	7
3	95717149	3_95717149_A_G	A	G	8425	7807	8377	7807	0	0	NA	0	0	0	0
3	96758584	3_96758584_A_T	A	T	8044	7298	8004	7298	0	0	NA	0	0	0	0
3	98080349	3_98080349_G_A	G	A	8267	7346	8212	7346	0	0	NA	0	0	0	0
3	98226575	3_98226575_T_C	T	C	5833	5467	5808	5467	0	0	NA	0	1	1	1
3	98540937	3_98540937_T_A	T	A	6511	6092	6496	6092	0	0	NA	2	0	0	0
3	98869491	3_98869491_A_G	A	G	7948	7481	7908	7481	0	0	NA	2	0	0	0
3	98988096	3_98988096_G_A	G	A	8772	7986	8732	7986	0	0	NA	0	0	0	0
3	100089463	3_100089463_A_T	A	T	7864	6945	7781	6911	39	34	NA	1	77	66	66
3	100510786	3_100510786_T_C	T	C	7275	6750	7212	6713	38	37	NA	1	82	79	79
3	102288817	3_102288817_A_C	A	C	8052	7541	8028	7541	0	0	NA	0	0	0	0
3	104225441	3_104225441_C_T	C	T	7167	6707	7105	6707	0	0	NA	0	0	0	0
3	104634897	3_104634897_C_T	C	T	8672	7732	8606	7717	17	15	NA	0	30	25	25
3	110069372	3_110069372_A_T	A	T	7467	7036	7417	7036	0	0	NA	0	0	0	0
3	110507647	3_110507647_G_A	G	A	7213	6840	7083	6754	94	86	NA	1	170	158	158
3	114518262	3_114518262_C_T	C	T	8198	7532	8154	7532	0	0	NA	3	0	0	0
3	116549991	3_116549991_G_C	G	C	7818	7401	7791	7401	0	0	NA	0	0	0	0
3	116693796	3_116693796_C_T	C	T	7516	7127	7454	7127	0	0	NA	0	0	0	0
3	117585905	3_117585905_G_A	G	A	7368	6943	7314	6943	0	0	NA	0	0	0	0
3	119600219	3_119600219_G_T	G	T	8130	7716	8070	7716	0	0	NA	1	0	0	0
3	121236036	3_121236036_T_C	T	C	8823	8390	8770	8390	0	0	NA	0	0	0	0
3	128851384	3_128851384_T_G	T	G	7317	6772	7289	6772	0	0	NA	0	0	0	0
3	136390269	3_136390269_C_T	C	T	7535	7160	7491	7159	1	1	NA	1	1	1	1
3	138226785	3_138226785_T_C	T	C	7698	7223	7660	7223	0	0	NA	1	0	0	0
3	142763023	3_142763023_T_C	T	C	7145	6694	7109	6694	0	0	NA	0	0	0	0
3	144034447	3_144034447_C_T	C	T	7270	6794	7218	6794	0	0	NA	0	0	0	0
3	144230968	3_144230968_C_T	C	T	8257	7324	8204	7324	0	0	NA	0	0	0	0
3	146424346	3_146424346_A_C	A	C	8140	7067	8099	7067	0	0	NA	1	0	0	0
3	155902636	3_155902636_G_T	G	T	8412	7742	8321	7742	0	0	NA	1	1	0	0
3	156127844	3_156127844_A_G	A	G	8486	7747	8442	7747	0	0	NA	0	0	0	0
3	157231254	3_157231254_T_A	T	A	6900	6364	6864	6364	0	0	NA	0	0	0	0
3	160825185	3_160825185_G_T	G	T	8462	7496	8421	7496	0	0	NA	1	0	0	0
3	160934446	3_160934446_C_T	C	T	7119	6494	7064	6494	0	0	NA	2	0	0	0
3	162606155	3_162606155_C_A	C	A	8600	7924	8563	7924	1	0	NA	0	1	0	0
3	166986760	3_166986760_C_T	C	T	7564	7154	7524	7154	0	0	NA	2	1	1	1
3	168324427	3_168324427_T_G	T	G	7600	6867	7556	6867	0	0	NA	0	0	0	0
3	173072014	3_173072014_C_T	C	T	6897	6361	6872	6361	0	0	NA	1	0	0	0
3	173310894	3_173310894_T_C	T	C	7510	7136	7483	7136	0	0	NA	0	0	0	0
3	174137024	3_174137024_A_T	A	T	5636	5490	5614	5490	0	0	NA	0	0	0	0
3	175109315	3_175109315_A_T	A	T	7592	6829	7556	6829	0	0	NA	0	0	0	0
3	177075666	3_177075666_T_G	T	G	6463	6233	6442	6233	0	0	NA	0	0	0	0
3	177374635	3_177374635_G_A	G	A	8105	7386	8069	7386	0	0	NA	1	1	1	1
3	178347124	3_178347124_C_A	C	A	7156	6786	7097	6786	0	0	NA	5	0	0	0
3	179543651	3_179543651_A_G	A	G	7854	7263	7820	7263	0	0	NA	0	1	1	1
3	180227297	3_180227297_T_A	T	A	6998	6606	6928	6606	0	0	NA	0	0	0	0
3	190787657	3_190787657_G_C	G	C	8342	7939	8313	7939	0	0	NA	0	0	0	0
3	193781265	3_193781265_C_A	C	A	8197	7447	8114	7447	0	0	NA	1	0	0	0
3	195165835	3_195165835_T_C	T	C	8474	7761	8358	7697	68	64	NA	1	116	109	109
4	5648455	4_5648455_G_A	G	A	8781	7671	8596	7553	135	118	NA	1	215	189	189
4	6422046	4_6422046_G_A	G	A	8413	7571	8317	7522	54	49	NA	0	78	72	72
4	7751674	4_7751674_A_C	A	C	8087	7547	8047	7547	0	0	NA	0	0	0	0
4	7825215	4_7825215_G_A	G	A	8593	7467	8510	7461	7	6	NA	1	11	9	9
4	10094436	4_10094436_G_A	G	A	8302	7504	8255	7504	0	0	NA	1	0	0	0
4	11252763	4_11252763_A_T	A	T	6869	6540	6847	6540	0	0	NA	0	0	0	0
4	17741081	4_17741081_C_T	C	T	6326	5541	6275	5527	16	14	NA	0	30	26	26
4	17760342	4_17760342_C_T	C	T	8229	7362	8149	7362	0	0	NA	2	0	0	0
4	26047960	4_26047960_C_G	C	G	7640	7290	7601	7290	0	0	NA	1	0	0	0
4	26174579	4_26174579_T_C	T	C	8190	7444	8132	7441	3	3	NA	1	3	3	3
4	26324718	4_26324718_T_C	T	C	4848	4474	4511	4186	311	288	NA	8	645	610	610
4	28210884	4_28210884_A_G	A	G	8323	7556	8284	7554	2	2	NA	0	5	4	4
4	34308953	4_34308953_C_T	C	T	7659	7250	7556	7195	60	55	NA	1	95	90	90
4	35181273	4_35181273_C_A	C	A	7545	7182	7520	7182	0	0	NA	0	0	0	0
4	38144042	4_38144042_T_C	T	C	8043	7092	7845	7092	0	0	NA	9	1	1	1
4	39055024	4_39055024_C_T	C	T	6891	6318	6833	6318	0	0	NA	4	0	0	0
4	39167907	4_39167907_T_A	T	A	7662	7091	7624	7091	0	0	NA	0	0	0	0
4	40956907	4_40956907_A_C	A	C	8466	7300	8392	7300	0	0	NA	0	0	0	0
4	41307191	4_41307191_G_A	G	A	7603	6890	7566	6890	0	0	NA	1	1	1	1
4	41779326	4_41779326_C_G	C	G	8067	7288	8012	7288	0	0	NA	1	0	0	0
4	49064542	4_49064542_T_A	T	A	7701	7055	7670	7055	0	0	NA	0	0	0	0
4	55339040	4_55339040_A_T	A	T	7969	7373	7931	7373	0	0	NA	1	0	0	0
4	55387551	4_55387551_A_T	A	T	7605	7116	7575	7116	0	0	NA	0	0	0	0
4	65071063	4_65071063_G_A	G	A	7874	7018	7826	7018	0	0	NA	0	0	0	0
4	67220665	4_67220665_C_A	C	A	6565	6306	6529	6306	0	0	NA	0	0	0	0
4	67773196	4_67773196_G_T	G	T	7765	7345	7715	7345	0	0	NA	1	0	0	0
4	69033900	4_69033900_A_T	A	T	7903	7161	7857	7161	0	0	NA	0	0	0	0
4	71117478	4_71117478_G_T	G	T	6935	6289	6880	6289	0	0	NA	1	0	0	0
4	71989107	4_71989107_T_A	T	A	7871	7292	7847	7292	0	0	NA	0	0	0	0
4	76236815	4_76236815_T_A	T	A	8207	7513	8157	7513	0	0	NA	1	0	0	0
4	80102978	4_80102978_T_C	T	C	8694	7959	8649	7959	0	0	NA	0	0	0	0
4	81249979	4_81249979_A_C	A	C	7356	7080	7327	7080	0	0	NA	3	0	0	0
4	82616372	4_82616372_T_G	T	G	6437	6045	6404	6045	0	0	NA	0	0	0	0
4	85948276	4_85948276_G_A	G	A	7876	7092	7837	7092	0	0	NA	3	0	0	0
4	91528890	4_91528890_A_G	A	G	7387	7062	7363	7062	0	0	NA	3	0	0	0
4	92827214	4_92827214_G_A	G	A	7890	7341	7762	7249	97	92	NA	0	170	162	162
4	95327276	4_95327276_G_A	G	A	7447	6618	7401	6618	0	0	NA	1	0	0	0
4	98153947	4_98153947_C_T	C	T	8174	7172	8106	7172	0	0	NA	0	0	0	0
4	100987748	4_100987748_G_A	G	A	8090	7224	7829	7036	216	188	NA	0	356	321	321
4	104251603	4_104251603_G_A	G	A	8130	7482	8082	7482	0	0	NA	2	1	0	0
4	105253396	4_105253396_A_T	A	T	8288	7754	8234	7754	0	0	NA	0	0	0	0
4	106624885	4_106624885_C_T	C	T	8592	7716	8547	7714	2	2	NA	1	4	4	4
4	107628248	4_107628248_T_C	T	C	6749	6449	6725	6449	0	0	NA	0	0	0	0
4	110784886	4_110784886_C_A	C	A	8356	7481	8301	7481	0	0	NA	2	0	0	0
4	111059106	4_111059106_G_A	G	A	8156	7407	8109	7407	0	0	NA	0	0	0	0
4	122926079	4_122926079_C_A	C	A	8398	7728	8356	7728	0	0	NA	0	0	0	0
4	123809544	4_123809544_G_A	G	A	7253	6574	7212	6574	0	0	NA	1	1	0	0
4	126171057	4_126171057_A_G	A	G	6215	6024	6186	6024	0	0	NA	0	0	0	0
4	132220419	4_132220419_C_A	C	A	6411	6067	6366	6067	0	0	NA	0	0	0	0
4	133305714	4_133305714_C_A	C	A	7397	7027	7342	7023	4	4	NA	0	10	10	10
4	135212765	4_135212765_G_T	G	T	8597	7964	8547	7964	0	0	NA	0	0	0	0
4	138272058	4_138272058_G_A	G	A	5929	5274	5901	5274	0	0	NA	1	0	0	0
4	141359995	4_141359995_C_G	C	G	7162	6684	7141	6684	0	0	NA	0	0	0	0
4	142229293	4_142229293_A_T	A	T	7630	7033	7565	7033	0	0	NA	0	0	0	0
4	144550539	4_144550539_A_T	A	T	7695	7252	7666	7252	0	0	NA	0	0	0	0
4	145835267	4_145835267_G_A	G	A	8428	7529	8360	7529	0	0	NA	1	0	0	0
4	149985359	4_149985359_C_T	C	T	7012	6375	6977	6375	0	0	NA	0	0	0	0
4	152546971	4_152546971_A_C	A	C	7333	6999	7304	6999	0	0	NA	0	0	0	0
4	152702478	4_152702478_C_T	C	T	7163	6417	7122	6416	1	1	NA	1	1	1	1
4	152761907	4_152761907_C_T	C	T	6306	5702	6264	5702	0	0	NA	1	0	0	0
4	156200477	4_156200477_T_C	T	C	7658	7309	7634	7309	0	0	NA	0	0	0	0
4	157461254	4_157461254_G_A	G	A	6820	6593	6799	6593	0	0	NA	1	0	0	0
4	161320588	4_161320588_G_A	G	A	6504	6143	6450	6143	0	0	NA	1	0	0	0
4	161419665	4_161419665_T_A	T	A	8121	7601	8093	7601	0	0	NA	1	0	0	0
4	162486289	4_162486289_T_C	T	C	7711	7143	7683	7143	0	0	NA	0	0	0	0
4	163197153	4_163197153_C_A	C	A	7599	7261	7565	7261	0	0	NA	0	0	0	0
4	165777273	4_165777273_G_C	G	C	8218	7546	8178	7546	0	0	NA	0	0	0	0
4	169812937	4_169812937_C_A	C	A	7262	6221	7185	6221	0	0	NA	1	0	0	0
4	171337938	4_171337938_G_T	G	T	7263	6635	7190	6635	0	0	NA	5	0	0	0
4	174791055	4_174791055_C_T	C	T	5866	5691	5846	5691	0	0	NA	0	0	0	0
4	175969434	4_175969434_T_A	T	A	7322	6913	7298	6913	0	0	NA	1	0	0	0
4	177918267	4_177918267_C_A	C	A	8345	7480	8285	7480	0	0	NA	0	0	0	0
4	183084940	4_183084940_C_A	C	A	8148	7484	8105	7484	0	0	NA	1	0	0	0
4	184703230	4_184703230_C_T	C	T	6941	6446	6913	6445	2	1	NA	0	2	1	1
4	186631417	4_186631417_T_A	T	A	7317	6047	7276	6047	0	0	NA	0	0	0	0
4	189013116	4_189013116_C_T	C	T	8146	7295	8104	7295	0	0	NA	1	0	0	0
5	924195	5_924195_T_A	T	A	7854	7452	7830	7452	0	0	NA	1	0	0	0
5	1118912	5_1118912_C_T	C	T	5284	4850	5254	4850	0	0	NA	2	0	0	0
5	3682523	5_3682523_G_A	G	A	6999	6697	6951	6697	0	0	NA	2	0	0	0
5	8773401	5_8773401_G_T	G	T	7769	7207	7732	7207	0	0	NA	0	0	0	0
5	9324904	5_9324904_G_A	G	A	7523	6892	7484	6892	0	0	NA	0	1	1	1
5	10853802	5_10853802_A_G	A	G	7808	6724	7712	6723	1	1	NA	0	1	1	1
5	13220654	5_13220654_G_T	G	T	7546	6907	7500	6907	0	0	NA	0	0	0	0
5	16520055	5_16520055_G_A	G	A	7520	6767	7475	6767	0	0	NA	1	0	0	0
5	19140255	5_19140255_A_C	A	C	7936	7516	7907	7516	0	0	NA	0	0	0	0
5	23422348	5_23422348_G_C	G	C	8500	8097	8472	8097	0	0	NA	0	0	0	0
5	24337056	5_24337056_C_T	C	T	7481	6838	7442	6838	0	0	NA	3	1	1	1
5	25634283	5_25634283_A_G	A	G	6655	6305	6632	6305	0	0	NA	0	0	0	0
5	25798451	5_25798451_C_T	C	T	7147	6637	7108	6637	0	0	NA	0	0	0	0
5	25900441	5_25900441_G_A	G	A	7176	6746	7132	6746	0	0	NA	1	0	0	0
5	27258923	5_27258923_T_G	T	G	7361	6358	7332	6358	0	0	NA	0	0	0	0
5	27357273	5_27357273_A_C	A	C	7325	6941	7289	6941	0	0	NA	2	0	0	0
5	30315606	5_30315606_T_C	T	C	7136	6658	7104	6658	0	0	NA	0	0	0	0
5	31291075	5_31291075_C_T	C	T	8673	7899	8612	7899	0	0	NA	2	0	0	0
5	33798919	5_33798919_T_A	T	A	6599	6357	6575	6357	0	0	NA	0	0	0	0
5	38695243	5_38695243_G_A	G	A	6437	6113	3510	3317	2888	2796	NA	9	5203	5067	5067
5	38745589	5_38745589_C_T	C	T	7825	7186	7758	7186	0	0	NA	1	0	0	0
5	39750512	5_39750512_T_A	T	A	8520	7961	8486	7961	0	0	NA	2	0	0	0
5	40256553	5_40256553_A_G	A	G	7750	7221	7721	7221	0	0	NA	1	0	0	0
5	40373330	5_40373330_A_G	A	G	6694	6421	6654	6421	0	0	NA	0	0	0	0
5	41062426	5_41062426_C_T	C	T	8517	7631	8453	7631	0	0	NA	1	0	0	0
5	43351055	5_43351055_C_A	C	A	8340	7718	8320	7718	0	0	NA	0	0	0	0
5	43655531	5_43655531_A_G	A	G	7964	7229	7940	7229	0	0	NA	0	0	0	0
5	50019169	5_50019169_T_G	T	G	7806	7021	7783	7021	0	0	NA	1	0	0	0
5	51949099	5_51949099_C_A	C	A	7851	7233	7811	7233	0	0	NA	1	0	0	0
5	56719108	5_56719108_C_G	C	G	7261	6447	7220	6447	0	0	NA	0	0	0	0
5	58194321	5_58194321_C_A	C	A	6982	6760	6948	6760	0	0	NA	1	0	0	0
5	58342075	5_58342075_C_T	C	T	7777	7098	7697	7098	0	0	NA	3	0	0	0
5	63076338	5_63076338_C_T	C	T	6859	6555	6800	6552	0	0	NA	0	0	0	0
5	66204645	5_66204645_C_G	C	G	7753	7109	7727	7109	0	0	NA	1	0	0	0
5	71302464	5_71302464_T_C	T	C	7702	7104	7668	7104	0	0	NA	2	0	0	0
5	73154344	5_73154344_A_T	A	T	8829	6242	8787	6242	0	0	NA	0	0	0	0
5	76257418	5_76257418_C_T	C	T	8245	7743	8209	7743	0	0	NA	0	0	0	0
5	78377867	5_78377867_G_A	G	A	11238	10378	11172	10362	17	16	NA	0	32	28	28
5	81787106	5_81787106_G_T	G	T	6102	5841	6067	5841	0	0	NA	0	0	0	0
5	82380957	5_82380957_A_T	A	T	8779	7973	8732	7973	0	0	NA	0	1	1	1
5	83544133	5_83544133_C_T	C	T	8425	7725	8356	7723	2	2	NA	1	2	2	2
5	84287605	5_84287605_A_C	A	C	6289	4851	6245	4851	0	0	NA	1	0	0	0
5	86403928	5_86403928_C_T	C	T	6620	6110	6546	6110	0	0	NA	0	0	0	0
5	87100052	5_87100052_A_T	A	T	7600	7172	7566	7164	8	8	NA	1	11	11	11
5	88549744	5_88549744_C_T	C	T	7530	6688	7463	6688	0	0	NA	0	0	0	0
5	88964635	5_88964635_C_T	C	T	7659	6853	7621	6853	0	0	NA	0	0	0	0
5	91884252	5_91884252_C_A	C	A	7871	7086	7802	7086	0	0	NA	2	0	0	0
5	92596255	5_92596255_C_T	C	T	8652	7797	8598	7797	0	0	NA	0	0	0	0
5	93053441	5_93053441_C_G	C	G	6054	5602	6010	5602	0	0	NA	0	0	0	0
5	94380796	5_94380796_A_G	A	G	8011	7355	7970	7355	0	0	NA	1	0	0	0
5	98502531	5_98502531_G_T	G	T	7859	5544	7814	5544	0	0	NA	0	1	1	1
5	103900401	5_103900401_A_T	A	T	8760	7632	8680	7632	0	0	NA	0	0	0	0
5	104728718	5_104728718_G_A	G	A	7528	6715	7476	6714	1	1	NA	4	1	1	1
5	108800835	5_108800835_T_A	T	A	8358	7773	8321	7768	5	5	NA	0	7	7	7
5	111255915	5_111255915_C_T	C	T	7988	7450	7962	7449	1	1	NA	0	1	1	1
5	120150576	5_120150576_T_C	T	C	8395	7411	8358	7411	0	0	NA	0	0	0	0
5	130051950	5_130051950_C_T	C	T	6522	6102	6472	6102	0	0	NA	0	0	0	0
5	133084472	5_133084472_C_A	C	A	6589	6152	6564	6152	0	0	NA	0	0	0	0
5	136222808	5_136222808_G_A	G	A	6514	6190	6486	6190	0	0	NA	1	2	2	2
5	137325006	5_137325006_A_G	A	G	8849	8000	8806	8000	0	0	NA	0	0	0	0
5	139928013	5_139928013_T_G	T	G	7465	7059	7430	7059	0	0	NA	1	0	0	0
5	140938816	5_140938816_T_A	T	A	6978	6687	6933	6687	0	0	NA	1	0	0	0
5	142068872	5_142068872_A_G	A	G	7287	6547	7227	6547	0	0	NA	0	0	0	0
5	142868007	5_142868007_C_A	C	A	9049	7978	8994	7978	0	0	NA	1	0	0	0
5	145222156	5_145222156_C_A	C	A	7560	7073	7526	7073	0	0	NA	3	0	0	0
5	146702729	5_146702729_A_T	A	T	8555	7615	8530	7615	0	0	NA	0	0	0	0
5	148423754	5_148423754_A_G	A	G	8023	7381	7992	7381	0	0	NA	0	0	0	0
5	148617171	5_148617171_C_T	C	T	6936	6449	6901	6449	0	0	NA	0	2	1	1
5	148634019	5_148634019_G_T	G	T	7893	7114	7847	7114	0	0	NA	1	0	0	0
5	149510684	5_149510684_A_T	A	T	5768	5520	5738	5520	0	0	NA	1	0	0	0
5	154697584	5_154697584_T_C	T	C	7994	7142	7870	7142	0	0	NA	0	0	0	0
5	155796252	5_155796252_G_A	G	A	7802	7280	7747	7280	0	0	NA	0	0	0	0
5	156436299	5_156436299_G_C	G	C	6640	6204	6606	6198	8	6	NA	1	15	13	13
5	157808621	5_157808621_G_A	G	A	8146	7471	7491	6927	610	544	NA	2	1074	962	962
5	158446671	5_158446671_C_A	C	A	6230	5885	6212	5885	0	0	NA	1	0	0	0
5	162746884	5_162746884_C_A	C	A	5920	5459	5888	5448	11	11	NA	0	18	18	18
5	166108864	5_166108864_A_T	A	T	7473	6921	7440	6921	0	0	NA	0	0	0	0
5	167291361	5_167291361_G_A	G	A	7658	7279	7623	7279	0	0	NA	0	1	1	1
5	168230404	5_168230404_C_G	C	G	7975	7286	7935	7286	0	0	NA	1	3	3	3
5	168313780	5_168313780_C_T	C	T	8190	7301	8117	7301	0	0	NA	0	0	0	0
5	168562766	5_168562766_A_G	A	G	8521	7627	8476	7627	0	0	NA	0	0	0	0
5	170305313	5_170305313_C_T	C	T	9018	8145	8950	8145	0	0	NA	2	0	0	0
5	173256027	5_173256027_G_T	G	T	5324	5078	5296	5078	0	0	NA	0	0	0	0
5	173256643	5_173256643_A_G	A	G	8391	7668	8351	7668	0	0	NA	0	0	0	0
5	174019237	5_174019237_T_A	T	A	7908	7252	7879	7252	0	0	NA	1	0	0	0
5	174150342	5_174150342_C_A	C	A	8238	7288	8167	7288	0	0	NA	1	0	0	0
5	176805609	5_176805609_C_G	C	G	7245	6338	7203	6338	0	0	NA	1	0	0	0
5	177689656	5_177689656_A_T	A	T	7184	6832	7149	6832	0	0	NA	0	0	0	0
5	177804411	5_177804411_C_T	C	T	8488	7550	8430	7548	2	2	NA	2	5	4	4
5	178583335	5_178583335_C_G	C	G	4911	4220	4882	4220	0	0	NA	0	0	0	0
5	179743000	5_179743000_T_A	T	A	6033	5761	6009	5761	0	0	NA	0	0	0	0
5	179791985	5_179791985_T_C	T	C	7843	7188	7815	7188	0	0	NA	0	0	0	0
6	395577	6_395577_G_A	G	A	7225	6518	7189	6518	0	0	NA	2	0	0	0
6	702200	6_702200_T_G	T	G	8354	7312	8323	7312	0	0	NA	0	0	0	0
6	1576275	6_1576275_C_A	C	A	7610	6589	7565	6589	0	0	NA	0	0	0	0
6	6729672	6_6729672_G_C	G	C	7806	3910	7658	3820	100	90	NA	0	153	138	138
6	8014881	6_8014881_T_C	T	C	7766	7234	7723	7230	4	4	NA	0	12	12	12
6	8296889	6_8296889_C_T	C	T	8357	7378	8306	7378	0	0	NA	1	0	0	0
6	14341389	6_14341389_G_T	G	T	7924	7339	7881	7339	0	0	NA	1	0	0	0
6	16555733	6_16555733_A_T	A	T	8678	7616	8626	7616	0	0	NA	0	0	0	0
6	19028103	6_19028103_A_C	A	C	7201	6814	7174	6814	0	0	NA	0	0	0	0
6	20046099	6_20046099_C_G	C	G	8167	7837	8143	7837	0	0	NA	0	0	0	0
6	22884004	6_22884004_C_A	C	A	8779	8001	8745	8001	0	0	NA	0	0	0	0
6	26296022	6_26296022_T_G	T	G	8318	7468	8271	7468	0	0	NA	0	0	0	0
6	34697689	6_34697689_G_T	G	T	7680	6950	7631	6950	0	0	NA	0	0	0	0
6	49433558	6_49433558_T_A	T	A	7912	7286	7872	7286	0	0	NA	0	0	0	0
6	51516243	6_51516243_A_T	A	T	7397	6847	7371	6847	0	0	NA	0	0	0	0
6	55595463	6_55595463_T_C	T	C	8127	7467	8086	7467	0	0	NA	0	0	0	0
6	57645241	6_57645241_T_G	T	G	6509	6181	6489	6181	0	0	NA	1	0	0	0
6	67064792	6_67064792_A_G	A	G	7134	6671	7110	6671	0	0	NA	0	0	0	0
6	67561393	6_67561393_T_A	T	A	8183	7402	8140	7402	0	0	NA	0	0	0	0
6	72297531	6_72297531_C_T	C	T	7597	6807	7467	6727	87	80	NA	1	167	153	153
6	72826002	6_72826002_T_C	T	C	8098	7531	8069	7531	0	0	NA	0	0	0	0
6	76341199	6_76341199_C_A	C	A	7840	7397	7781	7397	0	0	NA	0	0	0	0
6	78127020	6_78127020_A_G	A	G	7504	7097	7481	7097	0	0	NA	0	0	0	0
6	80342495	6_80342495_G_T	G	T	9413	7986	9339	7986	0	0	NA	2	0	0	0
6	86520268	6_86520268_C_A	C	A	7679	7039	7614	7039	0	0	NA	1	0	0	0
6	87187448	6_87187448_A_C	A	C	8673	7755	8637	7755	0	0	NA	0	0	0	0
6	88249835	6_88249835_G_A	G	A	6723	6313	6680	6313	0	0	NA	0	0	0	0
6	89156959	6_89156959_A_T	A	T	8410	7807	8364	7807	0	0	NA	0	0	0	0
6	90891581	6_90891581_A_C	A	C	7714	7263	7676	7263	0	0	NA	1	0	0	0
6	92095387	6_92095387_G_A	G	A	7636	6946	7608	6946	0	0	NA	1	0	0	0
6	92545474	6_92545474_G_T	G	T	7979	7177	7944	7177	0	0	NA	1	0	0	0
6	93416796	6_93416796_C_A	C	A	7591	7232	7534	7232	0	0	NA	0	0	0	0
6	95153967	6_95153967_G_A	G	A	7780	7069	7750	7069	0	0	NA	0	0	0	0
6	97501163	6_97501163_T_C	T	C	7380	6971	3933	3731	3391	3240	NA	2	6097	5841	5841
6	97533179	6_97533179_G_T	G	T	8418	7299	8363	7299	0	0	NA	0	0	0	0
6	98774399	6_98774399_C_G	C	G	6944	6483	6826	6483	0	0	NA	1	0	0	0
6	103599298	6_103599298_G_T	G	T	7923	7504	7870	7504	0	0	NA	2	0	0	0
6	105641954	6_105641954_C_A	C	A	7334	6943	7295	6943	0	0	NA	0	0	0	0
6	106256383	6_106256383_T_A	T	A	6502	6254	6464	6241	16	13	NA	0	35	32	32
6	110376390	6_110376390_C_T	C	T	7906	7010	7860	7010	0	0	NA	2	1	1	1
6	114937611	6_114937611_G_A	G	A	7364	6877	7311	6875	2	2	NA	4	3	3	3
6	115419612	6_115419612_C_T	C	T	7817	7095	7769	7095	0	0	NA	0	0	0	0
6	117962605	6_117962605_C_T	C	T	7297	6961	7239	6961	0	0	NA	1	0	0	0
6	118430493	6_118430493_T_G	T	G	8388	7805	8360	7805	0	0	NA	0	0	0	0
6	120071315	6_120071315_C_T	C	T	7929	7400	7879	7400	0	0	NA	1	0	0	0
6	120215389	6_120215389_G_A	G	A	7640	7071	7603	7071	0	0	NA	1	0	0	0
6	122110614	6_122110614_C_A	C	A	7976	7433	7919	7433	0	0	NA	0	0	0	0
6	123969333	6_123969333_C_T	C	T	7402	6826	7334	6825	1	1	NA	4	1	1	1
6	125977159	6_125977159_A_C	A	C	5521	5311	5505	5311	0	0	NA	1	0	0	0
6	126003286	6_126003286_T_G	T	G	8309	7575	8265	7575	0	0	NA	0	0	0	0
6	128371684	6_128371684_C_A	C	A	7833	7416	7797	7416	0	0	NA	1	0	0	0
6	129159945	6_129159945_C_T	C	T	7834	7480	7792	7480	0	0	NA	1	0	0	0
6	133163666	6_133163666_G_A	G	A	9017	8036	8972	8036	0	0	NA	3	0	0	0
6	133201693	6_133201693_A_T	A	T	8288	7570	8260	7570	0	0	NA	0	0	0	0
6	137316100	6_137316100_C_T	C	T	8114	7333	8056	7333	0	0	NA	1	1	1	1
6	143263032	6_143263032_G_T	G	T	7692	7113	7618	7113	0	0	NA	0	0	0	0
6	147581152	6_147581152_A_C	A	C	7001	6676	6969	6676	0	0	NA	0	0	0	0
6	151683601	6_151683601_G_T	G	T	7435	6834	7412	6834	0	0	NA	2	0	0	0
6	153807520	6_153807520_G_T	G	T	7846	7215	7776	7215	0	0	NA	2	0	0	0
6	154071410	6_154071410_G_T	G	T	7278	6645	7237	6645	0	0	NA	0	0	0	0
6	155763830	6_155763830_A_G	A	G	8679	7650	8646	7650	0	0	NA	0	2	2	2
6	158242888	6_158242888_G_T	G	T	7986	7323	7937	7323	0	0	NA	0	0	0	0
6	158932262	6_158932262_C_T	C	T	7061	6557	7015	6557	0	0	NA	1	1	1	1
6	162361824	6_162361824_A_T	A	T	9040	8018	8997	8018	0	0	NA	0	0	0	0
6	164499198	6_164499198_A_G	A	G	8046	7557	7154	6772	841	785	NA	2	1429	1339	1339
6	166118689	6_166118689_C_A	C	A	7931	7213	7887	7213	0	0	NA	1	0	0	0
6	166393123	6_166393123_C_A	C	A	8296	7467	8257	7467	0	0	NA	0	0	0	0
6	166417642	6_166417642_A_T	A	T	7155	6514	7109	6514	0	0	NA	0	0	0	0
6	167269854	6_167269854_C_A	C	A	8798	7345	8741	7345	0	0	NA	0	0	0	0
6	168067165	6_168067165_G_T	G	T	8136	7204	8095	7204	0	0	NA	1	1	1	1
6	168833693	6_168833693_A_G	A	G	7738	7104	7722	7104	0	0	NA	0	0	0	0
6	169263301	6_169263301_C_T	C	T	6975	6363	6917	6363	0	0	NA	2	0	0	0
7	7530210	7_7530210_T_C	T	C	7466	7005	7427	7005	0	0	NA	0	0	0	0
7	16599609	7_16599609_G_T	G	T	6870	6529	6839	6529	0	0	NA	2	0	0	0
7	16727782	7_16727782_T_A	T	A	7711	7260	7664	7260	0	0	NA	0	0	0	0
7	17199938	7_17199938_C_T	C	T	8312	7851	8261	7851	0	0	NA	1	0	0	0
7	18585605	7_18585605_C_T	C	T	7743	7239	7698	7239	0	0	NA	0	0	0	0
7	20872833	7_20872833_T_A	T	A	7421	6743	7384	6743	0	0	NA	0	0	0	0
7	22027213	7_22027213_G_A	G	A	7869	7417	7799	7407	12	10	NA	0	20	18	18
7	24877797	7_24877797_G_T	G	T	7183	6643	7141	6643	0	0	NA	0	0	0	0
7	31286803	7_31286803_G_A	G	A	7486	6764	7426	6764	0	0	NA	4	0	0	0
7	38264627	7_38264627_C_G	C	G	8616	8040	8574	8040	0	0	NA	0	0	0	0
7	39785725	7_39785725_C_A	C	A	7841	6972	7812	6972	0	0	NA	1	0	0	0
7	41918013	7_41918013_T_A	T	A	6217	5709	6173	5709	0	0	NA	0	0	0	0
7	49788549	7_49788549_T_A	T	A	8511	7312	8469	7312	0	0	NA	0	0	0	0
7	55173335	7_55173335_A_T	A	T	8619	7855	8577	7855	0	0	NA	0	0	0	0
7	63835105	7_63835105_C_G	C	G	7558	7091	7013	6623	501	468	NA	2	909	850	850
7	64344294	7_64344294_T_A	T	A	7948	6919	7908	6919	0	0	NA	0	0	0	0
7	68955573	7_68955573_C_T	C	T	7925	7135	7876	7135	0	0	NA	1	1	1	1
7	71285564	7_71285564_T_C	T	C	8526	7979	8494	7979	0	0	NA	0	0	0	0
7	78617747	7_78617747_C_A	C	A	7338	6816	7268	6815	0	0	NA	0	0	0	0
7	80739993	7_80739993_A_T	A	T	6332	5885	6310	5885	0	0	NA	1	0	0	0
7	87828372	7_87828372_T_C	T	C	7792	7476	7760	7476	0	0	NA	0	0	0	0
7	89225372	7_89225372_A_T	A	T	8272	7820	8242	7820	0	0	NA	0	0	0	0
7	94448785	7_94448785_C_T	C	T	6334	5464	6293	5464	0	0	NA	0	2	2	2
7	96667371	7_96667371_C_A	C	A	7683	7194	7642	7194	0	0	NA	0	0	0	0
7	97221268	7_97221268_G_A	G	A	7770	7014	7697	7014	0	0	NA	0	0	0	0
7	97425507	7_97425507_C_T	C	T	8194	7460	7583	6940	564	520	NA	2	992	902	902
7	107156061	7_107156061_G_A	G	A	6159	5962	6140	5962	0	0	NA	1	0	0	0
7	109728682	7_109728682_G_T	G	T	8708	7813	8654	7813	0	0	NA	1	0	0	0
7	119412045	7_119412045_G_A	G	A	7484	6912	7458	6912	0	0	NA	0	0	0	0
7	123853969	7_123853969_C_G	C	G	7724	7203	7666	7203	0	0	NA	1	0	0	0
7	125658115	7_125658115_T_A	T	A	7092	6696	7042	6696	0	0	NA	0	0	0	0
7	126653881	7_126653881_C_T	C	T	8479	7710	8440	7710	0	0	NA	0	0	0	0
7	127725652	7_127725652_C_T	C	T	8181	7130	8130	7130	0	0	NA	4	1	1	1
7	129960226	7_129960226_A_G	A	G	8463	7517	8414	7517	0	0	NA	1	0	0	0
7	131077767	7_131077767_G_T	G	T	6746	5883	6689	5883	0	0	NA	1	0	0	0
7	131645389	7_131645389_G_A	G	A	7858	6969	7808	6969	3	0	NA	2	3	0	0
7	135881162	7_135881162_C_A	C	A	7685	7204	7644	7204	0	0	NA	0	0	0	0
7	135980056	7_135980056_C_A	C	A	7266	6900	7234	6900	0	0	NA	0	0	0	0
7	136389597	7_136389597_C_T	C	T	8453	7750	8403	7750	0	0	NA	0	0	0	0
7	138363732	7_138363732_C_A	C	A	8493	7415	8431	7415	0	0	NA	1	0	0	0
7	138746679	7_138746679_A_G	A	G	8354	7532	8315	7524	8	8	NA	2	10	10	10
7	139635565	7_139635565_C_A	C	A	7380	6867	7343	6867	0	0	NA	2	0	0	0
7	152888405	7_152888405_C_A	C	A	7944	7045	7879	7045	0	0	NA	0	0	0	0
7	153215319	7_153215319_A_C	A	C	8734	7739	8671	7739	0	0	NA	0	0	0	0
7	153571032	7_153571032_T_A	T	A	8369	7818	8294	7818	0	0	NA	2	0	0	0
7	156412082	7_156412082_T_C	T	C	6856	6339	6793	6339	0	0	NA	3	0	0	0
7	157394658	7_157394658_G_A	G	A	7638	6855	7591	6855	0	0	NA	4	2	1	1
7	157576994	7_157576994_T_A	T	A	7414	6661	7366	6661	0	0	NA	1	0	0	0
7	158196803	7_158196803_C_T	C	T	8314	7182	8262	7182	0	0	NA	1	0	0	0
8	3857292	8_3857292_C_A	C	A	7278	6817	7250	6817	0	0	NA	1	0	0	0
8	4126946	8_4126946_T_A	T	A	7265	6916	7242	6916	0	0	NA	1	0	0	0
8	4642062	8_4642062_T_A	T	A	7721	7415	7696	7415	0	0	NA	0	0	0	0
8	10654381	8_10654381_C_A	C	A	8090	7511	8027	7511	0	0	NA	1	0	0	0
8	11168440	8_11168440_G_A	G	A	8424	7406	8386	7406	0	0	NA	0	0	0	0
8	19378503	8_19378503_C_T	C	T	8002	7052	7818	6929	139	123	NA	1	245	219	219
8	20202580	8_20202580_C_A	C	A	7050	6651	7006	6651	0	0	NA	0	0	0	0
8	22985525	8_22985525_C_A	C	A	7099	6566	7065	6566	0	0	NA	0	0	0	0
8	24393938	8_24393938_C_T	C	T	5652	5331	5604	5331	0	0	NA	0	1	1	1
8	24718585	8_24718585_C_G	C	G	6717	5878	6688	5878	0	0	NA	1	0	0	0
8	29049553	8_29049553_C_T	C	T	8169	7210	8078	7170	46	40	NA	3	84	76	76
8	29476097	8_29476097_A_G	A	G	8591	7763	8543	7763	0	0	NA	0	0	0	0
8	31917473	8_31917473_A_C	A	C	8078	7763	8042	7763	0	0	NA	0	0	0	0
8	32885673	8_32885673_C_A	C	A	8548	8059	8490	8059	0	0	NA	1	0	0	0
8	34242720	8_34242720_C_A	C	A	7064	6649	7017	6649	0	0	NA	1	0	0	0
8	36832966	8_36832966_T_C	T	C	7193	6634	7167	6634	0	0	NA	0	0	0	0
8	41973248	8_41973248_A_G	A	G	8167	7312	8127	7312	0	0	NA	1	0	0	0
8	42935226	8_42935226_G_A	G	A	8280	7603	8231	7603	0	0	NA	1	0	0	0
8	43275772	8_43275772_C_A	C	A	8055	7388	7939	7388	0	0	NA	0	0	0	0
8	53126766	8_53126766_C_T	C	T	7988	7246	7950	7246	0	0	NA	0	2	1	1
8	53340292	8_53340292_T_G	T	G	7591	6919	7517	6919	0	0	NA	0	0	0	0
8	54305542	8_54305542_G_A	G	A	7396	6697	7344	6697	0	0	NA	1	2	2	2
8	55404540	8_55404540_C_T	C	T	7552	6826	7509	6826	0	0	NA	1	0	0	0
8	56427658	8_56427658_T_G	T	G	6633	6304	6599	6304	0	0	NA	1	0	0	0
8	60764062	8_60764062_C_A	C	A	7426	7028	7389	7028	0	0	NA	1	0	0	0
8	61286741	8_61286741_G_A	G	A	7533	6772	7464	6772	0	0	NA	2	0	0	0
8	64631002	8_64631002_G_T	G	T	6811	6432	3746	3575	3023	2857	NA	7	5387	5169	5169
8	64861304	8_64861304_G_T	G	T	8874	8072	8805	8072	0	0	NA	0	0	0	0
8	65606352	8_65606352_G_C	G	C	7895	7227	7848	7227	0	0	NA	0	0	0	0
8	67241329	8_67241329_G_T	G	T	7843	6587	7767	6587	0	0	NA	2	0	0	0
8	71129553	8_71129553_A_C	A	C	7503	6857	7467	6857	0	0	NA	1	1	0	0
8	71483555	8_71483555_T_C	T	C	7835	7150	7803	7150	0	0	NA	0	0	0	0
8	72098876	8_72098876_G_A	G	A	7694	7319	7646	7319	0	0	NA	1	1	1	1
8	72273918	8_72273918_T_C	T	C	7777	6668	7645	6590	89	78	NA	0	154	137	137
8	72465952	8_72465952_A_T	A	T	6640	6420	6614	6420	0	0	NA	0	0	0	0
8	72484496	8_72484496_C_T	C	T	7611	7254	7552	7254	0	0	NA	0	0	0	0
8	73038586	8_73038586_C_A	C	A	6919	6480	6865	6480	0	0	NA	1	0	0	0
8	73587334	8_73587334_C_T	C	T	7244	6778	7192	6778	0	0	NA	1	0	0	0
8	74197234	8_74197234_T_C	T	C	6729	6509	6699	6509	0	0	NA	0	0	0	0
8	75240598	8_75240598_G_T	G	T	7030	6392	6993	6392	0	0	NA	1	0	0	0
8	75259578	8_75259578_A_G	A	G	8267	7686	8232	7686	0	0	NA	0	0	0	0
8	87325938	8_87325938_T_C	T	C	7594	7210	7554	7210	0	0	NA	0	0	0	0
8	89005528	8_89005528_A_C	A	C	7710	7216	7683	7216	0	0	NA	0	0	0	0
8	91044426	8_91044426_T_C	T	C	8543	7691	8516	7691	0	0	NA	0	0	0	0
8	91570837	8_91570837_A_G	A	G	7730	7015	7688	7015	0	0	NA	0	0	0	0
8	92818865	8_92818865_G_T	G	T	7634	7015	7595	7015	0	0	NA	1	0	0	0
8	94490319	8_94490319_A_T	A	T	6615	6371	6586	6371	0	0	NA	0	0	0	0
8	95268262	8_95268262_A_T	A	T	8355	7629	8319	7629	0	0	NA	0	0	0	0
8	96287778	8_96287778_A_T	A	T	8169	7651	8137	7651	0	0	NA	0	0	0	0
8	98063728	8_98063728_G_T	G	T	7934	7452	7869	7452	0	0	NA	1	0	0	0
8	99694717	8_99694717_C_T	C	T	7604	7022	7552	7022	0	0	NA	2	1	1	1
8	101342663	8_101342663_T_A	T	A	8837	8155	8782	8155	0	0	NA	0	0	0	0
8	105334138	8_105334138_C_A	C	A	7572	6868	7529	6868	0	0	NA	1	1	1	1
8	105671427	8_105671427_C_A	C	A	8191	7619	8138	7619	0	0	NA	1	1	0	0
8	107972864	8_107972864_A_T	A	T	7700	7279	7660	7279	0	0	NA	0	0	0	0
8	109462833	8_109462833_A_G	A	G	7679	7212	7632	7212	0	0	NA	1	0	0	0
8	112759366	8_112759366_C_T	C	T	7931	7226	7064	6455	820	771	NA	5	1477	1392	1392
8	114639602	8_114639602_T_C	T	C	6616	6334	6585	6334	0	0	NA	0	0	0	0
8	116425834	8_116425834_G_T	G	T	7480	7138	7435	7138	0	0	NA	1	0	0	0
8	117610748	8_117610748_G_A	G	A	8227	7493	8164	7493	0	0	NA	0	0	0	0
8	118028481	8_118028481_G_A	G	A	8824	7727	8767	7727	0	0	NA	1	1	1	1
8	118164119	8_118164119_G_T	G	T	7650	6928	7613	6928	0	0	NA	2	0	0	0
8	118273599	8_118273599_T_C	T	C	7419	6898	7387	6898	0	0	NA	0	0	0	0
8	119827083	8_119827083_T_C	T	C	8078	7584	8036	7584	0	0	NA	0	0	0	0
8	120526480	8_120526480_A_T	A	T	8415	7516	8377	7516	0	0	NA	0	0	0	0
8	120655999	8_120655999_T_C	T	C	6720	6357	6639	6357	0	0	NA	0	0	0	0
8	121304034	8_121304034_C_A	C	A	7293	6962	7253	6962	0	0	NA	1	0	0	0
8	125234786	8_125234786_T_G	T	G	5593	5143	5578	5143	0	0	NA	0	0	0	0
8	125908429	8_125908429_C_G	C	G	7708	7244	7659	7243	1	1	NA	0	2	2	2
8	127270289	8_127270289_A_C	A	C	7087	6552	7062	6552	0	0	NA	0	0	0	0
8	128990073	8_128990073_A_C	A	C	7470	6870	7418	6870	0	0	NA	0	0	0	0
8	133277715	8_133277715_A_G	A	G	7713	6816	7645	6816	0	0	NA	0	1	1	1
8	136520287	8_136520287_A_C	A	C	6198	5893	6174	5893	0	0	NA	0	0	0	0
8	138502641	8_138502641_C_T	C	T	8134	7610	8097	7605	5	5	NA	0	8	8	8
8	139819907	8_139819907_A_G	A	G	6528	6277	6511	6277	0	0	NA	1	0	0	0
9	4246471	9_4246471_C_T	C	T	8208	7504	8129	7504	0	0	NA	4	1	1	1
9	5375700	9_5375700_C_G	C	G	6303	5958	6276	5958	0	0	NA	0	1	0	0
9	8846264	9_8846264_C_A	C	A	7605	6743	7545	6743	0	0	NA	1	0	0	0
9	10625985	9_10625985_T_A	T	A	7290	6746	7259	6746	0	0	NA	0	0	0	0
9	12095096	9_12095096_G_T	G	T	8686	7488	8633	7488	0	0	NA	2	0	0	0
9	13559916	9_13559916_C_G	C	G	8111	7592	8058	7592	0	0	NA	0	0	0	0
9	13721380	9_13721380_T_C	T	C	8670	7988	8638	7988	0	0	NA	1	0	0	0
9	18052472	9_18052472_G_T	G	T	8199	7424	8166	7424	0	0	NA	0	0	0	0
9	22215407	9_22215407_T_A	T	A	7191	6767	7161	6767	0	0	NA	0	0	0	0
9	23977368	9_23977368_C_T	C	T	6074	5561	6034	5561	0	0	NA	4	1	1	1
9	28329543	9_28329543_C_G	C	G	8440	7763	8405	7763	0	0	NA	0	0	0	0
9	30833214	9_30833214_G_C	G	C	6884	6483	6848	6483	0	0	NA	0	0	0	0
9	31567440	9_31567440_G_T	G	T	7427	6977	7381	6977	0	0	NA	0	0	0	0
9	31926955	9_31926955_A_G	A	G	8486	7657	8324	7547	124	110	NA	2	203	184	184
9	37475482	9_37475482_C_G	C	G	8286	7437	8246	7437	0	0	NA	0	0	0	0
9	37856438	9_37856438_A_G	A	G	6925	6467	6897	6467	0	0	NA	1	0	0	0
9	73706687	9_73706687_G_A	G	A	6011	5614	5960	5614	0	0	NA	3	0	0	0
9	76870221	9_76870221_A_T	A	T	7084	6484	7024	6484	0	0	NA	1	0	0	0
9	78141982	9_78141982_A_T	A	T	8305	7373	8259	7373	0	0	NA	1	0	0	0
9	79379699	9_79379699_G_T	G	T	8719	7925	8674	7925	0	0	NA	0	0	0	0
9	80047871	9_80047871_C_A	C	A	8287	7518	8252	7518	0	0	NA	1	0	0	0
9	80216803	9_80216803_C_G	C	G	8168	7504	8118	7504	0	0	NA	0	0	0	0
9	84472218	9_84472218_G_T	G	T	6536	6142	6503	6142	0	0	NA	3	0	0	0
9	88718940	9_88718940_G_C	G	C	7481	7049	7456	7047	2	2	NA	2	3	3	3
9	94296909	9_94296909_A_G	A	G	8148	7308	8130	7308	0	0	NA	0	0	0	0
9	94695299	9_94695299_G_T	G	T	6980	6345	6931	6345	0	0	NA	0	0	0	0
9	94881556	9_94881556_T_C	T	C	9046	8061	9012	8061	0	0	NA	0	0	0	0
9	97466833	9_97466833_C_T	C	T	6584	4143	6537	4143	0	0	NA	1	0	0	0
9	103656352	9_103656352_T_C	T	C	7905	7433	7882	7433	0	0	NA	2	0	0	0
9	103762433	9_103762433_G_A	G	A	7056	6716	7021	6715	1	1	NA	0	4	4	4
9	104393576	9_104393576_T_A	T	A	8300	7809	8270	7809	0	0	NA	0	0	0	0
9	105717597	9_105717597_A_T	A	T	7989	7479	7961	7479	0	0	NA	0	0	0	0
9	106866465	9_106866465_C_A	C	A	7719	7224	7653	7224	0	0	NA	1	1	1	1
9	108675845	9_108675845_C_T	C	T	7665	7231	7613	7231	0	0	NA	0	0	0	0
9	109148533	9_109148533_G_A	G	A	8755	8019	8695	8019	0	0	NA	0	0	0	0
9	110608744	9_110608744_C_T	C	T	6801	6437	6785	6437	0	0	NA	1	0	0	0
9	112468802	9_112468802_A_G	A	G	8059	7225	8023	7225	0	0	NA	0	0	0	0
9	112589428	9_112589428_G_A	G	A	8243	7518	8205	7518	0	0	NA	0	0	0	0
9	114178423	9_114178423_G_A	G	A	6681	6037	6619	6037	0	0	NA	0	0	0	0
9	118141718	9_118141718_C_T	C	T	7661	6985	7627	6985	0	0	NA	1	0	0	0
9	118876823	9_118876823_G_A	G	A	7667	6978	7637	6978	0	0	NA	0	0	0	0
9	118960205	9_118960205_A_G	A	G	7359	7019	7320	7019	0	0	NA	0	0	0	0
9	120692350	9_120692350_T_C	T	C	6965	6528	6937	6528	0	0	NA	0	0	0	0
9	122545183	9_122545183_T_A	T	A	7504	6976	7450	6976	0	0	NA	1	0	0	0
9	127025193	9_127025193_T_A	T	A	7922	6986	7889	6986	0	0	NA	0	0	0	0
9	129927730	9_129927730_T_A	T	A	6956	6613	6932	6613	0	0	NA	0	0	0	0
9	131371450	9_131371450_G_T	G	T	6710	6171	6674	6171	0	0	NA	0	1	1	1
9	136495815	9_136495815_T_C	T	C	7241	6383	7209	6383	0	0	NA	4	1	0	0
10	3738226	10_3738226_C_A	C	A	7567	5148	7515	5148	0	0	NA	0	0	0	0
10	3949726	10_3949726_G_T	G	T	7475	6647	7407	6641	6	6	NA	4	8	8	8
10	4148664	10_4148664_G_A	G	A	7726	6924	7676	6924	0	0	NA	0	0	0	0
10	5199830	10_5199830_C_T	C	T	8496	7349	8448	7341	12	8	NA	1	17	12	12
10	8292073	10_8292073_C_T	C	T	7649	6853	7603	6853	0	0	NA	1	0	0	0
10	8695323	10_8695323_A_G	A	G	7156	6839	7138	6839	0	0	NA	1	0	0	0
10	10459866	10_10459866_C_T	C	T	8048	7631	8001	7631	0	0	NA	1	0	0	0
10	10816010	10_10816010_G_T	G	T	8164	7270	8118	7270	0	0	NA	0	0	0	0
10	11577430	10_11577430_A_T	A	T	8338	7415	8306	7415	0	0	NA	0	0	0	0
10	11621125	10_11621125_T_C	T	C	7166	6902	7149	6902	0	0	NA	1	0	0	0
10	12002919	10_12002919_T_G	T	G	6799	5982	6778	5982	0	0	NA	0	0	0	0
10	12382231	10_12382231_A_C	A	C	6769	6221	6747	6221	0	0	NA	0	0	0	0
10	12866368	10_12866368_C_T	C	T	7237	6460	7206	6460	0	0	NA	0	0	0	0
10	15796271	10_15796271_T_A	T	A	6273	5858	6243	5858	0	0	NA	0	0	0	0
10	20740382	10_20740382_C_T	C	T	8329	7420	8272	7420	0	0	NA	1	0	0	0
10	22713507	10_22713507_A_T	A	T	7235	6872	7199	6872	0	0	NA	0	0	0	0
10	24080950	10_24080950_A_T	A	T	8117	7366	8088	7366	0	0	NA	0	0	0	0
10	31965713	10_31965713_C_A	C	A	7597	6833	7557	6833	0	0	NA	1	0	0	0
10	33377623	10_33377623_G_A	G	A	8234	7563	8210	7563	0	0	NA	0	0	0	0
10	34690656	10_34690656_C_A	C	A	8073	7405	8031	7405	0	0	NA	0	0	0	0
10	36346880	10_36346880_C_A	C	A	7613	6806	7568	6806	0	0	NA	0	0	0	0
10	52108888	10_52108888_G_C	G	C	8329	7604	8281	7602	2	2	NA	0	4	4	4
10	53883865	10_53883865_G_T	G	T	7540	7237	7508	7237	0	0	NA	0	0	0	0
10	54730091	10_54730091_G_A	G	A	6195	5899	6165	5899	0	0	NA	1	0	0	0
10	58688641	10_58688641_A_T	A	T	5890	5425	5874	5425	0	0	NA	0	0	0	0
10	62128850	10_62128850_C_T	C	T	7236	6671	7144	6671	0	0	NA	1	1	1	1
10	62352172	10_62352172_A_T	A	T	7606	7029	7571	7029	0	0	NA	0	0	0	0
10	63764024	10_63764024_C_T	C	T	7769	7195	7735	7195	0	0	NA	1	0	0	0
10	64832739	10_64832739_T_G	T	G	8123	7075	8040	7058	18	17	NA	0	31	28	28
10	65373835	10_65373835_C_T	C	T	7746	7259	7699	7259	0	0	NA	1	0	0	0
10	65828325	10_65828325_G_T	G	T	8019	7529	7970	7529	0	0	NA	2	0	0	0
10	66751052	10_66751052_T_C	T	C	8945	7927	8913	7927	0	0	NA	0	0	0	0
10	69744933	10_69744933_T_A	T	A	8760	8145	8730	8145	0	0	NA	0	0	0	0
10	70496164	10_70496164_A_T	A	T	6163	3738	6151	3738	0	0	NA	0	0	0	0
10	71220745	10_71220745_T_A	T	A	8679	7664	8641	7664	0	0	NA	0	0	0	0
10	71374404	10_71374404_T_C	T	C	7022	6127	6519	5881	466	246	NA	0	892	495	495
10	72501771	10_72501771_C_A	C	A	7912	7243	7897	7243	0	0	NA	0	0	0	0
10	72542086	10_72542086_A_G	A	G	8076	7219	8052	7219	0	0	NA	1	0	0	0
10	83578535	10_83578535_C_A	C	A	7512	7167	7479	7167	0	0	NA	0	0	0	0
10	86021283	10_86021283_T_G	T	G	8051	7083	8019	7083	0	0	NA	1	0	0	0
10	97037513	10_97037513_C_A	C	A	9104	7843	9035	7843	0	0	NA	2	0	0	0
10	101845674	10_101845674_G_A	G	A	8298	7780	8262	7780	0	0	NA	1	0	0	0
10	103005535	10_103005535_C_T	C	T	8722	7832	8675	7832	0	0	NA	0	0	0	0
10	105871986	10_105871986_G_A	G	A	7703	6939	7642	6939	0	0	NA	2	0	0	0
10	107375988	10_107375988_G_A	G	A	8113	7298	8055	7298	0	0	NA	0	0	0	0
10	109752225	10_109752225_G_A	G	A	8358	7598	8304	7598	0	0	NA	0	0	0	0
10	110306537	10_110306537_C_T	C	T	7559	6993	7504	6993	0	0	NA	0	0	0	0
10	112569630	10_112569630_G_T	G	T	8177	7472	8135	7472	0	0	NA	0	0	0	0
10	113013619	10_113013619_T_A	T	A	7197	6800	7150	6800	0	0	NA	1	0	0	0
10	114168196	10_114168196_T_A	T	A	8106	7283	8064	7283	0	0	NA	0	0	0	0
10	116712442	10_116712442_G_T	G	T	6985	6538	6946	6538	0	0	NA	1	0	0	0
10	117899006	10_117899006_C_T	C	T	8577	7531	8515	7531	0	0	NA	1	0	0	0
10	119544774	10_119544774_C_T	C	T	8194	7464	8162	7464	0	0	NA	0	0	0	0
10	119648561	10_119648561_C_T	C	T	8400	7499	8095	7271	262	228	NA	2	416	364	364
10	119830504	10_119830504_T_A	T	A	6181	5638	6164	5638	0	0	NA	2	0	0	0
10	122128638	10_122128638_A_C	A	C	8273	7582	8241	7582	0	0	NA	0	0	0	0
10	124228101	10_124228101_C_A	C	A	6381	5518	6350	5518	0	0	NA	0	0	0	0
10	124450661	10_124450661_A_C	A	C	8385	7866	8363	7866	0	0	NA	0	0	0	0
10	124824301	10_124824301_C_T	C	T	7866	7288	7836	7288	0	0	NA	0	0	0	0
10	125077761	10_125077761_C_A	C	A	8468	7535	8375	7535	0	0	NA	0	0	0	0
10	126320916	10_126320916_G_C	G	C	7509	6781	7458	6781	0	0	NA	0	0	0	0
10	128469629	10_128469629_C_A	C	A	8401	7563	8352	7563	0	0	NA	0	0	0	0
10	128565757	10_128565757_C_A	C	A	8245	7360	8206	7360	0	0	NA	0	0	0	0
10	129487222	10_129487222_A_T	A	T	6359	5975	6331	5975	0	0	NA	0	0	0	0
10	130917861	10_130917861_C_A	C	A	7612	7145	7564	7145	0	0	NA	2	0	0	0
10	133199678	10_133199678_G_A	G	A	8227	7550	8177	7549	1	1	NA	0	1	1	1
10	134511889	10_134511889_C_A	C	A	8396	7074	8324	7074	0	0	NA	0	0	0	0
10	134914859	10_134914859_A_C	A	C	7841	6810	7803	6810	0	0	NA	1	1	0	0
11	1015392	11_1015392_G_A	G	A	7975	7072	7909	7070	2	2	NA	3	5	5	5
11	3361010	11_3361010_G_C	G	C	8127	7159	8088	7159	0	0	NA	0	0	0	0
11	5834990	11_5834990_G_A	G	A	8231	7408	8177	7408	0	0	NA	1	0	0	0
11	9157449	11_9157449_A_T	A	T	8208	7111	8159	7111	0	0	NA	0	0	0	0
11	10078766	11_10078766_T_G	T	G	7807	7068	7754	7068	0	0	NA	1	0	0	0
11	13359719	11_13359719_T_A	T	A	6613	5708	6568	5708	0	0	NA	0	0	0	0
11	13924103	11_13924103_A_T	A	T	7924	7202	7890	7202	0	0	NA	0	0	0	0
11	15093916	11_15093916_G_A	G	A	7486	6517	7453	6517	0	0	NA	1	0	0	0
11	15721818	11_15721818_T_A	T	A	7684	7031	7654	7031	0	0	NA	0	0	0	0
11	17803972	11_17803972_C_A	C	A	7576	6807	7536	6807	0	0	NA	1	0	0	0
11	18955421	11_18955421_C_T	C	T	8274	7412	8233	7412	0	0	NA	0	0	0	0
11	22412714	11_22412714_C_A	C	A	8506	7554	8454	7554	0	0	NA	0	0	0	0
11	24048339	11_24048339_C_T	C	T	6453	5844	6418	5844	0	0	NA	0	0	0	0
11	27171366	11_27171366_A_T	A	T	7882	6776	7829	6776	0	0	NA	0	0	0	0
11	28570786	11_28570786_T_A	T	A	7228	6765	7209	6765	0	0	NA	1	0	0	0
11	28653255	11_28653255_C_A	C	A	8919	7880	8858	7880	0	0	NA	0	0	0	0
11	28931590	11_28931590_G_A	G	A	8205	7698	8169	7698	0	0	NA	0	0	0	0
11	29729354	11_29729354_T_G	T	G	8779	8007	8729	8007	0	0	NA	0	0	0	0
11	35649774	11_35649774_C_T	C	T	6712	6379	6663	6379	0	0	NA	1	0	0	0
11	38954052	11_38954052_T_G	T	G	7553	6999	7524	6999	0	0	NA	1	0	0	0
11	38989375	11_38989375_T_A	T	A	7258	6733	7216	6733	0	0	NA	0	0	0	0
11	42339962	11_42339962_G_T	G	T	7961	7375	7917	7375	0	0	NA	0	0	0	0
11	42742636	11_42742636_T_A	T	A	8393	7787	8353	7787	0	0	NA	1	0	0	0
11	42794226	11_42794226_G_A	G	A	8330	7598	8294	7598	0	0	NA	1	0	0	0
11	55424371	11_55424371_T_A	T	A	8114	7078	8090	7078	0	0	NA	0	0	0	0
11	57069403	11_57069403_G_A	G	A	6304	5237	6271	5237	0	0	NA	1	0	0	0
11	61292485	11_61292485_G_C	G	C	7705	7025	7677	7025	0	0	NA	0	0	0	0
11	64436457	11_64436457_T_C	T	C	8228	7477	8193	7477	0	0	NA	0	0	0	0
11	64710629	11_64710629_A_T	A	T	8381	7608	8354	7608	0	0	NA	0	0	0	0
11	70618718	11_70618718_C_A	C	A	8574	7584	8524	7584	0	0	NA	0	0	0	0
11	75321596	11_75321596_G_A	G	A	8731	7939	8686	7939	0	0	NA	0	0	0	0
11	76316531	11_76316531_C_T	C	T	7924	7451	7871	7451	0	0	NA	1	0	0	0
11	79072309	11_79072309_T_G	T	G	8358	7525	8313	7525	0	0	NA	1	0	0	0
11	80041829	11_80041829_G_C	G	C	7892	7396	7843	7396	0	0	NA	0	0	0	0
11	80726330	11_80726330_G_A	G	A	8469	7790	8432	7790	0	0	NA	1	0	0	0
11	81244835	11_81244835_G_A	G	A	9087	7986	9027	7986	0	0	NA	1	1	1	1
11	81368434	11_81368434_A_T	A	T	7047	6096	6995	6096	0	0	NA	4	0	0	0
11	89250048	11_89250048_G_A	G	A	8886	7445	8779	7433	13	12	NA	2	25	23	23
11	90360258	11_90360258_T_G	T	G	6717	6451	6686	6451	0	0	NA	0	0	0	0
11	90992281	11_90992281_G_T	G	T	7359	6799	4017	3674	3309	3125	NA	4	6041	5744	5744
11	92862924	11_92862924_G_C	G	C	8884	7930	8837	7930	0	0	NA	0	0	0	0
11	93765728	11_93765728_C_G	C	G	8142	7400	8108	7400	0	0	NA	0	0	0	0
11	94408233	11_94408233_T_A	T	A	8888	8063	8841	8063	0	0	NA	0	0	0	0
11	98966068	11_98966068_C_T	C	T	7202	6887	7158	6887	0	0	NA	0	0	0	0
11	99221969	11_99221969_G_C	G	C	7876	7514	7828	7514	0	0	NA	0	0	0	0
11	99508103	11_99508103_G_A	G	A	6462	5822	6423	5822	1	0	NA	0	2	1	1
11	99701254	11_99701254_G_C	G	C	7646	7095	7603	7095	0	0	NA	0	2	1	1
11	99724950	11_99724950_T_A	T	A	8075	7496	8027	7496	0	0	NA	0	0	0	0
11	104562578	11_104562578_T_C	T	C	8275	7695	8220	7695	0	0	NA	1	0	0	0
11	105098753	11_105098753_A_T	A	T	7000	6657	6962	6657	0	0	NA	0	0	0	0
11	113908611	11_113908611_T_G	T	G	7968	7168	7933	7168	0	0	NA	1	0	0	0
11	115050028	11_115050028_G_A	G	A	8875	7131	8824	7129	3	2	NA	0	3	2	2
11	115194938	11_115194938_T_C	T	C	8451	8003	8418	8003	0	0	NA	0	0	0	0
11	116463658	11_116463658_T_A	T	A	7697	7107	7658	7107	0	0	NA	1	0	0	0
11	121664613	11_121664613_C_T	C	T	7635	6764	7541	6764	0	0	NA	1	0	0	0
11	122119493	11_122119493_G_A	G	A	7631	7158	7588	7158	0	0	NA	0	0	0	0
11	127099032	11_127099032_A_T	A	T	9077	6303	9046	6303	0	0	NA	0	0	0	0
11	128118810	11_128118810_G_A	G	A	7798	7298	7755	7298	0	0	NA	1	2	2	2
11	131198003	11_131198003_G_C	G	C	7301	6916	7252	6916	0	0	NA	0	0	0	0
11	132281248	11_132281248_G_A	G	A	8338	7668	8303	7668	0	0	NA	0	0	0	0
11	134064665	11_134064665_C_G	C	G	7218	6757	7190	6757	0	0	NA	0	0	0	0
11	134446698	11_134446698_G_A	G	A	7526	6789	7502	6789	0	0	NA	3	1	1	1
12	10428195	12_10428195_T_G	T	G	7102	6610	7051	6610	0	0	NA	1	0	0	0
12	19912074	12_19912074_A_G	A	G	8042	7510	8024	7510	0	0	NA	0	0	0	0
12	21689978	12_21689978_A_C	A	C	9205	8026	9159	8026	0	0	NA	2	0	0	0
12	22484433	12_22484433_T_A	T	A	8648	8014	8621	8014	0	0	NA	2	0	0	0
12	23824485	12_23824485_C_A	C	A	8558	7915	8515	7915	0	0	NA	0	0	0	0
12	25002405	12_25002405_G_A	G	A	8703	7668	8668	7668	0	0	NA	3	0	0	0
12	31651177	12_31651177_C_A	C	A	7987	7649	7951	7649	0	0	NA	1	0	0	0
12	31894650	12_31894650_G_A	G	A	7763	7393	7722	7393	0	0	NA	2	0	0	0
12	32120737	12_32120737_C_A	C	A	7206	6425	7176	6425	1	0	NA	0	1	0	0
12	32784873	12_32784873_T_A	T	A	8535	7621	8508	7621	0	0	NA	0	0	0	0
12	33582407	12_33582407_T_C	T	C	7680	7282	7646	7282	0	0	NA	2	0	0	0
12	39502681	12_39502681_G_A	G	A	5982	5803	5947	5803	0	0	NA	0	0	0	0
12	44015012	12_44015012_C_T	C	T	8891	7670	8837	7670	0	0	NA	0	0	0	0
12	44019354	12_44019354_C_T	C	T	6533	6223	6494	6220	4	3	NA	2	7	6	6
12	44274312	12_44274312_G_T	G	T	7355	6913	7311	6913	0	0	NA	2	0	0	0
12	49985077	12_49985077_C_G	C	G	7274	6705	7246	6704	1	1	NA	0	1	1	1
12	51222974	12_51222974_T_A	T	A	7757	7294	7726	7294	0	0	NA	0	0	0	0
12	55062687	12_55062687_G_A	G	A	8143	7615	8103	7615	0	0	NA	0	1	1	1
12	60494125	12_60494125_G_A	G	A	8662	7703	8608	7703	0	0	NA	0	0	0	0
12	66459454	12_66459454_G_C	G	C	8359	7609	8282	7609	0	0	NA	0	0	0	0
12	69917624	12_69917624_C_A	C	A	7749	6915	7680	6915	0	0	NA	0	0	0	0
12	75141569	12_75141569_A_C	A	C	8009	7626	7948	7626	0	0	NA	0	0	0	0
12	76956790	12_76956790_C_T	C	T	7671	7106	7600	7106	0	0	NA	2	0	0	0
12	80263384	12_80263384_G_A	G	A	8583	7705	8516	7705	0	0	NA	4	0	0	0
12	86647768	12_86647768_A_G	A	G	6992	6665	6959	6665	0	0	NA	0	0	0	0
12	87915088	12_87915088_G_A	G	A	8076	7550	8038	7550	0	0	NA	0	0	0	0
12	88613163	12_88613163_G_T	G	T	7664	6922	7606	6922	0	0	NA	1	0	0	0
12	91513940	12_91513940_T_C	T	C	9137	8030	9088	8030	0	0	NA	0	0	0	0
12	91561550	12_91561550_A_C	A	C	8248	7804	8218	7804	0	0	NA	0	0	0	0
12	92258341	12_92258341_G_T	G	T	7985	7530	7931	7530	0	0	NA	0	0	0	0
12	94690814	12_94690814_G_T	G	T	7472	6962	7447	6962	0	0	NA	1	0	0	0
12	98217872	12_98217872_C_T	C	T	7868	7260	7830	7260	0	0	NA	0	0	0	0
12	98810959	12_98810959_C_G	C	G	6973	6484	6945	6484	0	0	NA	0	0	0	0
12	100002430	12_100002430_A_G	A	G	6626	6345	6437	6187	167	158	NA	2	311	299	299
12	101291857	12_101291857_G_T	G	T	8523	7784	8463	7784	0	0	NA	5	0	0	0
12	103750033	12_103750033_C_A	C	A	8982	8339	8959	8339	0	0	NA	0	1	1	1
12	104074167	12_104074167_C_A	C	A	8130	7455	8091	7455	0	0	NA	0	0	0	0
12	105843060	12_105843060_G_T	G	T	8339	7617	8291	7617	0	0	NA	0	0	0	0
12	108633368	12_108633368_G_T	G	T	7889	7271	7818	7271	0	0	NA	2	0	0	0
12	110907795	12_110907795_C_G	C	G	7744	6921	7497	6731	203	190	NA	0	379	341	341
12	111013765	12_111013765_A_C	A	C	8299	7877	8251	7877	0	0	NA	0	0	0	0
12	111885224	12_111885224_G_C	G	C	6545	6011	6526	6011	0	0	NA	0	0	0	0
12	119106193	12_119106193_C_T	C	T	7914	7473	7876	7473	0	0	NA	0	0	0	0
12	119426134	12_119426134_G_A	G	A	6841	5935	6793	5935	2	0	NA	0	2	0	0
12	119451852	12_119451852_A_G	A	G	6999	6719	6959	6719	0	0	NA	0	0	0	0
12	124718319	12_124718319_A_G	A	G	7994	7407	7925	7407	0	0	NA	1	0	0	0
12	125877104	12_125877104_G_A	G	A	8194	7055	8130	7027	32	28	NA	1	50	43	43
12	126147686	12_126147686_C_T	C	T	8113	7248	8073	7248	0	0	NA	1	0	0	0
12	131511390	12_131511390_C_T	C	T	7634	6957	7581	6957	0	0	NA	1	0	0	0
12	131532665	12_131532665_G_T	G	T	7148	6511	7120	6511	0	0	NA	3	0	0	0
13	23397822	13_23397822_C_T	C	T	8686	7818	8595	7818	0	0	NA	3	0	0	0
13	27737551	13_27737551_T_A	T	A	9318	8453	9260	8453	0	0	NA	1	0	0	0
13	28333751	13_28333751_A_G	A	G	6336	6113	6319	6113	0	0	NA	0	2	2	2
13	29109966	13_29109966_G_T	G	T	9084	7992	9047	7992	0	0	NA	0	0	0	0
13	30061432	13_30061432_C_T	C	T	8687	7743	8639	7743	0	0	NA	0	0	0	0
13	30953535	13_30953535_G_T	G	T	7543	7167	7506	7167	0	0	NA	0	0	0	0
13	39973378	13_39973378_A_G	A	G	7097	6718	7042	6704	15	14	NA	0	28	27	27
13	42300679	13_42300679_G_A	G	A	8286	7505	8252	7505	0	0	NA	0	0	0	0
13	44354917	13_44354917_T_G	T	G	8241	7602	8194	7602	0	0	NA	0	0	0	0
13	44509757	13_44509757_T_G	T	G	7555	7079	7533	7079	0	0	NA	0	0	0	0
13	45770855	13_45770855_A_G	A	G	8191	7603	8117	7583	22	20	NA	0	43	40	40
13	49474259	13_49474259_T_C	T	C	6489	6109	6451	6109	0	0	NA	0	0	0	0
13	55563611	13_55563611_C_G	C	G	8046	7442	7996	7442	0	0	NA	0	0	0	0
13	58977166	13_58977166_G_A	G	A	8552	7719	8465	7708	11	11	NA	6	23	23	23
13	59371880	13_59371880_C_A	C	A	8034	7412	7982	7412	0	0	NA	2	0	0	0
13	62568959	13_62568959_G_T	G	T	7534	7167	7491	7167	0	0	NA	3	0	0	0
13	63980377	13_63980377_T_A	T	A	7744	7427	7725	7427	0	0	NA	0	0	0	0
13	64032000	13_64032000_C_A	C	A	7651	6913	7617	6913	0	0	NA	2	0	0	0
13	64115656	13_64115656_G_A	G	A	7537	6833	7500	6833	0	0	NA	0	0	0	0
13	65594402	13_65594402_G_A	G	A	8831	8097	8757	8097	0	0	NA	0	0	0	0
13	66288407	13_66288407_A_G	A	G	7882	7389	7842	7386	4	3	NA	1	4	3	3
13	67667970	13_67667970_T_A	T	A	6432	6164	6409	6164	0	0	NA	0	1	1	1
13	71244316	13_71244316_C_T	C	T	7880	7217	7822	7217	0	0	NA	3	1	0	0
13	74504024	13_74504024_A_T	A	T	8015	7274	7979	7274	0	0	NA	0	0	0	0
13	76387260	13_76387260_C_G	C	G	8955	7750	8796	7680	82	70	NA	0	154	130	130
13	76502057	13_76502057_G_A	G	A	6969	6666	6935	6666	0	0	NA	0	0	0	0
13	78694719	13_78694719_A_T	A	T	5420	5123	5399	5123	0	0	NA	0	0	0	0
13	78898817	13_78898817_C_T	C	T	8111	7472	8053	7472	0	0	NA	1	0	0	0
13	80149431	13_80149431_G_T	G	T	8215	7473	8186	7473	0	0	NA	0	0	0	0
13	83227306	13_83227306_G_A	G	A	9084	8369	9028	8369	0	0	NA	2	0	0	0
13	85418770	13_85418770_C_A	C	A	8142	7585	8104	7585	0	0	NA	0	0	0	0
13	88345964	13_88345964_T_A	T	A	8222	7679	8184	7679	0	0	NA	1	0	0	0
13	97357116	13_97357116_T_C	T	C	9128	8467	8427	7850	674	617	NA	1	1161	1073	1073
13	97735442	13_97735442_C_A	C	A	8664	7835	8615	7835	0	0	NA	0	1	1	1
13	98336311	13_98336311_C_G	C	G	8210	7401	8143	7401	0	0	NA	0	0	0	0
13	99041925	13_99041925_T_C	T	C	6344	5893	6304	5893	0	0	NA	0	0	0	0
13	101283825	13_101283825_T_C	T	C	7503	6982	7478	6981	1	1	NA	0	1	1	1
13	102592549	13_102592549_T_C	T	C	8279	7695	8223	7695	0	0	NA	0	0	0	0
13	104330816	13_104330816_T_C	T	C	7655	7190	7611	7190	0	0	NA	2	0	0	0
13	104799546	13_104799546_C_T	C	T	7310	6665	7279	6665	0	0	NA	0	0	0	0
13	111774242	13_111774242_A_T	A	T	7531	7086	7501	7086	0	0	NA	0	0	0	0
13	113142833	13_113142833_C_T	C	T	7532	6603	7486	6603	0	0	NA	0	0	0	0
14	22437411	14_22437411_C_A	C	A	7327	6631	7281	6631	0	0	NA	1	0	0	0
14	22640575	14_22640575_C_A	C	A	6861	5818	6800	5818	0	0	NA	1	0	0	0
14	29099558	14_29099558_T_A	T	A	7380	6630	7341	6630	0	0	NA	0	0	0	0
14	29746289	14_29746289_T_C	T	C	8540	7944	8512	7944	0	0	NA	1	0	0	0
14	34342826	14_34342826_T_A	T	A	8218	7579	8181	7579	0	0	NA	0	0	0	0
14	37075527	14_37075527_C_T	C	T	8131	7078	8090	7078	0	0	NA	1	1	1	1
14	41172284	14_41172284_C_A	C	A	8508	8006	8456	8006	0	0	NA	0	0	0	0
14	42131027	14_42131027_G_T	G	T	8103	7404	8079	7404	0	0	NA	0	0	0	0
14	42745610	14_42745610_G_T	G	T	9442	8018	9402	8018	0	0	NA	0	1	1	1
14	44042078	14_44042078_T_C	T	C	7535	6943	7518	6943	1	0	NA	1	1	0	0
14	44576093	14_44576093_C_T	C	T	6983	6502	6936	6502	0	0	NA	0	0	0	0
14	47085124	14_47085124_C_G	C	G	8120	7108	8072	7108	0	0	NA	0	0	0	0
14	47086121	14_47086121_G_A	G	A	7385	6952	7341	6952	0	0	NA	0	0	0	0
14	48107581	14_48107581_C_G	C	G	8292	7341	8236	7331	10	10	NA	1	18	18	18
14	49204294	14_49204294_C_T	C	T	8045	7096	7974	7096	0	0	NA	4	1	1	1
14	51486852	14_51486852_G_T	G	T	8159	7297	8108	7297	0	0	NA	0	0	0	0
14	56664250	14_56664250_A_C	A	C	8478	7410	8402	7410	0	0	NA	0	0	0	0
14	58127505	14_58127505_C_G	C	G	7520	6840	7478	6840	0	0	NA	0	0	0	0
14	59330719	14_59330719_A_C	A	C	7860	7123	7804	7123	0	0	NA	0	0	0	0
14	60962629	14_60962629_T_A	T	A	7809	7225	7733	7225	0	0	NA	1	0	0	0
14	61222263	14_61222263_G_T	G	T	7449	6798	7398	6798	0	0	NA	0	0	0	0
14	62024656	14_62024656_T_A	T	A	8202	7594	8168	7594	0	0	NA	0	0	0	0
14	63116210	14_63116210_G_A	G	A	9173	7886	9107	7886	0	0	NA	4	0	0	0
14	63297926	14_63297926_C_T	C	T	8543	7882	8503	7882	0	0	NA	0	0	0	0
14	66295066	14_66295066_T_A	T	A	8195	7319	8160	7319	0	0	NA	1	0	0	0
14	66401875	14_66401875_A_G	A	G	7495	6907	7460	6907	0	0	NA	0	0	0	0
14	69647091	14_69647091_G_T	G	T	7149	6820	7110	6820	0	0	NA	1	0	0	0
14	77356548	14_77356548_G_A	G	A	8811	7771	8782	7771	0	0	NA	2	0	0	0
14	77780771	14_77780771_C_A	C	A	8606	7817	8566	7817	0	0	NA	0	0	0	0
14	79149129	14_79149129_G_T	G	T	7934	7017	7869	6986	34	31	NA	2	55	47	47
14	79857497	14_79857497_A_T	A	T	6614	6083	6591	6083	0	0	NA	0	0	0	0
14	80137814	14_80137814_C_A	C	A	8640	7679	8600	7679	0	0	NA	0	0	0	0
14	80455916	14_80455916_G_A	G	A	7307	6750	7122	6621	140	129	NA	4	266	246	246
14	80521290	14_80521290_T_G	T	G	7324	6869	7294	6869	0	0	NA	0	0	0	0
14	80842375	14_80842375_A_G	A	G	7650	7042	7620	7042	0	0	NA	1	0	0	0
14	84227743	14_84227743_T_C	T	C	8518	7353	8487	7353	0	0	NA	0	0	0	0
14	85194861	14_85194861_A_G	A	G	8196	7679	8149	7657	23	22	NA	1	47	46	46
14	85855690	14_85855690_C_A	C	A	9080	8007	9019	8007	0	0	NA	0	0	0	0
14	86988597	14_86988597_C_T	C	T	7681	7232	7624	7231	1	1	NA	1	2	2	2
14	92988164	14_92988164_G_A	G	A	8843	7832	8796	7832	0	0	NA	0	0	0	0
14	93436578	14_93436578_A_G	A	G	8975	7630	8927	7630	0	0	NA	1	0	0	0
14	95047174	14_95047174_T_A	T	A	8725	7548	8666	7548	0	0	NA	0	0	0	0
14	99079188	14_99079188_C_T	C	T	8924	7776	8858	7776	0	0	NA	0	0	0	0
14	102285824	14_102285824_C_T	C	T	8166	7218	8111	7218	0	0	NA	1	0	0	0
14	103161736	14_103161736_A_G	A	G	8154	7786	8154	7786	0	0	NA	0	0	0	0
15	26237480	15_26237480_G_A	G	A	8382	7378	8308	7378	0	0	NA	2	0	0	0
15	27323917	15_27323917_G_A	G	A	9061	8005	9008	8005	0	0	NA	1	0	0	0
15	27788484	15_27788484_G_T	G	T	6990	6555	6954	6555	0	0	NA	1	0	0	0
15	30174467	15_30174467_G_A	G	A	8651	7603	8596	7603	0	0	NA	2	1	0	0
15	31158838	15_31158838_C_T	C	T	8867	7948	8738	7886	68	62	NA	0	97	87	87
15	34016137	15_34016137_G_A	G	A	8622	7708	8590	7708	0	0	NA	1	0	0	0
15	36415205	15_36415205_C_T	C	T	9177	8372	9120	8372	0	0	NA	1	0	0	0
15	37050788	15_37050788_C_A	C	A	8715	7846	8646	7846	0	0	NA	3	0	0	0
15	39436349	15_39436349_A_T	A	T	8185	7449	8146	7449	0	0	NA	0	0	0	0
15	41164803	15_41164803_C_T	C	T	8108	7012	8079	7012	0	0	NA	0	0	0	0
15	44177746	15_44177746_G_T	G	T	7245	6983	7216	6983	0	0	NA	0	0	0	0
15	44967435	15_44967435_C_T	C	T	8291	7274	8232	7274	0	0	NA	3	0	0	0
15	45529039	15_45529039_T_A	T	A	7729	6862	7706	6862	0	0	NA	1	0	0	0
15	45778886	15_45778886_T_A	T	A	8524	7931	8480	7931	0	0	NA	0	0	0	0
15	46097063	15_46097063_G_A	G	A	8546	7975	8493	7975	0	0	NA	0	0	0	0
15	46801729	15_46801729_G_A	G	A	7880	7228	7842	7228	0	0	NA	1	1	1	1
15	47829272	15_47829272_C_A	C	A	7831	7509	7793	7509	0	0	NA	1	0	0	0
15	50843517	15_50843517_C_A	C	A	8061	7378	8018	7378	0	0	NA	0	0	0	0
15	51578476	15_51578476_C_T	C	T	8055	7227	8025	7227	0	0	NA	1	0	0	0
15	54096305	15_54096305_C_T	C	T	8576	7364	8512	7364	0	0	NA	0	0	0	0
15	58677125	15_58677125_G_A	G	A	8843	7748	8805	7748	0	0	NA	2	0	0	0
15	61188188	15_61188188_C_T	C	T	8236	7541	8181	7541	0	0	NA	0	0	0	0
15	64270719	15_64270719_A_T	A	T	7503	7064	7460	7064	0	0	NA	1	0	0	0
15	64533721	15_64533721_T_A	T	A	7902	7432	7866	7432	0	0	NA	0	0	0	0
15	71668010	15_71668010_T_A	T	A	8210	7042	8138	7042	0	0	NA	0	0	0	0
15	78014735	15_78014735_C_A	C	A	7301	6646	7260	6645	0	0	NA	0	0	0	0
15	78620131	15_78620131_G_T	G	T	8197	7376	8127	7376	0	0	NA	1	0	0	0
15	96990099	15_96990099_G_A	G	A	8072	7335	8010	7335	0	0	NA	1	1	1	1
15	100253002	15_100253002_T_G	T	G	9007	7954	8966	7954	0	0	NA	1	0	0	0
15	101203393	15_101203393_G_A	G	A	7946	7010	7894	7010	0	0	NA	3	0	0	0
15	101542519	15_101542519_T_A	T	A	8076	7537	8036	7537	0	0	NA	0	0	0	0
16	3561271	16_3561271_T_A	T	A	9023	7767	8835	7767	0	0	NA	2	0	0	0
16	5360012	16_5360012_T_C	T	C	8058	7148	8021	7148	0	0	NA	1	0	0	0
16	5653194	16_5653194_C_A	C	A	7562	6894	7520	6894	0	0	NA	0	0	0	0
16	7147078	16_7147078_T_A	T	A	7361	6730	7333	6730	0	0	NA	1	0	0	0
16	8386425	16_8386425_C_G	C	G	8801	7433	8741	7433	0	0	NA	0	0	0	0
16	11410103	16_11410103_C_T	C	T	8055	7097	8005	7097	0	0	NA	2	0	0	0
16	14383664	16_14383664_A_C	A	C	7449	6738	7391	6738	0	0	NA	1	0	0	0
16	17356798	16_17356798_C_A	C	A	7375	6802	7340	6802	0	0	NA	0	0	0	0
16	17593532	16_17593532_C_G	C	G	8621	7530	8587	7530	0	0	NA	0	1	0	0
16	18048340	16_18048340_C_T	C	T	7537	6812	7487	6812	0	0	NA	0	1	1	1
16	19855785	16_19855785_G_A	G	A	7417	6737	7361	6737	0	0	NA	3	0	0	0
16	23757972	16_23757972_A_G	A	G	8530	8098	8474	8092	6	6	NA	1	10	8	8
16	25882027	16_25882027_C_T	C	T	7453	6824	7396	6824	0	0	NA	2	0	0	0
16	26557980	16_26557980_C_G	C	G	8522	7718	8455	7718	0	0	NA	0	0	0	0
16	31096821	16_31096821_C_T	C	T	8095	7370	8054	7370	0	0	NA	0	0	0	0
16	34476696	16_34476696_C_A	C	A	9666	9377	9612	9377	0	0	NA	2	0	0	0
16	50896693	16_50896693_C_A	C	A	8015	7218	7969	7218	0	0	NA	1	0	0	0
16	52556454	16_52556454_C_T	C	T	8672	7549	8633	7549	0	0	NA	0	0	0	0
16	56340940	16_56340940_A_T	A	T	7861	7006	7815	7006	0	0	NA	0	0	0	0
16	61293018	16_61293018_G_T	G	T	8011	7269	7983	7269	0	0	NA	0	0	0	0
16	61609642	16_61609642_T_C	T	C	8663	7703	8592	7692	15	11	NA	0	27	22	22
16	61809381	16_61809381_T_C	T	C	6912	6671	6884	6671	0	0	NA	0	0	0	0
16	67445446	16_67445446_G_A	G	A	8332	7527	8286	7527	0	0	NA	2	0	0	0
16	69177688	16_69177688_A_T	A	T	7352	7031	7318	7031	0	0	NA	0	0	0	0
16	72317060	16_72317060_G_A	G	A	8541	7430	8495	7430	0	0	NA	2	1	1	1
16	74600040	16_74600040_C_T	C	T	8563	7685	8520	7685	0	0	NA	3	0	0	0
16	75916463	16_75916463_C_T	C	T	8065	7300	7996	7300	0	0	NA	0	0	0	0
16	76414516	16_76414516_G_A	G	A	8024	7286	7969	7286	0	0	NA	2	0	0	0
16	76442875	16_76442875_C_G	C	G	9250	8229	9195	8229	0	0	NA	0	0	0	0
16	79701423	16_79701423_A_T	A	T	7316	6977	7294	6977	0	0	NA	0	0	0	0
16	82738239	16_82738239_T_C	T	C	8885	7637	8725	7637	0	0	NA	4	0	0	0
16	82979052	16_82979052_G_A	G	A	8364	7711	8315	7711	0	0	NA	3	1	1	1
16	83045304	16_83045304_C_A	C	A	8908	7852	8830	7852	0	0	NA	1	0	0	0
16	84315329	16_84315329_C_A	C	A	8361	7327	8329	7327	0	0	NA	1	0	0	0
17	2766434	17_2766434_C_T	C	T	6688	6048	6653	6048	0	0	NA	6	5	0	0
17	5203408	17_5203408_T_C	T	C	7075	6753	7031	6753	0	0	NA	1	0	0	0
17	9531448	17_9531448_T_A	T	A	7892	7321	7865	7321	0	0	NA	0	0	0	0
17	10069050	17_10069050_A_C	A	C	8009	7368	7946	7368	0	0	NA	1	0	0	0
17	10084789	17_10084789_A_T	A	T	7563	7076	7540	7076	0	0	NA	0	0	0	0
17	10585303	17_10585303_G_A	G	A	8373	7600	8296	7600	0	0	NA	4	1	1	1
17	12667012	17_12667012_A_T	A	T	8341	7611	8299	7611	0	0	NA	0	0	0	0
17	13604476	17_13604476_G_A	G	A	7094	6692	7044	6683	9	9	NA	0	15	15	15
17	13826748	17_13826748_T_C	T	C	6449	5673	6426	5673	0	0	NA	1	0	0	0
17	16228892	17_16228892_G_A	G	A	7796	7066	7761	7066	0	0	NA	0	0	0	0
17	17599358	17_17599358_C_T	C	T	8119	7234	8053	7234	0	0	NA	3	0	0	0
17	25553197	17_25553197_G_A	G	A	8165	7658	8114	7658	0	0	NA	0	1	1	1
17	25878793	17_25878793_G_T	G	T	8913	7950	8864	7950	0	0	NA	0	0	0	0
17	26192206	17_26192206_G_A	G	A	7627	7215	7580	7215	0	0	NA	3	0	0	0
17	27444298	17_27444298_A_T	A	T	9009	7796	8964	7796	0	0	NA	0	0	0	0
17	28286458	17_28286458_T_A	T	A	8963	8020	8925	8020	0	0	NA	2	0	0	0
17	28478272	17_28478272_C_A	C	A	7739	7258	7696	7258	0	0	NA	0	0	0	0
17	32550462	17_32550462_A_T	A	T	7591	7071	7552	7071	0	0	NA	1	0	0	0
17	32684649	17_32684649_C_G	C	G	8442	7800	8404	7800	0	0	NA	0	0	0	0
17	35254076	17_35254076_C_A	C	A	8606	7565	8546	7565	0	0	NA	1	0	0	0
17	39088900	17_39088900_A_G	A	G	7690	7408	7652	7408	0	0	NA	0	0	0	0
17	39367861	17_39367861_T_G	T	G	7049	6426	7014	6426	0	0	NA	0	0	0	0
17	42460586	17_42460586_C_A	C	A	7956	7191	7930	7191	0	0	NA	0	0	0	0
17	46697256	17_46697256_T_G	T	G	8519	7377	8477	7377	0	0	NA	0	0	0	0
17	48051020	17_48051020_T_G	T	G	7913	7281	7882	7281	0	0	NA	2	0	0	0
17	54668432	17_54668432_A_C	A	C	7865	7321	7834	7321	0	0	NA	3	0	0	0
17	59467383	17_59467383_T_G	T	G	7861	7079	7828	7079	0	0	NA	0	0	0	0
17	64010150	17_64010150_G_A	G	A	7919	6488	7869	6488	0	0	NA	0	0	0	0
17	65471397	17_65471397_G_T	G	T	8345	7260	8290	7260	0	0	NA	0	0	0	0
17	72549931	17_72549931_G_T	G	T	8244	7156	8196	7156	0	0	NA	1	0	0	0
17	75698679	17_75698679_C_A	C	A	8375	7261	8325	7261	0	0	NA	1	0	0	0
18	331861	18_331861_A_T	A	T	6728	6355	6713	6355	0	0	NA	0	0	0	0
18	1998023	18_1998023_A_T	A	T	9011	7851	8970	7851	0	0	NA	0	0	0	0
18	4121880	18_4121880_A_G	A	G	8101	7651	8053	7651	0	0	NA	0	1	1	1
18	8252337	18_8252337_C_T	C	T	8705	8126	8649	8126	0	0	NA	3	1	1	1
18	8851036	18_8851036_G_A	G	A	8850	7935	8819	7935	0	0	NA	0	0	0	0
18	10075367	18_10075367_G_T	G	T	6835	6397	6803	6397	0	0	NA	0	0	0	0
18	10833121	18_10833121_T_A	T	A	8356	6843	8282	6843	0	0	NA	1	0	0	0
18	11424113	18_11424113_A_G	A	G	9160	8268	9123	8268	0	0	NA	0	0	0	0
18	11838911	18_11838911_G_T	G	T	8389	7710	8332	7710	0	0	NA	1	0	0	0
18	23473239	18_23473239_A_G	A	G	8397	7832	8362	7832	0	0	NA	0	0	0	0
18	24336307	18_24336307_C_G	C	G	8786	7825	8735	7812	15	13	NA	0	18	16	16
18	24754350	18_24754350_A_C	A	C	8239	7494	8204	7494	0	0	NA	0	0	0	0
18	26728954	18_26728954_G_T	G	T	7904	7269	7863	7269	0	0	NA	1	0	0	0
18	26864897	18_26864897_T_C	T	C	7898	7135	7861	7135	0	0	NA	0	0	0	0
18	32741394	18_32741394_G_A	G	A	8853	7955	8801	7955	0	0	NA	2	0	0	0
18	39797467	18_39797467_A_G	A	G	8089	7511	8029	7511	0	0	NA	1	0	0	0
18	40685529	18_40685529_T_A	T	A	5146	4399	5119	4399	0	0	NA	0	0	0	0
18	40939485	18_40939485_T_A	T	A	8902	8138	8862	8138	0	0	NA	2	0	0	0
18	43191258	18_43191258_G_T	G	T	8547	7881	8499	7881	0	0	NA	0	0	0	0
18	44194864	18_44194864_T_G	T	G	6438	6036	6414	6036	0	0	NA	0	0	0	0
18	47795788	18_47795788_A_T	A	T	8245	7201	8198	7201	0	0	NA	2	0	0	0
18	48169425	18_48169425_T_C	T	C	8071	4115	8055	4115	0	0	NA	0	0	0	0
18	48220892	18_48220892_C_A	C	A	8943	8090	8892	8090	0	0	NA	0	0	0	0
18	49844771	18_49844771_A_T	A	T	8220	7377	8176	7377	0	0	NA	0	0	0	0
18	53574453	18_53574453_T_C	T	C	8515	7563	8482	7562	2	1	NA	0	2	1	1
18	58453071	18_58453071_C_T	C	T	8016	7465	7970	7465	0	0	NA	2	0	0	0
18	59934477	18_59934477_G_A	G	A	7108	6671	7074	6671	0	0	NA	1	0	0	0
18	62491767	18_62491767_T_C	T	C	9187	7922	9147	7922	0	0	NA	1	0	0	0
18	66002487	18_66002487_T_C	T	C	8289	7859	8250	7859	0	0	NA	0	1	0	0
18	66123467	18_66123467_G_A	G	A	8998	8121	8955	8121	0	0	NA	0	0	0	0
18	69351053	18_69351053_A_T	A	T	8419	7610	8389	7610	0	0	NA	0	0	0	0
18	70278174	18_70278174_A_T	A	T	7337	6982	7291	6982	0	0	NA	0	0	0	0
18	74328299	18_74328299_C_T	C	T	8302	7246	8257	7246	0	0	NA	1	0	0	0
18	75339537	18_75339537_G_A	G	A	7552	6809	7493	6788	25	21	NA	1	35	31	31
18	77064131	18_77064131_C_T	C	T	6193	5590	6149	5590	0	0	NA	2	0	0	0
19	5124517	19_5124517_G_T	G	T	8185	7326	8146	7326	0	0	NA	3	0	0	0
19	11647518	19_11647518_C_A	C	A	8375	7440	8339	7440	0	0	NA	1	0	0	0
19	15313486	19_15313486_C_A	C	A	7401	6588	7361	6588	0	0	NA	1	0	0	0
19	15912976	19_15912976_G_T	G	T	8587	7676	8552	7676	0	0	NA	0	0	0	0
19	15980726	19_15980726_G_T	G	T	8749	7924	8710	7924	0	0	NA	0	0	0	0
19	31307596	19_31307596_T_A	T	A	7161	6668	7131	6668	0	0	NA	0	0	0	0
19	34067435	19_34067435_T_A	T	A	7550	7140	7506	7140	0	0	NA	1	0	0	0
19	38026228	19_38026228_G_A	G	A	7665	6984	7641	6984	0	0	NA	0	0	0	0
19	41477616	19_41477616_G_A	G	A	8156	7459	8083	7459	0	0	NA	5	2	1	1
19	46627156	19_46627156_G_A	G	A	7269	6865	7228	6865	0	0	NA	2	0	0	0
19	49593883	19_49593883_G_T	G	T	8402	7705	8354	7705	0	0	NA	1	0	0	0
19	52800586	19_52800586_A_T	A	T	6898	6072	6835	6072	0	0	NA	1	0	0	0
19	56924953	19_56924953_G_A	G	A	9144	8169	9080	8169	0	0	NA	2	0	0	0
20	1444812	20_1444812_A_G	A	G	8227	7653	8083	7542	116	111	NA	0	208	200	200
20	2952918	20_2952918_C_A	C	A	8228	7383	8195	7383	1	0	NA	2	1	0	0
20	6109763	20_6109763_C_A	C	A	8721	7708	8657	7708	0	0	NA	2	0	0	0
20	9189944	20_9189944_G_C	G	C	8527	7329	8432	7329	0	0	NA	0	0	0	0
20	11353851	20_11353851_A_T	A	T	7244	6760	7205	6760	0	0	NA	0	0	0	0
20	12989969	20_12989969_G_C	G	C	8569	7481	8400	7371	128	110	NA	0	193	165	165
20	13378959	20_13378959_G_C	G	C	6479	5642	6446	5642	0	0	NA	0	0	0	0
20	15340017	20_15340017_G_A	G	A	6258	5909	6214	5909	0	0	NA	1	0	0	0
20	15505963	20_15505963_T_C	T	C	8576	7645	7910	7102	608	543	NA	0	1062	953	953
20	15912843	20_15912843_A_T	A	T	9011	7940	8981	7940	0	0	NA	1	0	0	0
20	16796073	20_16796073_G_T	G	T	8484	7687	8454	7687	0	0	NA	1	0	0	0
20	16838715	20_16838715_C_T	C	T	8823	7998	8761	7998	0	0	NA	1	1	1	1
20	17242529	20_17242529_T_C	T	C	8944	8046	8889	8046	0	0	NA	1	0	0	0
20	20269055	20_20269055_G_A	G	A	8655	7902	8608	7902	0	0	NA	0	0	0	0
20	22211288	20_22211288_A_T	A	T	8151	7571	8119	7571	0	0	NA	0	0	0	0
20	24408191	20_24408191_G_A	G	A	7030	6426	6991	6426	0	0	NA	0	0	0	0
20	34869366	20_34869366_T_G	T	G	7385	6758	7346	6758	0	0	NA	0	0	0	0
20	41806674	20_41806674_A_G	A	G	8073	7290	8013	7288	2	2	NA	1	2	2	2
20	43568349	20_43568349_G_A	G	A	7678	7027	7645	7027	0	0	NA	0	0	0	0
20	44068842	20_44068842_T_A	T	A	8258	7276	8191	7276	0	0	NA	1	0	0	0
20	45134083	20_45134083_T_C	T	C	6792	6401	6764	6401	0	0	NA	0	0	0	0
20	47735613	20_47735613_G_A	G	A	7929	7143	7889	7143	0	0	NA	0	0	0	0
20	48682276	20_48682276_A_T	A	T	6946	6361	6901	6361	0	0	NA	0	0	0	0
20	49673512	20_49673512_G_A	G	A	6841	6290	6812	6290	0	0	NA	1	2	2	2
20	51364256	20_51364256_A_T	A	T	8599	7943	8535	7943	0	0	NA	0	0	0	0
20	53106263	20_53106263_G_A	G	A	8352	7314	8297	7314	0	0	NA	4	0	0	0
20	54249270	20_54249270_T_A	T	A	7865	6901	7823	6901	0	0	NA	0	0	0	0
20	55147361	20_55147361_A_G	A	G	7358	6596	7333	6596	0	0	NA	1	0	0	0
20	55770052	20_55770052_A_T	A	T	7625	7104	7585	7104	0	0	NA	0	0	0	0
20	56527890	20_56527890_T_A	T	A	7963	7019	7912	7019	0	0	NA	0	0	0	0
20	58208205	20_58208205_C_T	C	T	7287	6669	7234	6669	0	0	NA	2	0	0	0
20	59104713	20_59104713_G_A	G	A	8615	7530	8571	7530	0	0	NA	4	1	0	0
21	16011660	21_16011660_C_T	C	T	9162	8027	9103	8027	0	0	NA	4	0	0	0
21	24527788	21_24527788_A_C	A	C	9172	8218	9110	8218	0	0	NA	0	0	0	0
21	24572344	21_24572344_C_G	C	G	7799	7042	7738	7042	0	0	NA	0	0	0	0
21	26153749	21_26153749_C_G	C	G	7049	6774	7029	6774	0	0	NA	1	0	0	0
21	29166702	21_29166702_G_A	G	A	8371	7686	8323	7686	0	0	NA	0	0	0	0
21	31151470	21_31151470_G_A	G	A	6234	5674	6187	5674	0	0	NA	0	0	0	0
21	32366906	21_32366906_G_T	G	T	7118	6656	7051	6656	0	0	NA	1	0	0	0
21	32391798	21_32391798_A_G	A	G	8754	8085	8712	8085	0	0	NA	0	0	0	0
21	33012380	21_33012380_C_A	C	A	5950	5676	5915	5676	0	0	NA	0	0	0	0
21	36789226	21_36789226_C_A	C	A	9016	8377	8967	8377	0	0	NA	0	0	0	0
21	39316841	21_39316841_G_C	G	C	8824	7989	8779	7989	0	0	NA	0	0	0	0
21	39525909	21_39525909_C_A	C	A	7449	6973	7378	6973	0	0	NA	0	0	0	0
21	40345437	21_40345437_T_A	T	A	7530	6749	7498	6749	0	0	NA	0	0	0	0
21	43463821	21_43463821_G_A	G	A	8044	7009	8006	7009	0	0	NA	3	0	0	0
21	46628690	21_46628690_C_T	C	T	7721	6915	7662	6915	0	0	NA	3	0	0	0
22	21394611	22_21394611_G_A	G	A	8531	7633	8466	7633	0	0	NA	2	1	1	1
22	25499928	22_25499928_T_A	T	A	8010	7003	7989	7003	0	0	NA	1	1	0	0
22	30778792	22_30778792_A_T	A	T	7332	6625	7298	6625	0	0	NA	0	0	0	0
22	30934480	22_30934480_T_A	T	A	9074	7941	9017	7941	0	0	NA	2	0	0	0
22	31869213	22_31869213_T_G	T	G	6621	6231	6593	6231	0	0	NA	0	0	0	0
22	32783559	22_32783559_G_T	G	T	8255	7388	8222	7388	0	0	NA	0	0	0	0
22	34213145	22_34213145_T_C	T	C	8636	7849	8602	7847	3	2	NA	0	4	3	3
22	36011086	22_36011086_T_A	T	A	8196	7409	8174	7409	0	0	NA	0	0	0	0
22	36951895	22_36951895_T_A	T	A	8584	7780	8554	7780	0	0	NA	0	0	0	0
22	37962886	22_37962886_G_T	G	T	7663	6728	7614	6728	0	0	NA	3	0	0	0
22	38747748	22_38747748_G_A	G	A	7635	6656	7591	6656	0	0	NA	5	0	0	0
22	40079545	22_40079545_C_T	C	T	8265	7242	8208	7242	0	0	NA	0	0	0	0
22	40108490	22_40108490_C_A	C	A	8690	7672	8626	7672	0	0	NA	2	0	0	0
22	48579511	22_48579511_G_A	G	A	7942	7274	7912	7274	0	0	NA	0	0	0	0
22	49612060	22_49612060_T_A	T	A	8918	7981	8870	7978	5	3	NA	0	9	7	7
22	50200244	22_50200244_T_A	T	A	7522	6771	7444	6771	0	0	NA	0	0	0	0
X	4242236	X_4242236_C_A	C	A	8892	8087	8843	8087	0	0	NA	3	0	0	0
X	4921178	X_4921178_A_T	A	T	8505	7604	8427	7604	0	0	NA	0	0	0	0
X	9075671	X_9075671_G_A	G	A	9004	8121	8953	8121	0	0	NA	0	0	0	0
X	15660096	X_15660096_T_C	T	C	8252	7753	8212	7751	2	2	NA	0	2	2	2
X	16148460	X_16148460_T_A	T	A	8728	7735	8692	7735	0	0	NA	0	0	0	0
X	16188126	X_16188126_G_T	G	T	7673	7000	7627	7000	0	0	NA	0	0	0	0
X	17406922	X_17406922_G_T	G	T	8848	7935	8812	7935	0	0	NA	1	0	0	0
X	18021639	X_18021639_A_T	A	T	8149	7589	8097	7589	0	0	NA	2	0	0	0
X	20472358	X_20472358_C_T	C	T	8505	7583	8454	7583	0	0	NA	0	0	0	0
X	20816616	X_20816616_G_T	G	T	8086	7443	8032	7443	0	0	NA	1	0	0	0
X	21614069	X_21614069_C_A	C	A	9170	8453	9134	8453	0	0	NA	0	0	0	0
X	23364829	X_23364829_G_C	G	C	9339	8347	9289	8344	3	3	NA	0	7	6	6
X	23611782	X_23611782_A_G	A	G	8331	7640	8291	7640	0	0	NA	1	0	0	0
X	26512218	X_26512218_A_T	A	T	8156	7452	8121	7452	0	0	NA	0	0	0	0
X	28710220	X_28710220_C_A	C	A	8049	7287	7998	7287	0	0	NA	0	0	0	0
X	29705151	X_29705151_C_T	C	T	6640	6014	6583	6014	0	0	NA	0	0	0	0
X	36861314	X_36861314_G_A	G	A	8636	7914	7940	7339	627	575	NA	1	1081	996	996
X	38419975	X_38419975_C_T	C	T	8486	7559	8426	7559	0	0	NA	1	0	0	0
X	41831798	X_41831798_G_A	G	A	8367	7517	8316	7517	0	0	NA	1	0	0	0
X	43263620	X_43263620_A_T	A	T	8748	8296	8716	8296	0	0	NA	0	0	0	0
X	44325370	X_44325370_C_A	C	A	8882	7929	8838	7929	0	0	NA	2	1	0	0
X	47944009	X_47944009_A_T	A	T	8773	7933	8731	7933	0	0	NA	1	0	0	0
X	62220147	X_62220147_A_C	A	C	8712	7814	8672	7814	0	0	NA	0	0	0	0
X	68784078	X_68784078_G_A	G	A	7918	7022	7868	7022	0	0	NA	0	0	0	0
X	69406276	X_69406276_A_T	A	T	8605	7864	8563	7864	0	0	NA	0	0	0	0
X	71801076	X_71801076_A_G	A	G	7029	6765	7002	6765	0	0	NA	1	0	0	0
X	80582699	X_80582699_G_T	G	T	8416	7633	8382	7633	0	0	NA	0	0	0	0
X	80897021	X_80897021_C_T	C	T	8679	7905	8631	7905	0	0	NA	0	0	0	0
X	84042344	X_84042344_A_G	A	G	8166	7558	8129	7558	0	0	NA	0	0	0	0
X	85063932	X_85063932_C_A	C	A	8410	7584	8366	7584	0	0	NA	1	0	0	0
X	85173304	X_85173304_A_G	A	G	8334	7859	8308	7857	2	2	NA	0	2	2	2
X	85811153	X_85811153_T_C	T	C	8111	7669	8066	7669	0	0	NA	1	0	0	0
X	89275395	X_89275395_A_T	A	T	8718	8026	8682	8026	0	0	NA	0	0	0	0
X	92967141	X_92967141_G_A	G	A	8468	7597	8414	7596	2	1	NA	0	2	1	1
X	93273891	X_93273891_T_A	T	A	7981	7176	7946	7176	0	0	NA	0	0	0	0
X	95490288	X_95490288_G_A	G	A	8038	7686	7990	7686	0	0	NA	1	0	0	0
X	100877139	X_100877139_A_T	A	T	7540	7165	7515	7165	0	0	NA	0	0	0	0
X	102429055	X_102429055_G_T	G	T	7935	7397	7879	7397	0	0	NA	2	0	0	0
X	108400364	X_108400364_G_T	G	T	8552	7741	8494	7741	0	0	NA	0	0	0	0
X	109635951	X_109635951_C_T	C	T	8712	7818	8633	7818	0	0	NA	0	0	0	0
X	112196131	X_112196131_C_T	C	T	7804	7319	7758	7319	0	0	NA	2	0	0	0
X	119373521	X_119373521_C_A	C	A	7786	6985	7715	6985	0	0	NA	1	0	0	0
X	125002146	X_125002146_A_G	A	G	6512	6281	6484	6281	0	0	NA	1	0	0	0
X	127458178	X_127458178_C_A	C	A	7955	7463	7909	7463	0	0	NA	1	0	0	0
X	127837511	X_127837511_G_A	G	A	8692	7954	8633	7954	0	0	NA	1	0	0	0
X	132430579	X_132430579_T_C	T	C	7319	6594	7294	6594	0	0	NA	0	0	0	0
X	132967889	X_132967889_A_G	A	G	8433	7691	8394	7691	0	0	NA	1	0	0	0
X	135479482	X_135479482_T_A	T	A	7385	7044	7365	7044	0	0	NA	0	0	0	0
X	137085647	X_137085647_A_C	A	C	7745	7342	7711	7342	0	0	NA	0	0	0	0
X	140042549	X_140042549_C_T	C	T	7966	7516	7925	7516	0	0	NA	0	1	1	1
X	140752028	X_140752028_G_C	G	C	8624	7783	8575	7783	0	0	NA	0	0	0	0
X	142535715	X_142535715_T_A	T	A	7529	6458	7500	6458	0	0	NA	0	0	0	0
X	143587918	X_143587918_T_A	T	A	8294	7711	8269	7711	0	0	NA	1	0	0	0
X	146764139	X_146764139_C_A	C	A	8609	7961	8543	7961	0	0	NA	1	0	0	0
X	146871189	X_146871189_C_A	C	A	7441	7014	7402	7014	0	0	NA	2	0	0	0
X	148042693	X_148042693_C_A	C	A	8957	7965	8896	7963	2	2	NA	0	2	2	2
X	149832143	X_149832143_T_C	T	C	8094	7518	8050	7518	0	0	NA	0	0	0	0
X	149840854	X_149840854_C_A	C	A	8423	7301	8362	7301	0	0	NA	0	0	0	0
X	150930654	X_150930654_C_T	C	T	7322	6600	7261	6600	0	0	NA	0	1	1	1
