contig	position	id	ref_allele	alt_allele	depth	depth_pass	n_ref_total	n_ref_pass	n_alt_total	n_alt_pass	seen_in_norm	n_alt_dsc_suppressed	n_alt_ssc_total	n_alt_ssc_pass	n_alt_ssc_only
1	3072383	1_3072383_T_G	T	G	7732	6835	7675	6835	0	0	NA	0	0	0	0
1	9188154	1_9188154_G_T	G	T	6594	6139	6553	6139	0	0	NA	1	0	0	0
1	14509795	1_14509795_C_A	C	A	6910	6204	6875	6204	0	0	NA	0	0	0	0
1	15639823	1_15639823_C_G	C	G	1951	1584	1900	1584	140	0	NA	0	239	2	2
1	17606281	1_17606281_C_A	C	A	8070	7231	8003	7231	0	0	NA	2	1	1	1
1	18055799	1_18055799_G_A	G	A	7390	6713	7345	6713	0	0	NA	3	1	1	1
1	19332818	1_19332818_G_T	G	T	6790	5558	6750	5558	0	0	NA	3	0	0	0
1	20469051	1_20469051_T_A	T	A	7798	6868	7767	6868	0	0	NA	0	0	0	0
1	20616837	1_20616837_G_T	G	T	7310	6557	7272	6557	0	0	NA	1	0	0	0
1	37626640	1_37626640_C_T	C	T	7703	6991	7652	6991	0	0	NA	2	1	1	1
1	43117956	1_43117956_G_T	G	T	6003	5483	5977	5483	0	0	NA	0	0	0	0
1	46945711	1_46945711_A_T	A	T	5176	4649	5150	4649	0	0	NA	1	0	0	0
1	49022382	1_49022382_C_T	C	T	6878	6540	6816	6531	9	9	NA	0	20	20	20
1	49407198	1_49407198_G_A	G	A	7166	6782	7136	6782	0	0	NA	1	0	0	0
1	51752285	1_51752285_T_A	T	A	7461	6715	7433	6715	0	0	NA	0	0	0	0
1	54785732	1_54785732_G_A	G	A	6850	6233	6808	6233	0	0	NA	0	0	0	0
1	55433144	1_55433144_C_A	C	A	7581	6662	7520	6662	0	0	NA	0	0	0	0
1	63637291	1_63637291_A_T	A	T	7318	6651	7288	6651	0	0	NA	1	0	0	0
1	79971947	1_79971947_G_A	G	A	7294	6656	7240	6656	0	0	NA	1	0	0	0
1	86660274	1_86660274_C_A	C	A	6740	6297	6692	6297	0	0	NA	0	0	0	0
1	88568942	1_88568942_A_G	A	G	7429	6868	7400	6868	0	0	NA	1	0	0	0
1	90601044	1_90601044_G_T	G	T	7599	6871	7555	6871	0	0	NA	2	0	0	0
1	94543045	1_94543045_A_G	A	G	7969	7286	7919	7286	0	0	NA	1	0	0	0
1	98818610	1_98818610_A_T	A	T	6620	6236	6580	6236	0	0	NA	0	0	0	0
1	106637955	1_106637955_G_T	G	T	5078	4788	5064	4788	0	0	NA	2	0	0	0
1	107543668	1_107543668_C_T	C	T	6808	6002	6722	6002	0	0	NA	0	0	0	0
1	114542580	1_114542580_C_A	C	A	6977	6485	6924	6485	0	0	NA	1	0	0	0
1	114586498	1_114586498_C_T	C	T	7790	7165	7739	7165	0	0	NA	0	0	0	0
1	114774725	1_114774725_T_G	T	G	8236	7419	8158	7419	0	0	NA	2	0	0	0
1	119989233	1_119989233_T_G	T	G	4385	3105	4256	3105	1	0	NA	2	12	0	0
1	147823547	1_147823547_C_A	C	A	7732	7038	7698	7038	0	0	NA	0	0	0	0
1	152036515	1_152036515_G_T	G	T	7475	6856	7427	6856	1	0	NA	1	1	0	0
1	152686230	1_152686230_C_A	C	A	6721	6365	6675	6365	0	0	NA	2	0	0	0
1	160412659	1_160412659_G_A	G	A	7790	7071	7749	7071	0	0	NA	2	0	0	0
1	161021665	1_161021665_C_G	C	G	7644	6579	7619	6579	0	0	NA	0	0	0	0
1	162276154	1_162276154_G_T	G	T	6698	6215	6651	6215	0	0	NA	3	0	0	0
1	165384867	1_165384867_C_T	C	T	6903	6100	6863	6100	0	0	NA	0	0	0	0
1	170701459	1_170701459_C_A	C	A	8750	7866	8697	7866	0	0	NA	0	0	0	0
1	172032199	1_172032199_C_A	C	A	7208	6552	7152	6552	0	0	NA	1	0	0	0
1	176869741	1_176869741_T_G	T	G	8222	7437	8191	7437	0	0	NA	0	0	0	0
1	177932954	1_177932954_T_G	T	G	8312	7547	8283	7547	0	0	NA	0	0	0	0
1	182560222	1_182560222_A_G	A	G	6412	6061	3428	3284	2938	2777	NA	6	5323	5076	5076
1	182625883	1_182625883_C_G	C	G	7572	6907	7490	6907	0	0	NA	1	0	0	0
1	194847710	1_194847710_T_A	T	A	8621	7839	8587	7839	0	0	NA	0	0	0	0
1	201339420	1_201339420_T_C	T	C	6285	5960	6270	5960	0	0	NA	1	0	0	0
1	204764368	1_204764368_G_T	G	T	6749	5971	6707	5971	0	0	NA	0	0	0	0
1	205244482	1_205244482_T_C	T	C	6807	6155	6787	6155	0	0	NA	0	0	0	0
1	207915350	1_207915350_C_G	C	G	6361	5919	6323	5919	0	0	NA	0	0	0	0
1	208521346	1_208521346_T_A	T	A	8705	7979	8661	7979	0	0	NA	0	0	0	0
1	211362281	1_211362281_A_C	A	C	5688	5042	5672	5042	0	0	NA	0	0	0	0
1	222190696	1_222190696_G_A	G	A	6845	6370	6804	6370	0	0	NA	2	0	0	0
1	226640475	1_226640475_C_A	C	A	7569	6975	7515	6975	0	0	NA	1	0	0	0
1	227106404	1_227106404_A_T	A	T	8016	7166	7957	7166	0	0	NA	0	0	0	0
1	229003871	1_229003871_G_A	G	A	7364	6541	7328	6540	1	1	NA	0	1	1	1
1	231309142	1_231309142_A_G	A	G	6959	6433	6933	6433	0	0	NA	0	0	0	0
1	235642650	1_235642650_C_T	C	T	7513	6718	7446	6718	0	0	NA	2	0	0	0
1	239981154	1_239981154_C_A	C	A	8004	7321	7964	7321	0	0	NA	3	0	0	0
1	240800819	1_240800819_G_T	G	T	7241	6878	7212	6878	0	0	NA	3	0	0	0
1	240827342	1_240827342_C_A	C	A	7504	6859	7473	6859	0	0	NA	0	1	1	1
1	243967230	1_243967230_C_A	C	A	8288	7426	8245	7426	0	0	NA	0	0	0	0
1	245477375	1_245477375_G_T	G	T	7632	7035	7595	7035	0	0	NA	1	0	0	0
2	705105	2_705105_G_T	G	T	6123	5249	6087	5249	0	0	NA	1	0	0	0
2	1161073	2_1161073_C_G	C	G	7021	6169	6987	6169	0	0	NA	0	0	0	0
2	2712607	2_2712607_G_A	G	A	6766	5923	6701	5917	6	6	NA	2	16	15	15
2	5197981	2_5197981_C_A	C	A	7680	6870	7640	6870	0	0	NA	2	0	0	0
2	11550981	2_11550981_T_A	T	A	7580	7015	7549	7015	0	0	NA	0	0	0	0
2	14619758	2_14619758_A_T	A	T	7196	6607	7122	6607	0	0	NA	0	0	0	0
2	24016622	2_24016622_G_T	G	T	7866	7177	7825	7177	0	0	NA	1	0	0	0
2	24093894	2_24093894_T_A	T	A	7189	6518	7160	6518	0	0	NA	1	0	0	0
2	30737002	2_30737002_A_T	A	T	8388	7650	8349	7650	0	0	NA	0	0	0	0
2	31598481	2_31598481_G_C	G	C	6421	5898	6398	5898	0	0	NA	0	0	0	0
2	32348965	2_32348965_C_T	C	T	6423	5726	6347	5726	0	0	NA	2	0	0	0
2	33494102	2_33494102_T_A	T	A	8012	6608	7965	6608	0	0	NA	1	0	0	0
2	47857373	2_47857373_A_T	A	T	7944	6896	7889	6896	0	0	NA	0	0	0	0
2	54163327	2_54163327_A_G	A	G	7276	6696	7232	6696	0	0	NA	1	0	0	0
2	58534325	2_58534325_C_A	C	A	6819	6313	6779	6313	0	0	NA	0	0	0	0
2	59444681	2_59444681_T_G	T	G	7550	7001	7525	7001	0	0	NA	0	0	0	0
2	66679271	2_66679271_C_A	C	A	8134	7437	8101	7437	0	0	NA	0	0	0	0
2	66751379	2_66751379_G_T	G	T	6394	5838	6366	5838	0	0	NA	1	0	0	0
2	67286580	2_67286580_C_A	C	A	7944	7154	7882	7154	0	0	NA	0	0	0	0
2	69163716	2_69163716_A_G	A	G	5860	5506	5812	5506	0	0	NA	2	0	0	0
2	84819898	2_84819898_T_A	T	A	6539	6111	6516	6111	0	0	NA	0	0	0	0
2	101377794	2_101377794_T_C	T	C	7456	6599	7421	6599	0	0	NA	0	0	0	0
2	101889869	2_101889869_T_C	T	C	4658	4350	4640	4350	0	0	NA	0	0	0	0
2	109768411	2_109768411_G_T	G	T	7347	6832	7313	6832	0	0	NA	1	0	0	0
2	119096720	2_119096720_T_G	T	G	8421	7880	8372	7880	0	0	NA	0	0	0	0
2	119574230	2_119574230_A_T	A	T	7634	6860	7594	6860	0	0	NA	0	0	0	0
2	125678325	2_125678325_G_A	G	A	6928	6428	6899	6428	0	0	NA	0	0	0	0
2	135010905	2_135010905_T_G	T	G	8103	7150	8059	7150	0	0	NA	1	0	0	0
2	135049861	2_135049861_A_T	A	T	7151	6665	7126	6665	0	0	NA	1	0	0	0
2	136322249	2_136322249_A_G	A	G	7608	7224	7575	7224	0	0	NA	3	0	0	0
2	145500960	2_145500960_A_C	A	C	7378	6949	7339	6949	0	0	NA	0	0	0	0
2	157342229	2_157342229_C_G	C	G	7816	7414	7778	7414	0	0	NA	0	0	0	0
2	173365508	2_173365508_T_A	T	A	6809	6248	6781	6248	0	0	NA	0	0	0	0
2	179742624	2_179742624_G_T	G	T	6953	6513	6915	6513	0	0	NA	0	0	0	0
2	184846666	2_184846666_A_G	A	G	4073	3939	4056	3939	0	0	NA	0	0	0	0
2	186908597	2_186908597_G_T	G	T	3490	3362	3476	3362	0	0	NA	0	0	0	0
2	194993992	2_194993992_C_A	C	A	5958	5447	5930	5447	0	0	NA	0	0	0	0
2	200695678	2_200695678_C_T	C	T	8657	7477	8610	7477	0	0	NA	3	1	1	1
2	203864159	2_203864159_G_T	G	T	8139	7222	8103	7222	0	0	NA	1	0	0	0
2	204681104	2_204681104_T_G	T	G	8019	7307	7978	7307	0	0	NA	1	0	0	0
2	208737008	2_208737008_G_T	G	T	7752	7101	7710	7101	0	0	NA	0	0	0	0
2	215054991	2_215054991_G_T	G	T	7063	6586	7031	6586	0	0	NA	0	0	0	0
2	216975141	2_216975141_C_A	C	A	7723	6900	7678	6900	0	0	NA	0	0	0	0
2	217925018	2_217925018_C_T	C	T	7154	6541	7132	6541	0	0	NA	0	0	0	0
2	218863275	2_218863275_G_T	G	T	7961	7054	7914	7054	0	0	NA	1	0	0	0
2	219812673	2_219812673_C_T	C	T	6396	5772	6346	5772	0	0	NA	1	0	0	0
2	222312053	2_222312053_G_T	G	T	7095	6484	7030	6484	0	0	NA	1	0	0	0
2	230205280	2_230205280_C_T	C	T	6881	6157	6846	6157	0	0	NA	0	0	0	0
2	231278347	2_231278347_A_C	A	C	6839	6065	6794	6065	0	0	NA	1	0	0	0
2	233321656	2_233321656_G_T	G	T	6942	6212	6899	6212	0	0	NA	2	0	0	0
2	236509665	2_236509665_C_A	C	A	7891	6876	7862	6876	0	0	NA	0	0	0	0
2	236599305	2_236599305_G_A	G	A	7666	6852	7616	6852	0	0	NA	3	0	0	0
2	242409331	2_242409331_G_T	G	T	6872	6094	6808	6094	0	0	NA	2	0	0	0
3	3042742	3_3042742_C_A	C	A	6699	6190	6650	6190	0	0	NA	1	1	1	1
3	7620997	3_7620997_C_A	C	A	7741	6886	7696	6886	0	0	NA	0	1	0	0
3	10901554	3_10901554_C_T	C	T	7464	7066	7425	7066	0	0	NA	0	0	0	0
3	11064382	3_11064382_G_A	G	A	7278	6576	7228	6576	0	0	NA	1	0	0	0
3	12024640	3_12024640_G_T	G	T	6438	5956	6416	5956	0	0	NA	1	0	0	0
3	21267808	3_21267808_C_A	C	A	6770	6083	6741	6083	0	0	NA	1	0	0	0
3	26305438	3_26305438_T_C	T	C	7281	6661	3795	3499	3437	3162	NA	9	6074	5603	5603
3	27750417	3_27750417_C_T	C	T	7936	7332	7892	7332	0	0	NA	0	0	0	0
3	31762912	3_31762912_T_A	T	A	8736	7912	8711	7912	0	0	NA	0	0	0	0
3	41279648	3_41279648_C_A	C	A	7402	6649	7373	6649	0	0	NA	0	0	0	0
3	41439463	3_41439463_G_T	G	T	7657	6968	7604	6968	0	0	NA	0	0	0	0
3	44596365	3_44596365_C_T	C	T	8047	7098	7987	7098	0	0	NA	1	0	0	0
3	46450029	3_46450029_C_T	C	T	6984	6344	6948	6344	0	0	NA	0	0	0	0
3	46949941	3_46949941_G_T	G	T	6601	5989	6562	5989	0	0	NA	0	1	1	1
3	47450870	3_47450870_C_A	C	A	7228	6434	7192	6434	0	0	NA	0	0	0	0
3	50138345	3_50138345_C_A	C	A	6144	5807	6087	5807	0	0	NA	3	0	0	0
3	53624309	3_53624309_T_A	T	A	7668	7178	7607	7178	0	0	NA	0	0	0	0
3	55466307	3_55466307_A_G	A	G	7980	7274	7951	7273	1	1	NA	0	1	1	1
3	63731485	3_63731485_T_A	T	A	8343	7588	8311	7588	0	0	NA	1	0	0	0
3	65420729	3_65420729_C_T	C	T	7183	6596	7146	6596	0	0	NA	0	0	0	0
3	65519265	3_65519265_G_A	G	A	6462	5931	6398	5931	0	0	NA	1	0	0	0
3	65995263	3_65995263_A_T	A	T	7424	6983	7372	6983	0	0	NA	1	0	0	0
3	68251329	3_68251329_C_G	C	G	7355	6515	7304	6515	0	0	NA	0	0	0	0
3	71513783	3_71513783_T_A	T	A	7650	6872	7598	6872	0	0	NA	1	0	0	0
3	73762472	3_73762472_T_G	T	G	6941	6348	6917	6348	0	0	NA	1	0	0	0
3	80388123	3_80388123_G_T	G	T	7620	6750	7576	6750	0	0	NA	0	0	0	0
3	80974264	3_80974264_A_C	A	C	7648	6933	7601	6933	0	0	NA	1	0	0	0
3	84714814	3_84714814_A_G	A	G	6531	6011	6509	6011	0	0	NA	1	0	0	0
3	94150654	3_94150654_A_C	A	C	6874	6292	6840	6292	0	0	NA	0	0	0	0
3	108219048	3_108219048_G_A	G	A	6936	6299	6883	6299	0	0	NA	3	0	0	0
3	114409332	3_114409332_C_T	C	T	7960	7358	7925	7358	0	0	NA	0	0	0	0
3	114814525	3_114814525_T_C	T	C	7578	7109	7548	7109	0	0	NA	0	0	0	0
3	115327929	3_115327929_A_G	A	G	7727	7023	7692	7023	0	0	NA	0	0	0	0
3	118664730	3_118664730_G_T	G	T	7524	6994	7482	6994	0	0	NA	0	0	0	0
3	118751695	3_118751695_C_T	C	T	8890	7737	8854	7737	0	0	NA	1	0	0	0
3	145681371	3_145681371_G_A	G	A	7839	6874	7787	6874	0	0	NA	1	0	0	0
3	147518321	3_147518321_C_T	C	T	8130	7321	8081	7321	0	0	NA	2	0	0	0
3	162200008	3_162200008_T_A	T	A	7112	6538	7086	6537	1	1	NA	0	1	1	1
3	163278807	3_163278807_C_A	C	A	8101	7329	8055	7329	0	0	NA	2	0	0	0
3	165405573	3_165405573_C_A	C	A	8397	7694	8357	7694	0	0	NA	1	0	0	0
3	170074186	3_170074186_T_G	T	G	7085	6241	7056	6241	0	0	NA	1	0	0	0
3	173376612	3_173376612_C_A	C	A	7833	7199	7780	7199	0	0	NA	1	0	0	0
3	179728708	3_179728708_C_A	C	A	6353	6021	6311	6021	0	0	NA	0	0	0	0
3	182154406	3_182154406_C_A	C	A	8275	7347	8233	7347	0	0	NA	0	0	0	0
3	189031775	3_189031775_C_T	C	T	6606	6257	6547	6257	0	0	NA	3	1	1	1
3	191718752	3_191718752_G_T	G	T	7002	6635	6980	6635	0	0	NA	1	0	0	0
3	193765225	3_193765225_G_A	G	A	8813	7749	8754	7749	0	0	NA	1	0	0	0
4	5146904	4_5146904_C_G	C	G	7287	6832	7230	6832	0	0	NA	0	0	0	0
4	6454501	4_6454501_C_A	C	A	7246	6563	7206	6563	0	0	NA	0	0	0	0
4	8560715	4_8560715_T_G	T	G	7384	6424	7284	6424	0	0	NA	3	0	0	0
4	10371038	4_10371038_G_T	G	T	8724	7235	8680	7235	0	0	NA	0	0	0	0
4	16807187	4_16807187_C_T	C	T	7738	7032	7687	7032	0	0	NA	1	0	0	0
4	18944078	4_18944078_C_T	C	T	8187	7441	8127	7441	0	0	NA	0	0	0	0
4	20668621	4_20668621_G_T	G	T	4204	3789	4165	3789	0	0	NA	0	0	0	0
4	22990793	4_22990793_G_T	G	T	7489	6770	7449	6770	0	0	NA	0	0	0	0
4	28190280	4_28190280_G_T	G	T	7827	7035	7781	7035	0	0	NA	0	2	1	1
4	30330112	4_30330112_G_T	G	T	8395	7325	8349	7325	0	0	NA	1	0	0	0
4	32591125	4_32591125_T_A	T	A	8218	7595	8169	7595	0	0	NA	0	0	0	0
4	33016232	4_33016232_G_A	G	A	7389	6643	7347	6643	0	0	NA	2	0	0	0
4	46789871	4_46789871_T_A	T	A	7571	6837	7521	6836	1	1	NA	1	1	1	1
4	47384364	4_47384364_G_C	G	C	7367	6741	7324	6741	0	0	NA	0	0	0	0
4	47506368	4_47506368_G_A	G	A	7868	7217	7810	7217	0	0	NA	3	0	0	0
4	52922055	4_52922055_G_A	G	A	7285	6620	7213	6620	0	0	NA	1	0	0	0
4	58585703	4_58585703_C_A	C	A	6070	5450	6014	5450	0	0	NA	0	0	0	0
4	62263050	4_62263050_C_A	C	A	7369	6805	7326	6805	0	0	NA	1	0	0	0
4	69972036	4_69972036_T_A	T	A	7952	7339	7918	7339	0	0	NA	0	0	0	0
4	72332831	4_72332831_T_G	T	G	7447	6666	7413	6666	0	0	NA	0	0	0	0
4	79241301	4_79241301_G_T	G	T	8316	7620	8267	7620	0	0	NA	0	0	0	0
4	83518052	4_83518052_G_A	G	A	7317	6679	7252	6679	0	0	NA	4	0	0	0
4	86043168	4_86043168_T_C	T	C	7511	6808	3968	3645	3484	3163	NA	6	6175	5639	5639
4	86441426	4_86441426_T_A	T	A	8049	7231	7978	7231	0	0	NA	0	0	0	0
4	95693311	4_95693311_A_G	A	G	7750	6961	7715	6961	0	0	NA	2	0	0	0
4	99692429	4_99692429_C_A	C	A	7147	6627	7099	6627	0	0	NA	1	0	0	0
4	101251769	4_101251769_C_G	C	G	5716	5345	5683	5345	0	0	NA	0	0	0	0
4	115076888	4_115076888_T_C	T	C	6876	6621	6844	6621	0	0	NA	0	0	0	0
4	118635047	4_118635047_T_A	T	A	5664	5037	5642	5037	0	0	NA	2	0	0	0
4	134130048	4_134130048_A_T	A	T	7986	7265	7950	7265	0	0	NA	0	0	0	0
4	140968506	4_140968506_G_C	G	C	6955	6187	6932	6187	0	0	NA	0	0	0	0
4	146267970	4_146267970_G_A	G	A	6478	5696	6428	5696	0	0	NA	1	2	1	1
4	148466779	4_148466779_G_T	G	T	7662	7160	7620	7160	0	0	NA	1	0	0	0
4	160602003	4_160602003_T_G	T	G	7827	7069	7797	7069	0	0	NA	0	0	0	0
4	162244041	4_162244041_C_A	C	A	7098	6539	7054	6539	0	0	NA	1	0	0	0
4	170520368	4_170520368_C_T	C	T	6438	6135	6403	6135	0	0	NA	2	0	0	0
4	177028191	4_177028191_A_T	A	T	6876	6507	6847	6507	0	0	NA	0	0	0	0
4	178383508	4_178383508_G_T	G	T	7446	6833	7407	6833	0	0	NA	1	0	0	0
4	184294418	4_184294418_C_T	C	T	7902	6929	7859	6929	0	0	NA	1	0	0	0
4	184461623	4_184461623_T_G	T	G	1755	1396	1739	1396	0	0	NA	0	0	0	0
4	184800359	4_184800359_C_T	C	T	7575	6926	7544	6926	0	0	NA	1	0	0	0
4	187275838	4_187275838_G_T	G	T	7534	7004	7511	7004	0	0	NA	0	1	1	1
4	190754449	4_190754449_C_T	C	T	7463	6571	7416	6571	0	0	NA	1	1	1	1
5	943595	5_943595_A_C	A	C	7910	6928	7836	6928	0	0	NA	0	0	0	0
5	1777334	5_1777334_G_A	G	A	7549	6799	7510	6799	0	0	NA	0	1	1	1
5	3373910	5_3373910_C_A	C	A	7844	6711	7785	6711	1	0	NA	1	1	0	0
5	3388455	5_3388455_G_C	G	C	6494	5779	6446	5779	0	0	NA	0	0	0	0
5	3751252	5_3751252_G_A	G	A	6980	6414	6938	6414	0	0	NA	2	0	0	0
5	5710750	5_5710750_C_A	C	A	8521	7504	8474	7504	0	0	NA	1	0	0	0
5	12243435	5_12243435_A_T	A	T	7349	6871	7314	6871	0	0	NA	1	0	0	0
5	22978073	5_22978073_C_A	C	A	7527	6929	7467	6929	0	0	NA	0	0	0	0
5	24848887	5_24848887_T_C	T	C	7921	7179	7890	7179	0	0	NA	0	0	0	0
5	26488291	5_26488291_A_G	A	G	8977	7886	8931	7886	0	0	NA	0	0	0	0
5	29013188	5_29013188_A_G	A	G	7347	6597	7309	6597	0	0	NA	1	0	0	0
5	29511947	5_29511947_C_T	C	T	7541	7040	7488	7040	0	0	NA	0	0	0	0
5	39361769	5_39361769_T_A	T	A	7573	6753	7538	6753	0	0	NA	0	0	0	0
5	56665504	5_56665504_A_G	A	G	7705	7250	7674	7250	0	0	NA	0	0	0	0
5	65642503	5_65642503_A_C	A	C	8162	7351	8126	7351	0	0	NA	1	0	0	0
5	77001363	5_77001363_C_A	C	A	6999	6539	6952	6539	0	0	NA	0	1	1	1
5	80244156	5_80244156_C_A	C	A	6684	6269	6629	6269	0	0	NA	0	0	0	0
5	87387030	5_87387030_C_A	C	A	7194	6683	7151	6683	0	0	NA	0	0	0	0
5	87832738	5_87832738_C_A	C	A	8121	7446	8078	7446	0	0	NA	0	0	0	0
5	89236136	5_89236136_C_T	C	T	7048	6602	6981	6602	0	0	NA	0	0	0	0
5	101373350	5_101373350_G_A	G	A	6960	6365	6921	6365	0	0	NA	0	0	0	0
5	104358129	5_104358129_A_G	A	G	7313	6874	7275	6874	0	0	NA	2	0	0	0
5	110034627	5_110034627_T_C	T	C	6335	5951	6308	5951	0	0	NA	0	0	0	0
5	119334885	5_119334885_T_A	T	A	7520	6892	7474	6892	0	0	NA	0	1	0	0
5	129684817	5_129684817_C_A	C	A	3673	3435	3656	3435	0	0	NA	2	0	0	0
5	130291249	5_130291249_G_T	G	T	4737	4548	4713	4548	0	0	NA	0	0	0	0
5	131335958	5_131335958_G_A	G	A	7758	7005	7732	7005	0	0	NA	3	0	0	0
5	131394828	5_131394828_C_A	C	A	7795	7082	7764	7082	0	0	NA	0	0	0	0
5	134384217	5_134384217_T_C	T	C	7228	6659	7179	6659	0	0	NA	1	0	0	0
5	135028544	5_135028544_G_T	G	T	9051	7953	8986	7953	0	0	NA	3	0	0	0
5	136548823	5_136548823_G_T	G	T	6979	6562	6936	6562	0	0	NA	1	0	0	0
5	138243216	5_138243216_G_T	G	T	7125	6509	7089	6509	0	0	NA	1	0	0	0
5	146841472	5_146841472_C_A	C	A	7591	6911	3937	3585	3607	3326	NA	3	6244	5795	5795
5	149675245	5_149675245_A_C	A	C	7120	6566	7082	6566	0	0	NA	1	0	0	0
5	151654454	5_151654454_G_A	G	A	7421	6762	7387	6762	0	0	NA	1	1	1	1
5	152118334	5_152118334_G_T	G	T	7549	6804	7509	6804	0	0	NA	0	0	0	0
5	153860878	5_153860878_A_C	A	C	4009	3816	3983	3816	0	0	NA	3	0	0	0
5	155219100	5_155219100_C_G	C	G	8449	7462	8396	7462	0	0	NA	1	0	0	0
5	158881544	5_158881544_T_A	T	A	7226	6832	7180	6832	0	0	NA	1	0	0	0
5	163434675	5_163434675_A_G	A	G	8112	7275	8091	7275	0	0	NA	2	0	0	0
5	163924808	5_163924808_A_G	A	G	8616	7586	8582	7586	0	0	NA	2	0	0	0
5	165705468	5_165705468_T_C	T	C	7470	7088	7432	7088	0	0	NA	0	0	0	0
5	165737180	5_165737180_T_A	T	A	6892	6409	6881	6409	0	0	NA	0	0	0	0
5	166871754	5_166871754_C_T	C	T	7548	6882	7476	6882	0	0	NA	5	0	0	0
5	167332502	5_167332502_G_T	G	T	8361	7472	8316	7472	0	0	NA	0	0	0	0
5	172015932	5_172015932_T_C	T	C	6417	5805	6384	5805	0	0	NA	1	0	0	0
5	173729486	5_173729486_G_C	G	C	8482	7493	8393	7493	0	0	NA	0	0	0	0
5	176316956	5_176316956_A_C	A	C	7129	6173	7030	6173	0	0	NA	3	0	0	0
5	178115866	5_178115866_T_C	T	C	7442	7113	7405	7113	0	0	NA	0	0	0	0
6	316460	6_316460_T_A	T	A	9737	8778	9698	8778	0	0	NA	0	0	0	0
6	765711	6_765711_C_T	C	T	7249	6271	7196	6271	0	0	NA	2	0	0	0
6	988688	6_988688_G_T	G	T	5664	5220	5625	5220	0	0	NA	0	0	0	0
6	2752860	6_2752860_G_T	G	T	8544	7630	8515	7630	0	0	NA	2	0	0	0
6	7085224	6_7085224_C_T	C	T	5852	5261	5767	5261	0	0	NA	5	1	1	1
6	7180927	6_7180927_G_T	G	T	7650	6934	7604	6934	0	0	NA	2	0	0	0
6	8391853	6_8391853_A_C	A	C	7805	7106	7771	7106	0	0	NA	0	0	0	0
6	8533298	6_8533298_C_A	C	A	8003	7177	7963	7177	0	0	NA	1	0	0	0
6	9188986	6_9188986_C_A	C	A	7617	6724	7561	6724	0	0	NA	1	1	1	1
6	20401337	6_20401337_C_A	C	A	6814	6219	6779	6219	0	0	NA	3	0	0	0
6	20542965	6_20542965_G_C	G	C	7387	6788	7330	6788	0	0	NA	0	0	0	0
6	22303031	6_22303031_G_T	G	T	8138	7519	8106	7519	0	0	NA	1	0	0	0
6	33607723	6_33607723_C_A	C	A	6925	6578	6896	6578	0	0	NA	0	0	0	0
6	35697580	6_35697580_C_A	C	A	8108	7555	8078	7555	0	0	NA	1	0	0	0
6	37543616	6_37543616_G_T	G	T	4510	4327	4486	4327	0	0	NA	0	0	0	0
6	37631614	6_37631614_A_C	A	C	8074	7072	7993	7072	0	0	NA	1	0	0	0
6	38308799	6_38308799_C_T	C	T	7533	6899	7495	6898	1	1	NA	0	3	3	3
6	38605902	6_38605902_C_T	C	T	6537	6251	6506	6251	0	0	NA	0	0	0	0
6	39280874	6_39280874_A_T	A	T	7293	6229	7215	6229	0	0	NA	1	0	0	0
6	40164905	6_40164905_T_G	T	G	6862	6405	6830	6405	0	0	NA	0	0	0	0
6	40214093	6_40214093_A_T	A	T	6962	6502	6919	6502	0	0	NA	0	0	0	0
6	40277944	6_40277944_C_T	C	T	7362	6667	7307	6667	0	0	NA	1	0	0	0
6	43229858	6_43229858_G_T	G	T	7658	6972	7589	6972	0	0	NA	0	0	0	0
6	43480931	6_43480931_C_A	C	A	8037	6988	7947	6988	0	0	NA	1	1	1	1
6	45790385	6_45790385_G_T	G	T	7607	6989	7565	6989	0	0	NA	0	0	0	0
6	45809418	6_45809418_A_C	A	C	7266	6399	7219	6399	0	0	NA	0	0	0	0
6	46002670	6_46002670_C_A	C	A	7697	7173	7672	7173	0	0	NA	0	0	0	0
6	51544265	6_51544265_G_T	G	T	4719	4001	4693	4001	0	0	NA	1	0	0	0
6	52418969	6_52418969_T_A	T	A	7509	6673	7471	6673	0	0	NA	1	0	0	0
6	52736874	6_52736874_G_T	G	T	7156	6760	7118	6760	0	0	NA	2	0	0	0
6	56051919	6_56051919_C_T	C	T	8144	7449	8085	7449	0	0	NA	1	0	0	0
6	67625504	6_67625504_C_T	C	T	7179	6486	7119	6486	0	0	NA	4	1	1	1
6	68881541	6_68881541_C_A	C	A	4687	4460	4656	4460	0	0	NA	1	0	0	0
6	69344398	6_69344398_G_T	G	T	7177	6308	7125	6308	0	0	NA	2	0	0	0
6	77242996	6_77242996_G_A	G	A	7486	6619	7459	6619	0	0	NA	1	0	0	0
6	86863962	6_86863962_A_T	A	T	9008	7875	8956	7875	0	0	NA	0	0	0	0
6	91521218	6_91521218_A_G	A	G	6496	6125	6472	6125	0	0	NA	1	0	0	0
6	93503092	6_93503092_T_G	T	G	7789	7147	7750	7147	0	0	NA	1	0	0	0
6	96773372	6_96773372_T_C	T	C	6745	6436	6727	6436	0	0	NA	1	0	0	0
6	97879258	6_97879258_G_A	G	A	8045	7235	8014	7235	0	0	NA	0	0	0	0
6	98766794	6_98766794_G_T	G	T	8102	7452	8062	7452	0	0	NA	0	0	0	0
6	100700058	6_100700058_A_C	A	C	5759	5344	5744	5344	0	0	NA	0	0	0	0
6	103543522	6_103543522_G_T	G	T	6325	5746	6290	5746	0	0	NA	0	0	0	0
6	104121961	6_104121961_T_A	T	A	7442	7008	7399	7008	0	0	NA	1	0	0	0
6	106176585	6_106176585_A_C	A	C	7935	7221	7902	7221	0	0	NA	0	0	0	0
6	108409877	6_108409877_T_C	T	C	8614	7691	8577	7691	0	0	NA	0	0	0	0
6	108754117	6_108754117_G_T	G	T	6247	5712	6200	5712	0	0	NA	3	0	0	0
6	118283796	6_118283796_C_T	C	T	7999	7214	7950	7213	1	1	NA	2	2	2	2
6	145729553	6_145729553_C_T	C	T	8046	7196	8011	7196	0	0	NA	2	0	0	0
6	148906361	6_148906361_T_A	T	A	7621	6921	7588	6921	0	0	NA	0	0	0	0
6	150256794	6_150256794_G_T	G	T	7658	6880	7604	6880	0	0	NA	2	0	0	0
6	154111312	6_154111312_G_T	G	T	7540	6683	7506	6683	0	0	NA	1	0	0	0
6	154615563	6_154615563_A_T	A	T	7268	6628	7231	6628	0	0	NA	0	0	0	0
6	154727552	6_154727552_G_A	G	A	7246	6313	7213	6313	0	0	NA	0	0	0	0
6	158109073	6_158109073_T_A	T	A	7331	6469	7276	6469	0	0	NA	2	0	0	0
6	162931768	6_162931768_A_T	A	T	7975	6901	7949	6901	0	0	NA	0	0	0	0
6	166130485	6_166130485_T_G	T	G	7594	7040	7559	7040	0	0	NA	1	0	0	0
6	166239295	6_166239295_C_G	C	G	7961	7195	7922	7195	0	0	NA	0	0	0	0
6	167334849	6_167334849_C_T	C	T	6780	6268	6725	6268	0	0	NA	0	1	0	0
7	4250682	7_4250682_G_A	G	A	7875	6774	7827	6774	0	0	NA	1	0	0	0
7	4305708	7_4305708_C_A	C	A	7818	6790	7777	6790	0	0	NA	0	0	0	0
7	4571387	7_4571387_T_C	T	C	7448	6829	7393	6829	0	0	NA	1	0	0	0
7	7316915	7_7316915_G_T	G	T	6307	5671	6243	5671	0	0	NA	1	1	0	0
7	9134153	7_9134153_G_C	G	C	6600	6117	6552	6117	0	0	NA	0	0	0	0
7	14603783	7_14603783_G_T	G	T	7184	6459	7139	6459	0	0	NA	0	0	0	0
7	17294970	7_17294970_G_T	G	T	7314	6811	7262	6811	0	0	NA	2	1	0	0
7	18782678	7_18782678_C_T	C	T	6845	6273	6789	6273	0	0	NA	5	0	0	0
7	22435049	7_22435049_C_A	C	A	7471	6821	7433	6821	0	0	NA	0	0	0	0
7	22594551	7_22594551_C_A	C	A	7312	6857	7255	6857	0	0	NA	0	0	0	0
7	26195365	7_26195365_G_A	G	A	7228	6527	7199	6527	0	0	NA	0	0	0	0
7	29050608	7_29050608_C_T	C	T	7060	6699	7019	6699	0	0	NA	0	0	0	0
7	31015260	7_31015260_T_G	T	G	7784	6759	7734	6759	0	0	NA	0	0	0	0
7	34939532	7_34939532_C_T	C	T	7190	6437	7160	6437	0	0	NA	0	0	0	0
7	38363524	7_38363524_A_C	A	C	6244	5584	6213	5584	0	0	NA	0	0	0	0
7	38642566	7_38642566_T_A	T	A	7214	6407	7160	6407	0	0	NA	0	0	0	0
7	41540519	7_41540519_C_T	C	T	7918	7208	7861	7208	0	0	NA	1	0	0	0
7	43240748	7_43240748_G_T	G	T	7344	6561	7299	6561	0	0	NA	1	0	0	0
7	54198565	7_54198565_G_T	G	T	7804	7035	7763	7035	0	0	NA	3	0	0	0
7	55228007	7_55228007_A_T	A	T	6779	6233	6738	6233	0	0	NA	1	0	0	0
7	64363752	7_64363752_G_T	G	T	7140	6494	7111	6494	0	0	NA	0	0	0	0
7	68674536	7_68674536_C_T	C	T	7865	7063	7822	7063	0	0	NA	2	0	0	0
7	70599601	7_70599601_C_A	C	A	8144	7167	8077	7167	0	0	NA	0	0	0	0
7	71091718	7_71091718_G_T	G	T	7888	7298	7844	7298	0	0	NA	0	0	0	0
7	72901618	7_72901618_C_T	C	T	7528	6884	7470	6884	0	0	NA	3	2	1	1
7	73940951	7_73940951_C_T	C	T	7128	6385	7065	6385	0	0	NA	0	0	0	0
7	89565420	7_89565420_T_A	T	A	8503	7352	8461	7352	0	0	NA	0	0	0	0
7	94687912	7_94687912_A_G	A	G	8044	7239	8011	7239	0	0	NA	0	0	0	0
7	96034313	7_96034313_G_A	G	A	7213	6533	7172	6533	0	0	NA	4	1	1	1
7	104414108	7_104414108_G_A	G	A	6817	6228	6769	6228	0	0	NA	2	0	0	0
7	105503110	7_105503110_C_G	C	G	6988	6515	6955	6515	0	0	NA	0	0	0	0
7	126698741	7_126698741_A_G	A	G	6358	5949	6334	5949	0	0	NA	1	0	0	0
7	126948531	7_126948531_C_T	C	T	7593	6800	7518	6800	0	0	NA	0	1	0	0
7	127797564	7_127797564_C_A	C	A	7324	6643	7271	6643	0	0	NA	0	0	0	0
7	130581196	7_130581196_A_G	A	G	7968	7207	7939	7207	0	0	NA	1	0	0	0
7	132351885	7_132351885_T_G	T	G	7592	6680	7553	6680	0	0	NA	0	0	0	0
7	133118033	7_133118033_A_T	A	T	7108	6505	7066	6505	0	0	NA	1	0	0	0
7	137001936	7_137001936_G_T	G	T	7529	6860	7480	6860	0	0	NA	0	0	0	0
7	137897208	7_137897208_T_G	T	G	6612	6012	6543	6012	0	0	NA	0	0	0	0
7	142576603	7_142576603_G_T	G	T	7402	6613	7367	6613	0	0	NA	0	0	0	0
7	151824820	7_151824820_A_G	A	G	7734	7081	7710	7081	0	0	NA	1	0	0	0
7	156028246	7_156028246_C_A	C	A	6356	5750	6314	5750	0	0	NA	2	0	0	0
7	156188031	7_156188031_G_T	G	T	7153	6562	7108	6562	0	0	NA	1	0	0	0
7	157161826	7_157161826_G_T	G	T	7917	6866	7885	6866	0	0	NA	0	0	0	0
8	436684	8_436684_T_C	T	C	7142	6358	7119	6358	0	0	NA	0	0	0	0
8	2386562	8_2386562_C_T	C	T	8300	7336	8244	7335	1	1	NA	2	2	2	2
8	5985737	8_5985737_G_T	G	T	8110	6951	8066	6950	1	1	NA	3	2	2	2
8	9204880	8_9204880_A_T	A	T	5117	4726	5097	4726	0	0	NA	0	0	0	0
8	11602342	8_11602342_C_T	C	T	7368	6790	7304	6790	0	0	NA	1	0	0	0
8	12861991	8_12861991_C_T	C	T	7603	6940	7554	6940	0	0	NA	2	0	0	0
8	14137040	8_14137040_A_C	A	C	6883	6323	6839	6323	0	0	NA	0	0	0	0
8	19745880	8_19745880_A_T	A	T	7348	6677	7324	6677	0	0	NA	0	0	0	0
8	24815023	8_24815023_C_A	C	A	8130	7104	8087	7104	0	0	NA	0	0	0	0
8	25985150	8_25985150_T_C	T	C	6966	6504	6948	6504	0	0	NA	0	0	0	0
8	36565168	8_36565168_G_A	G	A	7411	6858	7344	6858	0	0	NA	1	0	0	0
8	41506667	8_41506667_G_T	G	T	7368	6539	7322	6539	0	0	NA	1	0	0	0
8	48046219	8_48046219_C_A	C	A	5851	5434	5829	5434	0	0	NA	1	0	0	0
8	56472926	8_56472926_G_A	G	A	8571	7630	8482	7630	0	0	NA	8	0	0	0
8	62059369	8_62059369_G_C	G	C	8234	7228	8174	7228	0	0	NA	0	0	0	0
8	63002949	8_63002949_T_C	T	C	6332	5921	6300	5921	0	0	NA	0	0	0	0
8	65214913	8_65214913_G_T	G	T	7399	6858	7351	6858	0	0	NA	2	0	0	0
8	73796732	8_73796732_C_A	C	A	7488	7088	7451	7088	0	0	NA	1	0	0	0
8	74269563	8_74269563_G_A	G	A	7967	6758	7924	6758	0	0	NA	0	0	0	0
8	75566391	8_75566391_T_A	T	A	7796	7083	7765	7083	0	0	NA	0	0	0	0
8	76520702	8_76520702_G_T	G	T	7122	6680	7082	6680	0	0	NA	1	0	0	0
8	76709869	8_76709869_C_T	C	T	8101	7289	8002	7289	0	0	NA	3	0	0	0
8	87564540	8_87564540_T_C	T	C	7292	6515	7258	6515	0	0	NA	0	0	0	0
8	98850614	8_98850614_G_A	G	A	7067	6419	7026	6419	0	0	NA	0	0	0	0
8	101558517	8_101558517_T_G	T	G	7391	6602	7363	6602	0	0	NA	0	0	0	0
8	101609040	8_101609040_A_C	A	C	6235	5631	6210	5631	0	0	NA	0	0	0	0
8	103026992	8_103026992_T_A	T	A	6049	5548	6018	5548	0	0	NA	1	0	0	0
8	104914763	8_104914763_G_A	G	A	7309	6612	7264	6612	0	0	NA	0	0	0	0
8	112929463	8_112929463_A_T	A	T	8013	7278	7967	7277	1	1	NA	0	1	1	1
8	113147776	8_113147776_C_A	C	A	7326	6576	7300	6576	0	0	NA	0	0	0	0
8	124031192	8_124031192_C_A	C	A	6757	6042	6703	6042	0	0	NA	2	0	0	0
8	125127331	8_125127331_C_A	C	A	7180	6379	7138	6379	0	0	NA	1	0	0	0
8	131040552	8_131040552_A_T	A	T	8096	7129	8063	7129	0	0	NA	1	0	0	0
8	143947299	8_143947299_C_A	C	A	6665	6020	6638	6020	0	0	NA	0	0	0	0
8	144870040	8_144870040_T_A	T	A	7513	6155	7494	6155	0	0	NA	0	0	0	0
8	145123078	8_145123078_C_A	C	A	7799	7074	7751	7074	0	0	NA	0	0	0	0
9	832214	9_832214_A_T	A	T	7559	6722	7511	6722	0	0	NA	0	0	0	0
9	12704306	9_12704306_A_T	A	T	7372	6887	7335	6887	0	0	NA	0	0	0	0
9	13649016	9_13649016_G_A	G	A	6862	6342	6832	6342	0	0	NA	2	0	0	0
9	14919592	9_14919592_T_C	T	C	8461	7692	8419	7692	0	0	NA	1	0	0	0
9	15635326	9_15635326_G_T	G	T	6603	6218	6565	6218	0	0	NA	0	0	0	0
9	25410106	9_25410106_C_A	C	A	7670	7105	7640	7105	0	0	NA	1	0	0	0
9	34491563	9_34491563_G_T	G	T	6643	6091	6597	6091	0	0	NA	2	0	0	0
9	35826257	9_35826257_T_G	T	G	7325	6549	7261	6549	0	0	NA	3	0	0	0
9	77205581	9_77205581_T_A	T	A	8403	7666	8358	7666	0	0	NA	1	0	0	0
9	81238715	9_81238715_A_G	A	G	7705	7155	7646	7155	0	0	NA	2	0	0	0
9	82441656	9_82441656_A_G	A	G	6724	6225	6697	6225	0	0	NA	0	0	0	0
9	83995887	9_83995887_A_C	A	C	7774	6922	7747	6922	0	0	NA	0	0	0	0
9	87873828	9_87873828_T_C	T	C	7347	6686	7303	6686	0	0	NA	0	0	0	0
9	89256772	9_89256772_T_A	T	A	7535	7014	7508	7014	0	0	NA	0	0	0	0
9	95632449	9_95632449_C_T	C	T	7108	6619	7072	6619	0	0	NA	1	0	0	0
9	104355753	9_104355753_T_C	T	C	8555	7722	8527	7722	0	0	NA	0	0	0	0
9	111355439	9_111355439_G_A	G	A	7979	7281	7926	7281	0	0	NA	0	0	0	0
9	119436779	9_119436779_A_C	A	C	8258	7504	8219	7504	0	0	NA	0	0	0	0
9	120248520	9_120248520_A_T	A	T	6861	6395	6801	6395	0	0	NA	0	0	0	0
9	121179903	9_121179903_T_A	T	A	6887	6233	6855	6233	0	0	NA	0	0	0	0
9	122507334	9_122507334_C_T	C	T	6960	6520	6909	6520	0	0	NA	0	0	0	0
9	125138056	9_125138056_G_A	G	A	7920	7104	7881	7104	0	0	NA	1	0	0	0
9	129211974	9_129211974_T_G	T	G	7286	6653	7258	6653	0	0	NA	0	0	0	0
9	130178106	9_130178106_T_C	T	C	8602	7707	8562	7707	0	0	NA	0	0	0	0
9	132436012	9_132436012_C_G	C	G	6162	4647	6138	4647	0	0	NA	0	0	0	0
9	133507676	9_133507676_C_T	C	T	6856	5955	3478	3066	3337	2889	NA	5	5843	5093	5093
9	139135681	9_139135681_T_A	T	A	7452	6837	7414	6837	0	0	NA	2	0	0	0
10	1464392	10_1464392_A_G	A	G	7132	6671	7103	6671	0	0	NA	0	0	0	0
10	2517008	10_2517008_G_A	G	A	6971	6345	6932	6345	0	0	NA	1	1	1	1
10	4297807	10_4297807_T_G	T	G	8323	7562	8282	7562	0	0	NA	1	0	0	0
10	7554625	10_7554625_A_T	A	T	8413	7430	8359	7430	0	0	NA	0	0	0	0
10	11402556	10_11402556_C_A	C	A	8267	7308	8213	7308	0	0	NA	0	0	0	0
10	15703265	10_15703265_C_A	C	A	6963	6377	6918	6377	0	0	NA	0	0	0	0
10	32574012	10_32574012_A_T	A	T	6200	5912	6168	5912	0	0	NA	0	0	0	0
10	34457239	10_34457239_C_T	C	T	8052	7395	7982	7395	0	0	NA	1	0	0	0
10	36596820	10_36596820_A_C	A	C	6841	6131	6802	6131	0	0	NA	0	0	0	0
10	38023378	10_38023378_T_C	T	C	8167	7294	8135	7294	0	0	NA	2	0	0	0
10	43777953	10_43777953_C_A	C	A	7202	6491	7152	6491	0	0	NA	3	0	0	0
10	50615169	10_50615169_G_A	G	A	6939	6405	6908	6405	0	0	NA	0	0	0	0
10	57079669	10_57079669_G_T	G	T	7524	6873	7491	6873	0	0	NA	2	0	0	0
10	67694706	10_67694706_G_T	G	T	7293	6579	7262	6579	0	0	NA	0	0	0	0
10	69968699	10_69968699_G_C	G	C	8454	7714	8413	7714	0	0	NA	0	0	0	0
10	72076218	10_72076218_G_T	G	T	8053	6945	8015	6945	0	0	NA	0	0	0	0
10	72435150	10_72435150_G_T	G	T	7118	6502	7056	6502	0	0	NA	1	0	0	0
10	76725387	10_76725387_T_G	T	G	6685	6245	6657	6245	0	0	NA	0	0	0	0
10	81257121	10_81257121_A_T	A	T	7186	6694	7145	6694	0	0	NA	0	0	0	0
10	85551072	10_85551072_C_A	C	A	8889	7722	8830	7722	0	0	NA	1	1	0	0
10	86893232	10_86893232_G_A	G	A	8805	7967	8741	7967	0	0	NA	0	0	0	0
10	87493037	10_87493037_C_A	C	A	7619	6785	7536	6785	0	0	NA	1	0	0	0
10	90134522	10_90134522_A_T	A	T	7156	6677	7121	6677	0	0	NA	1	0	0	0
10	106883276	10_106883276_A_G	A	G	5903	5670	5887	5670	0	0	NA	0	0	0	0
10	110090521	10_110090521_G_C	G	C	7775	7155	7729	7155	0	0	NA	0	0	0	0
10	112375534	10_112375534_T_C	T	C	7208	6746	7185	6746	0	0	NA	1	0	0	0
10	113740815	10_113740815_G_A	G	A	8231	7506	8087	7506	0	0	NA	15	0	0	0
10	118436676	10_118436676_C_A	C	A	6987	6244	6945	6244	0	0	NA	0	0	0	0
10	118441024	10_118441024_G_T	G	T	8598	7554	8554	7554	0	0	NA	0	0	0	0
10	122081825	10_122081825_G_T	G	T	7914	7270	7855	7270	0	0	NA	5	0	0	0
11	1094866	11_1094866_C_T	C	T	7515	6703	7483	6703	0	0	NA	2	0	0	0
11	1681081	11_1681081_A_T	A	T	6457	6050	6431	6050	0	0	NA	0	0	0	0
11	8759897	11_8759897_G_T	G	T	8320	7335	8264	7335	0	0	NA	2	0	0	0
11	10374795	11_10374795_A_G	A	G	7792	5173	7762	5173	1	0	NA	0	1	0	0
11	16516510	11_16516510_C_T	C	T	8013	6963	7938	6963	0	0	NA	1	0	0	0
11	16851936	11_16851936_G_A	G	A	8773	7728	8696	7728	0	0	NA	2	1	0	0
11	21129391	11_21129391_G_T	G	T	8248	7497	8220	7497	0	0	NA	1	0	0	0
11	21797616	11_21797616_A_T	A	T	7959	7043	7900	7043	0	0	NA	1	0	0	0
11	33803749	11_33803749_C_T	C	T	8292	7410	8237	7410	0	0	NA	0	1	0	0
11	35118675	11_35118675_A_T	A	T	8269	7411	8203	7411	0	0	NA	1	0	0	0
11	41957872	11_41957872_G_T	G	T	7992	7453	7953	7453	0	0	NA	2	0	0	0
11	45306212	11_45306212_C_T	C	T	6760	6121	6644	6121	0	0	NA	3	0	0	0
11	46690713	11_46690713_T_A	T	A	7203	6730	7165	6730	0	0	NA	1	0	0	0
11	48057597	11_48057597_C_A	C	A	7100	6666	7037	6666	0	0	NA	1	0	0	0
11	63300960	11_63300960_C_G	C	G	9098	7892	9034	7892	0	0	NA	0	0	0	0
11	63790268	11_63790268_A_C	A	C	5552	4905	2895	2584	2612	2321	NA	7	4992	4386	4386
11	65338414	11_65338414_G_T	G	T	7676	6719	7635	6719	0	0	NA	2	0	0	0
11	67075270	11_67075270_T_G	T	G	7218	6437	7092	6437	0	0	NA	3	0	0	0
11	67198865	11_67198865_C_G	C	G	6784	5981	6736	5981	0	0	NA	0	0	0	0
11	68024453	11_68024453_C_A	C	A	7709	6685	7660	6685	0	0	NA	0	0	0	0
11	70614837	11_70614837_T_G	T	G	7371	6768	7339	6768	0	0	NA	0	0	0	0
11	74970995	11_74970995_A_T	A	T	7344	6686	7313	6686	0	0	NA	0	0	0	0
11	76406784	11_76406784_G_T	G	T	8916	7764	8869	7764	0	0	NA	0	0	0	0
11	79378943	11_79378943_C_T	C	T	7932	7226	7897	7226	0	0	NA	1	0	0	0
11	80941350	11_80941350_C_T	C	T	8736	7858	8692	7858	0	0	NA	0	0	0	0
11	81323368	11_81323368_G_A	G	A	7504	6548	7461	6548	0	0	NA	2	0	0	0
11	92469364	11_92469364_G_T	G	T	8095	7100	8031	7100	0	0	NA	2	0	0	0
11	95238940	11_95238940_C_T	C	T	7416	6707	7355	6707	0	0	NA	0	0	0	0
11	97126608	11_97126608_C_A	C	A	7837	7147	7801	7147	0	0	NA	0	0	0	0
11	108852985	11_108852985_C_A	C	A	8703	7999	8664	7999	0	0	NA	0	0	0	0
11	110375934	11_110375934_A_C	A	C	7949	7175	7904	7175	0	0	NA	1	0	0	0
11	110396731	11_110396731_C_T	C	T	8602	7507	8554	7507	0	0	NA	2	0	0	0
11	110401701	11_110401701_C_A	C	A	7658	7002	7602	7002	0	0	NA	1	0	0	0
11	119048515	11_119048515_A_C	A	C	7379	6351	7312	6351	0	0	NA	1	0	0	0
11	121140047	11_121140047_C_G	C	G	7178	6634	7120	6634	0	0	NA	1	0	0	0
11	123528907	11_123528907_C_T	C	T	9000	8253	8955	8252	1	1	NA	1	1	1	1
11	123781478	11_123781478_G_A	G	A	8137	7180	8103	7180	0	0	NA	1	1	1	1
11	127743614	11_127743614_C_A	C	A	8239	7330	8187	7330	0	0	NA	1	0	0	0
11	130070929	11_130070929_T_G	T	G	7751	6877	7685	6877	0	0	NA	0	0	0	0
11	130737057	11_130737057_C_A	C	A	7904	7192	7864	7192	0	0	NA	0	0	0	0
11	134661683	11_134661683_G_A	G	A	7712	7151	7680	7151	0	0	NA	1	0	0	0
12	3845118	12_3845118_A_G	A	G	7749	6968	7715	6968	0	0	NA	1	0	0	0
12	10725413	12_10725413_G_T	G	T	4755	3271	4738	3271	0	0	NA	1	0	0	0
12	11894883	12_11894883_G_A	G	A	8093	7351	8040	7351	0	0	NA	0	0	0	0
12	29027052	12_29027052_T_A	T	A	7609	6954	7564	6954	0	0	NA	0	0	0	0
12	33635461	12_33635461_C_A	C	A	7256	6511	7219	6511	0	0	NA	1	0	0	0
12	38971009	12_38971009_G_C	G	C	7661	6956	7602	6956	0	0	NA	0	0	0	0
12	40966907	12_40966907_A_T	A	T	8265	7546	8228	7546	0	0	NA	1	0	0	0
12	60569560	12_60569560_G_C	G	C	6916	6412	6883	6412	0	0	NA	0	0	0	0
12	65267808	12_65267808_G_T	G	T	8822	7654	4498	3952	4282	3702	NA	5	7567	6517	6517
12	66577060	12_66577060_G_A	G	A	8034	7197	7958	7197	0	0	NA	2	1	1	1
12	72796337	12_72796337_C_T	C	T	6611	6158	6581	6158	0	0	NA	0	0	0	0
12	73723125	12_73723125_C_T	C	T	7845	7340	7816	7340	0	0	NA	0	0	0	0
12	82896613	12_82896613_T_G	T	G	8323	7484	8267	7484	0	0	NA	1	0	0	0
12	84467895	12_84467895_A_G	A	G	6516	6176	6492	6176	0	0	NA	1	0	0	0
12	84928421	12_84928421_C_T	C	T	7258	6899	7228	6897	2	2	NA	0	3	3	3
12	89214688	12_89214688_G_T	G	T	7436	7005	7390	7005	0	0	NA	1	0	0	0
12	103338770	12_103338770_A_C	A	C	7802	7000	7778	7000	0	0	NA	0	1	0	0
12	108450931	12_108450931_G_T	G	T	7247	6718	7210	6718	0	0	NA	1	0	0	0
12	111868119	12_111868119_C_T	C	T	7654	6570	7597	6570	0	0	NA	0	0	0	0
12	114226461	12_114226461_A_C	A	C	8238	7310	8167	7310	0	0	NA	0	0	0	0
12	119279185	12_119279185_C_A	C	A	7390	6976	7318	6976	0	0	NA	1	1	1	1
12	121130257	12_121130257_A_T	A	T	7595	6885	7571	6885	0	0	NA	2	0	0	0
12	121352759	12_121352759_A_G	A	G	8592	7645	8559	7645	0	0	NA	1	0	0	0
12	127502306	12_127502306_T_G	T	G	4097	2524	4077	2524	0	0	NA	2	0	0	0
12	128258229	12_128258229_A_T	A	T	8323	7139	8272	7139	0	0	NA	0	0	0	0
12	129611988	12_129611988_G_A	G	A	6967	6023	6911	6023	0	0	NA	3	1	1	1
12	131566072	12_131566072_G_T	G	T	7929	7500	7879	7500	0	0	NA	1	0	0	0
12	131814889	12_131814889_C_A	C	A	8354	7363	8311	7363	0	0	NA	0	0	0	0
12	131887304	12_131887304_C_A	C	A	8058	7074	8005	7074	0	0	NA	0	0	0	0
12	133297379	12_133297379_G_T	G	T	7159	6226	7125	6226	0	0	NA	1	0	0	0
12	133318009	12_133318009_T_A	T	A	7762	7085	7724	7085	0	0	NA	0	0	0	0
13	19898562	13_19898562_C_T	C	T	8298	7443	8232	7443	0	0	NA	2	0	0	0
13	20642465	13_20642465_C_A	C	A	7280	6657	7225	6657	0	0	NA	1	0	0	0
13	26533588	13_26533588_T_G	T	G	7613	7109	7572	7109	0	0	NA	0	0	0	0
13	26654413	13_26654413_C_A	C	A	8240	7466	8197	7466	0	0	NA	0	0	0	0
13	29437497	13_29437497_C_T	C	T	8186	7328	8149	7328	0	0	NA	0	0	0	0
13	31402714	13_31402714_A_C	A	C	7337	6808	7287	6808	0	0	NA	0	0	0	0
13	33615221	13_33615221_C_A	C	A	7269	6660	7223	6660	0	0	NA	1	0	0	0
13	35233933	13_35233933_C_A	C	A	8539	7540	8470	7540	0	0	NA	2	0	0	0
13	35385491	13_35385491_G_T	G	T	8405	7665	8368	7665	0	0	NA	0	0	0	0
13	37123729	13_37123729_G_T	G	T	8075	7208	8021	7208	0	0	NA	1	0	0	0
13	40851928	13_40851928_T_A	T	A	7734	7206	7700	7206	0	0	NA	0	0	0	0
13	47213890	13_47213890_A_T	A	T	7483	6878	7458	6878	0	0	NA	0	0	0	0
13	50991168	13_50991168_A_C	A	C	7723	6975	7671	6975	0	0	NA	0	0	0	0
13	75206910	13_75206910_G_T	G	T	6317	5413	6277	5413	0	0	NA	1	0	0	0
13	77554910	13_77554910_A_G	A	G	6174	5387	6149	5387	0	0	NA	0	0	0	0
13	96448170	13_96448170_A_C	A	C	7830	6948	7797	6948	0	0	NA	0	0	0	0
13	98924800	13_98924800_G_T	G	T	8067	7172	8001	7172	0	0	NA	1	0	0	0
13	99101584	13_99101584_C_T	C	T	6692	5941	6662	5941	0	0	NA	0	0	0	0
13	100318969	13_100318969_G_A	G	A	6943	6341	6879	6341	0	0	NA	3	1	0	0
13	101324399	13_101324399_T_C	T	C	7180	6429	7132	6429	0	0	NA	0	0	0	0
13	101833276	13_101833276_A_T	A	T	6803	6262	6782	6262	0	0	NA	0	0	0	0
13	108456165	13_108456165_C_T	C	T	7073	6426	7021	6426	0	0	NA	0	0	0	0
14	27118841	14_27118841_C_A	C	A	7220	6638	7171	6638	0	0	NA	2	0	0	0
14	38375553	14_38375553_G_A	G	A	8068	7145	8037	7145	0	0	NA	1	1	1	1
14	48498234	14_48498234_G_T	G	T	7579	6954	7528	6954	0	0	NA	1	0	0	0
14	51715087	14_51715087_C_A	C	A	7834	7270	7785	7270	0	0	NA	2	1	1	1
14	56209136	14_56209136_G_T	G	T	8959	7832	8895	7832	0	0	NA	0	0	0	0
14	70303537	14_70303537_T_G	T	G	6987	6476	6966	6476	0	0	NA	0	0	0	0
14	70505699	14_70505699_A_G	A	G	8277	7351	8242	7351	0	0	NA	1	0	0	0
14	71605851	14_71605851_A_G	A	G	7861	6962	7825	6962	0	0	NA	0	0	0	0
14	76349769	14_76349769_T_G	T	G	7772	7104	7718	7104	0	0	NA	1	0	0	0
14	80582597	14_80582597_T_C	T	C	6963	6450	6909	6450	0	0	NA	1	0	0	0
14	83717420	14_83717420_T_C	T	C	8620	7728	8592	7728	0	0	NA	0	0	0	0
14	91225384	14_91225384_G_T	G	T	8485	7465	8415	7465	0	0	NA	1	0	0	0
14	94437392	14_94437392_C_T	C	T	6851	6243	6817	6243	0	0	NA	1	1	1	1
14	96277503	14_96277503_A_T	A	T	6791	6237	6760	6237	0	0	NA	0	0	0	0
14	97748581	14_97748581_C_T	C	T	8022	7163	7988	7163	0	0	NA	0	0	0	0
14	101529573	14_101529573_A_G	A	G	7030	6341	6998	6341	0	0	NA	0	0	0	0
14	103247490	14_103247490_G_T	G	T	9069	7859	9023	7859	0	0	NA	2	0	0	0
14	105188390	14_105188390_C_A	C	A	7337	6400	7231	6400	0	0	NA	2	0	0	0
15	29893989	15_29893989_G_A	G	A	8446	7348	8379	7348	0	0	NA	2	2	1	1
15	33366605	15_33366605_G_A	G	A	8736	7598	8679	7598	0	0	NA	2	0	0	0
15	33919306	15_33919306_G_T	G	T	8066	7109	8025	7109	0	0	NA	1	0	0	0
15	42334939	15_42334939_A_G	A	G	7874	7082	7852	7082	0	0	NA	0	0	0	0
15	46647431	15_46647431_T_C	T	C	8380	7442	8331	7442	0	0	NA	0	0	0	0
15	47422162	15_47422162_T_C	T	C	8065	6966	8012	6966	0	0	NA	0	0	0	0
15	57802596	15_57802596_T_C	T	C	8559	7578	8509	7578	0	0	NA	0	0	0	0
15	62403434	15_62403434_A_C	A	C	7446	6876	7408	6876	0	0	NA	0	0	0	0
15	63375383	15_63375383_C_A	C	A	7220	6498	7173	6498	0	0	NA	0	0	0	0
15	67688480	15_67688480_C_A	C	A	6801	6423	6746	6423	0	0	NA	0	0	0	0
15	76316804	15_76316804_C_T	C	T	7259	6430	7211	6430	0	0	NA	3	0	0	0
15	85321708	15_85321708_T_G	T	G	7636	6731	7570	6731	0	0	NA	6	0	0	0
15	85355230	15_85355230_C_A	C	A	7568	6805	7524	6805	0	0	NA	0	0	0	0
15	88390795	15_88390795_A_T	A	T	8166	7200	8125	7200	0	0	NA	1	0	0	0
15	89348522	15_89348522_A_C	A	C	7554	6900	7523	6900	0	0	NA	0	0	0	0
15	95181505	15_95181505_G_T	G	T	6656	6315	6609	6315	0	0	NA	0	0	0	0
16	3075763	16_3075763_G_A	G	A	7602	6704	7562	6704	0	0	NA	1	0	0	0
16	4019163	16_4019163_C_A	C	A	8004	7192	7960	7192	0	0	NA	0	1	1	1
16	5567341	16_5567341_T_G	T	G	8326	7539	8261	7539	0	0	NA	2	0	0	0
16	10238537	16_10238537_G_T	G	T	8078	7003	8028	7003	0	0	NA	1	0	0	0
16	10655832	16_10655832_G_T	G	T	7748	7030	7689	7030	0	0	NA	1	1	0	0
16	12873747	16_12873747_T_G	T	G	8334	7527	8280	7527	0	0	NA	1	0	0	0
16	12902235	16_12902235_A_T	A	T	7360	6635	7329	6635	0	0	NA	1	0	0	0
16	17686006	16_17686006_G_A	G	A	6788	6060	6748	6060	0	0	NA	1	0	0	0
16	19212206	16_19212206_A_C	A	C	8294	7468	8260	7468	0	0	NA	0	0	0	0
16	29676852	16_29676852_C_A	C	A	7762	7025	7727	7025	0	0	NA	1	0	0	0
16	30943571	16_30943571_A_G	A	G	7321	6621	7289	6621	0	0	NA	0	0	0	0
16	31720074	16_31720074_C_A	C	A	8240	7174	8196	7174	0	0	NA	1	0	0	0
16	31866459	16_31866459_C_A	C	A	6920	6338	6886	6338	0	0	NA	0	0	0	0
16	47019472	16_47019472_G_A	G	A	7436	6464	7351	6464	0	0	NA	2	1	1	1
16	47985904	16_47985904_T_G	T	G	8602	7604	8550	7604	0	0	NA	1	0	0	0
16	51815661	16_51815661_A_C	A	C	7831	7077	7793	7077	0	0	NA	0	0	0	0
16	51821595	16_51821595_A_G	A	G	8342	7271	8311	7271	0	0	NA	0	0	0	0
16	52233809	16_52233809_T_C	T	C	7318	6573	7291	6573	0	0	NA	0	0	0	0
16	52333170	16_52333170_T_G	T	G	6433	5711	6408	5711	0	0	NA	0	0	0	0
16	56241073	16_56241073_G_A	G	A	8328	7356	8286	7356	0	0	NA	0	0	0	0
16	56466593	16_56466593_G_A	G	A	8096	7393	8024	7393	0	0	NA	2	0	0	0
16	56710971	16_56710971_C_T	C	T	7817	6946	7758	6946	0	0	NA	3	0	0	0
16	66915411	16_66915411_A_T	A	T	5186	4028	5155	4028	0	0	NA	1	0	0	0
16	69415088	16_69415088_T_A	T	A	7107	6682	7082	6682	0	0	NA	0	0	0	0
16	79804880	16_79804880_A_C	A	C	7589	6720	7545	6720	0	0	NA	1	0	0	0
16	81181827	16_81181827_T_G	T	G	8020	7235	7970	7235	0	0	NA	1	0	0	0
16	84307286	16_84307286_A_T	A	T	6429	5778	6419	5778	0	0	NA	0	0	0	0
16	85331449	16_85331449_C_A	C	A	7898	6986	7848	6986	0	0	NA	0	0	0	0
16	86875176	16_86875176_T_C	T	C	7899	6910	7846	6910	0	0	NA	1	0	0	0
16	88319010	16_88319010_C_T	C	T	7762	6927	7707	6924	3	3	NA	2	5	4	4
16	89524452	16_89524452_C_A	C	A	6534	5897	6484	5897	0	0	NA	2	1	0	0
17	557670	17_557670_A_T	A	T	6658	6148	6634	6148	0	0	NA	0	0	0	0
17	4000115	17_4000115_C_T	C	T	6763	6149	6707	6149	0	0	NA	0	0	0	0
17	5202315	17_5202315_G_A	G	A	6898	6484	6858	6484	0	0	NA	3	0	0	0
17	5796766	17_5796766_G_T	G	T	7715	7104	7671	7104	0	0	NA	1	0	0	0
17	6150095	17_6150095_C_A	C	A	7875	7232	7814	7232	0	0	NA	0	1	0	0
17	8230080	17_8230080_T_C	T	C	7400	6565	7381	6565	0	0	NA	0	0	0	0
17	8571250	17_8571250_G_T	G	T	8030	7444	7965	7444	0	0	NA	1	0	0	0
17	13985216	17_13985216_A_G	A	G	7297	6803	7250	6803	0	0	NA	0	1	1	1
17	17068003	17_17068003_A_C	A	C	8288	7209	8253	7209	0	0	NA	0	0	0	0
17	18114343	17_18114343_A_T	A	T	8397	7547	8339	7547	1	0	NA	0	1	0	0
17	26881497	17_26881497_G_A	G	A	8534	7451	8500	7451	0	0	NA	1	0	0	0
17	27212484	17_27212484_T_A	T	A	7644	6769	7586	6769	0	0	NA	0	0	0	0
17	27762683	17_27762683_A_C	A	C	8419	7640	8389	7640	0	0	NA	0	0	0	0
17	27814675	17_27814675_A_T	A	T	7370	6912	7351	6912	0	0	NA	0	0	0	0
17	31409323	17_31409323_A_T	A	T	4959	4722	4947	4722	0	0	NA	0	0	0	0
17	33743720	17_33743720_A_T	A	T	5493	5320	5475	5320	0	0	NA	1	0	0	0
17	35514201	17_35514201_G_T	G	T	8638	7820	8610	7820	0	0	NA	0	0	0	0
17	37811171	17_37811171_G_C	G	C	8527	7493	8478	7493	0	0	NA	0	0	0	0
17	39474607	17_39474607_C_T	C	T	6430	6084	3576	3432	2827	2652	NA	2	5089	4836	4836
17	41585029	17_41585029_T_A	T	A	8221	7246	8179	7246	0	0	NA	0	0	0	0
17	45850612	17_45850612_G_A	G	A	8532	7366	8475	7366	0	0	NA	4	0	0	0
17	52974113	17_52974113_T_C	T	C	5785	5364	5753	5364	0	0	NA	1	0	0	0
17	53158753	17_53158753_C_T	C	T	7547	6985	7492	6985	0	0	NA	1	1	1	1
17	63899497	17_63899497_C_A	C	A	7974	7157	7948	7157	0	0	NA	0	0	0	0
17	64336998	17_64336998_G_T	G	T	8216	7447	8179	7447	0	0	NA	0	0	0	0
17	72800772	17_72800772_C_A	C	A	7218	6542	7160	6542	0	0	NA	1	0	0	0
17	77452852	17_77452852_C_T	C	T	7143	6148	7103	6148	0	0	NA	4	0	0	0
18	3470860	18_3470860_G_A	G	A	7771	6987	7751	6987	0	0	NA	0	0	0	0
18	5040005	18_5040005_T_A	T	A	8566	7589	8508	7589	0	0	NA	0	0	0	0
18	10123045	18_10123045_C_A	C	A	6909	6373	6864	6373	0	0	NA	1	0	0	0
18	10307483	18_10307483_G_T	G	T	8024	7280	7959	7280	0	0	NA	1	0	0	0
18	13271113	18_13271113_A_G	A	G	8532	7906	8490	7906	0	0	NA	0	0	0	0
18	19233740	18_19233740_G_T	G	T	3874	2746	3828	2746	0	0	NA	6	1	0	0
18	22543904	18_22543904_T_G	T	G	8807	7760	8751	7760	0	0	NA	0	0	0	0
18	26291186	18_26291186_G_T	G	T	7805	7016	7773	7016	0	0	NA	1	0	0	0
18	33092323	18_33092323_C_A	C	A	7705	7192	7661	7192	0	0	NA	0	0	0	0
18	43519225	18_43519225_G_A	G	A	8425	7264	8388	7264	0	0	NA	1	0	0	0
18	47348151	18_47348151_A_C	A	C	6959	6350	6919	6350	0	0	NA	1	0	0	0
18	47806380	18_47806380_G_A	G	A	7544	6793	7503	6793	0	0	NA	1	0	0	0
18	49596262	18_49596262_G_C	G	C	6936	6630	6907	6630	0	0	NA	0	0	0	0
18	57397219	18_57397219_G_A	G	A	8578	7481	8539	7481	0	0	NA	0	0	0	0
18	67884749	18_67884749_G_A	G	A	7997	7046	7933	7046	0	0	NA	1	0	0	0
18	67902502	18_67902502_G_T	G	T	8785	7803	8720	7803	0	0	NA	0	0	0	0
18	68090880	18_68090880_A_G	A	G	7696	7077	7655	7077	0	0	NA	0	0	0	0
18	68444903	18_68444903_T_C	T	C	7384	6770	7348	6770	0	0	NA	1	0	0	0
18	71529708	18_71529708_A_C	A	C	7686	6866	7647	6866	0	0	NA	1	0	0	0
18	71869709	18_71869709_G_T	G	T	7292	6260	7258	6260	0	0	NA	0	0	0	0
18	74362996	18_74362996_C_T	C	T	7831	7147	7772	7147	0	0	NA	0	0	0	0
18	76405981	18_76405981_G_T	G	T	7135	6047	7093	6045	2	2	NA	2	3	3	3
18	76668861	18_76668861_G_A	G	A	7442	6924	7392	6924	0	0	NA	1	1	1	1
18	77237848	18_77237848_C_A	C	A	8143	7069	8076	7069	0	0	NA	1	0	0	0
19	9143054	19_9143054_G_T	G	T	8538	7434	8485	7434	0	0	NA	0	0	0	0
19	11769756	19_11769756_G_T	G	T	8698	7636	8671	7636	0	0	NA	0	0	0	0
19	11784833	19_11784833_G_T	G	T	7163	6308	7116	6308	0	0	NA	1	0	0	0
19	12343712	19_12343712_G_T	G	T	8105	7384	8073	7384	0	0	NA	0	0	0	0
19	12348722	19_12348722_T_G	T	G	6631	5975	6583	5975	0	0	NA	2	0	0	0
19	17720099	19_17720099_G_A	G	A	6352	5524	6321	5524	0	0	NA	2	0	0	0
19	19291955	19_19291955_G_T	G	T	5196	4342	5172	4342	0	0	NA	0	0	0	0
19	28888948	19_28888948_A_G	A	G	6469	4083	6441	4083	0	0	NA	0	0	0	0
19	32762459	19_32762459_G_A	G	A	7324	6775	7268	6775	0	0	NA	0	0	0	0
19	42920906	19_42920906_A_T	A	T	7139	6343	7109	6343	0	0	NA	1	0	0	0
19	43069941	19_43069941_G_T	G	T	8202	7191	8161	7191	0	0	NA	0	0	0	0
20	719577	20_719577_A_G	A	G	7453	6817	7421	6817	0	0	NA	0	0	0	0
20	4007440	20_4007440_T_A	T	A	6599	6117	6570	6117	0	0	NA	0	0	0	0
20	6032184	20_6032184_A_T	A	T	7637	6808	7600	6808	0	0	NA	0	0	0	0
20	14110252	20_14110252_C_G	C	G	8066	7395	8002	7395	0	0	NA	0	0	0	0
20	15216914	20_15216914_G_A	G	A	7979	7354	7950	7354	0	0	NA	1	0	0	0
20	15634270	20_15634270_C_T	C	T	8486	7534	8435	7534	0	0	NA	2	0	0	0
20	16330893	20_16330893_G_T	G	T	8526	7567	8461	7567	0	0	NA	0	0	0	0
20	16431460	20_16431460_C_A	C	A	7819	7046	7772	7046	0	0	NA	0	0	0	0
20	19939929	20_19939929_C_T	C	T	7848	6998	7767	6998	0	0	NA	2	0	0	0
20	21063051	20_21063051_C_A	C	A	6499	5961	6444	5961	0	0	NA	0	2	1	1
20	22213577	20_22213577_G_T	G	T	4248	3820	4223	3820	0	0	NA	0	0	0	0
20	24813660	20_24813660_A_G	A	G	7552	6670	7516	6670	0	0	NA	0	0	0	0
20	32781582	20_32781582_T_C	T	C	8221	7421	8190	7421	0	0	NA	0	0	0	0
20	32878425	20_32878425_C_G	C	G	8162	7224	8134	7224	0	0	NA	0	0	0	0
20	35445935	20_35445935_C_A	C	A	5855	4995	5823	4995	0	0	NA	0	0	0	0
20	36854226	20_36854226_G_T	G	T	7463	6689	7429	6689	0	0	NA	0	0	0	0
20	37347835	20_37347835_C_A	C	A	8206	7292	8155	7292	0	0	NA	0	0	0	0
20	37876735	20_37876735_A_C	A	C	8079	7280	8035	7280	0	0	NA	1	0	0	0
20	39075401	20_39075401_A_T	A	T	8522	7321	8469	7321	0	0	NA	0	0	0	0
20	39174365	20_39174365_C_A	C	A	8303	7322	8226	7322	0	0	NA	0	0	0	0
20	40596820	20_40596820_A_C	A	C	7657	6599	7609	6599	0	0	NA	1	0	0	0
20	42716263	20_42716263_A_C	A	C	8013	6939	7958	6939	0	0	NA	1	0	0	0
20	43090809	20_43090809_C_T	C	T	8385	7468	8336	7468	0	0	NA	3	1	1	1
20	48084368	20_48084368_A_T	A	T	7919	6869	7885	6869	0	0	NA	0	0	0	0
20	48632766	20_48632766_G_T	G	T	7402	6727	7366	6727	0	0	NA	0	0	0	0
20	52492465	20_52492465_G_T	G	T	8162	7112	8124	7112	0	0	NA	2	0	0	0
20	57155444	20_57155444_G_A	G	A	7945	6907	7900	6907	0	0	NA	2	0	0	0
20	57399996	20_57399996_T_A	T	A	8163	7268	8120	7268	0	0	NA	0	0	0	0
20	58537966	20_58537966_T_G	T	G	7759	7080	7666	7080	0	0	NA	2	0	0	0
21	25101825	21_25101825_G_A	G	A	8282	7390	8231	7390	0	0	NA	1	0	0	0
21	28205211	21_28205211_C_T	C	T	8047	7037	8002	7037	0	0	NA	0	0	0	0
21	34003600	21_34003600_C_A	C	A	7463	6797	7413	6797	0	0	NA	0	0	0	0
21	35186297	21_35186297_G_T	G	T	7200	6447	7171	6447	0	0	NA	2	0	0	0
21	39437089	21_39437089_G_A	G	A	7320	6449	7292	6449	0	0	NA	0	0	0	0
21	41402439	21_41402439_G_T	G	T	8282	7458	8242	7458	0	0	NA	0	0	0	0
21	41466609	21_41466609_C_T	C	T	7732	7057	7686	7057	0	0	NA	0	1	1	1
21	43094379	21_43094379_C_T	C	T	7968	7099	7870	7099	0	0	NA	0	0	0	0
21	43500317	21_43500317_G_T	G	T	8252	7257	8213	7257	0	0	NA	0	0	0	0
21	44072320	21_44072320_T_G	T	G	8388	7168	8354	7168	0	0	NA	0	0	0	0
22	17465197	22_17465197_A_G	A	G	7301	6769	7277	6769	0	0	NA	0	0	0	0
22	19210265	22_19210265_A_T	A	T	7394	6470	7331	6470	0	0	NA	0	0	0	0
22	22356045	22_22356045_A_T	A	T	8578	7347	8532	7347	0	0	NA	0	0	0	0
22	27518507	22_27518507_T_A	T	A	7994	7266	7947	7266	0	0	NA	1	0	0	0
22	27869178	22_27869178_T_A	T	A	7235	3987	7215	3987	0	0	NA	0	0	0	0
22	31826138	22_31826138_C_A	C	A	7973	7057	7930	7057	0	0	NA	1	0	0	0
22	35134200	22_35134200_T_C	T	C	7519	7138	7475	7138	0	0	NA	1	0	0	0
22	39764685	22_39764685_C_T	C	T	7741	7210	7706	7210	0	0	NA	0	0	0	0
22	39828008	22_39828008_G_T	G	T	8067	7075	8027	7075	0	0	NA	0	1	0	0
22	40810548	22_40810548_T_A	T	A	7089	6385	7024	6385	0	0	NA	1	0	0	0
22	41095474	22_41095474_C_A	C	A	6728	6038	6682	6038	0	0	NA	1	0	0	0
22	48162208	22_48162208_C_A	C	A	7574	6886	7537	6886	0	0	NA	0	0	0	0
22	49372046	22_49372046_C_A	C	A	5493	4909	5459	4909	0	0	NA	0	0	0	0
22	49865808	22_49865808_C_A	C	A	8353	7550	8315	7550	0	0	NA	0	0	0	0
X	4801325	X_4801325_T_A	T	A	7500	6732	7460	6732	0	0	NA	0	0	0	0
X	7013639	X_7013639_G_T	G	T	8297	7448	8257	7448	0	0	NA	1	0	0	0
X	9727907	X_9727907_A_G	A	G	8375	7374	8330	7374	0	0	NA	0	0	0	0
X	16411552	X_16411552_G_C	G	C	7928	7147	7892	7147	0	0	NA	0	0	0	0
X	17183598	X_17183598_C_G	C	G	7896	7218	7820	7217	1	1	NA	0	1	1	1
X	30911941	X_30911941_G_T	G	T	8393	7614	8351	7614	0	0	NA	0	0	0	0
X	45196397	X_45196397_T_C	T	C	10008	8966	9972	8966	0	0	NA	1	0	0	0
X	47541670	X_47541670_C_A	C	A	7648	7046	7596	7046	0	0	NA	4	0	0	0
X	55161646	X_55161646_A_G	A	G	7775	7012	7734	7012	0	0	NA	1	0	0	0
X	56054262	X_56054262_T_A	T	A	8399	7658	8362	7658	0	0	NA	0	0	0	0
X	71128411	X_71128411_T_A	T	A	8166	7171	8117	7171	0	0	NA	0	0	0	0
X	73497462	X_73497462_G_T	G	T	7829	7169	7800	7169	0	0	NA	1	0	0	0
X	76135015	X_76135015_T_A	T	A	8148	7636	8121	7636	0	0	NA	0	0	0	0
X	116922760	X_116922760_G_C	G	C	7594	6954	7569	6954	0	0	NA	0	0	0	0
X	127815820	X_127815820_C_G	C	G	8616	7514	8576	7514	0	0	NA	0	0	0	0
X	131674192	X_131674192_G_A	G	A	8693	7791	8645	7791	0	0	NA	0	0	0	0
X	133878542	X_133878542_C_A	C	A	7421	6874	7387	6874	0	0	NA	0	0	0	0
X	136074606	X_136074606_A_C	A	C	7917	7250	7890	7250	0	0	NA	1	0	0	0
X	142863908	X_142863908_G_T	G	T	8091	7218	8027	7218	0	0	NA	5	0	0	0
X	147214720	X_147214720_A_T	A	T	7319	6537	7267	6537	0	0	NA	1	0	0	0
X	149161206	X_149161206_A_T	A	T	9175	8200	9135	8200	0	0	NA	0	0	0	0
X	150937075	X_150937075_G_C	G	C	9045	8207	9017	8207	0	0	NA	0	0	0	0
X	151373520	X_151373520_T_G	T	G	7443	6686	7411	6686	0	0	NA	0	0	0	0
X	153056943	X_153056943_T_G	T	G	7800	6855	7742	6855	0	0	NA	0	0	0	0
