contig	position	id	ref_allele	alt_allele	depth	depth_pass	n_ref_total	n_ref_pass	n_alt_total	n_alt_pass	seen_in_norm	n_alt_dsc_suppressed	n_alt_ssc_total	n_alt_ssc_pass	n_alt_ssc_only
1	3072383	1_3072383_T_G	T	G	8344	7331	8290	7331	0	0	NA	0	0	0	0
1	9188154	1_9188154_G_T	G	T	7036	6494	6990	6494	0	0	NA	1	0	0	0
1	14509795	1_14509795_C_A	C	A	7591	6857	7554	6857	0	0	NA	0	0	0	0
1	15639823	1_15639823_C_G	C	G	2062	1642	2014	1641	143	1	NA	0	245	6	6
1	17606281	1_17606281_C_A	C	A	8607	7588	8523	7588	0	0	NA	1	0	0	0
1	18055799	1_18055799_G_A	G	A	7840	7038	7795	7038	0	0	NA	2	1	0	0
1	19332818	1_19332818_G_T	G	T	7248	5892	7211	5892	0	0	NA	1	0	0	0
1	20469051	1_20469051_T_A	T	A	8294	7305	8246	7305	0	0	NA	0	0	0	0
1	20616837	1_20616837_G_T	G	T	7674	6828	7625	6828	0	0	NA	0	0	0	0
1	37626640	1_37626640_C_T	C	T	8296	7502	8235	7502	0	0	NA	1	0	0	0
1	43117956	1_43117956_G_T	G	T	6319	5726	6285	5726	0	0	NA	0	0	0	0
1	46945711	1_46945711_A_T	A	T	5926	5344	5888	5344	0	0	NA	0	0	0	0
1	49022382	1_49022382_C_T	C	T	7309	6955	7252	6939	17	16	NA	1	34	32	32
1	49407198	1_49407198_G_A	G	A	7529	7104	7501	7104	0	0	NA	0	0	0	0
1	51752285	1_51752285_T_A	T	A	7702	6860	7669	6860	0	0	NA	0	0	0	0
1	54785732	1_54785732_G_A	G	A	7616	6809	7570	6809	0	0	NA	1	0	0	0
1	55433144	1_55433144_C_A	C	A	8296	7251	8241	7251	0	0	NA	0	0	0	0
1	63637291	1_63637291_A_T	A	T	7723	6987	7687	6987	0	0	NA	1	0	0	0
1	79971947	1_79971947_G_A	G	A	7793	7154	7740	7154	0	0	NA	2	0	0	0
1	86660274	1_86660274_C_A	C	A	7257	6823	7207	6823	0	0	NA	1	0	0	0
1	88568942	1_88568942_A_G	A	G	7807	7209	7783	7209	0	0	NA	1	0	0	0
1	90601044	1_90601044_G_T	G	T	7753	6975	7700	6975	0	0	NA	1	1	1	1
1	94543045	1_94543045_A_G	A	G	8468	7766	8433	7766	0	0	NA	1	0	0	0
1	98818610	1_98818610_A_T	A	T	7171	6745	7135	6745	0	0	NA	0	0	0	0
1	106637955	1_106637955_G_T	G	T	5421	5115	5404	5115	0	0	NA	1	0	0	0
1	107543668	1_107543668_C_T	C	T	7435	6561	7340	6561	0	0	NA	0	0	0	0
1	114542580	1_114542580_C_A	C	A	7395	6815	7335	6815	0	0	NA	1	0	0	0
1	114586498	1_114586498_C_T	C	T	8408	7686	8366	7686	0	0	NA	1	1	1	1
1	114774725	1_114774725_T_G	T	G	8655	7743	8598	7743	0	0	NA	0	0	0	0
1	119989233	1_119989233_T_G	T	G	4548	3211	4407	3211	3	0	NA	3	13	0	0
1	147823547	1_147823547_C_A	C	A	8523	7619	8479	7619	0	0	NA	3	0	0	0
1	152036515	1_152036515_G_T	G	T	7830	7243	7792	7243	0	0	NA	1	0	0	0
1	152686230	1_152686230_C_A	C	A	7019	6586	6966	6586	0	0	NA	1	0	0	0
1	160412659	1_160412659_G_A	G	A	8264	7536	8216	7536	0	0	NA	5	1	1	1
1	161021665	1_161021665_C_G	C	G	8180	7028	8149	7028	0	0	NA	1	0	0	0
1	162276154	1_162276154_G_T	G	T	7236	6638	7173	6638	0	0	NA	2	0	0	0
1	165384867	1_165384867_C_T	C	T	7280	6474	7239	6474	0	0	NA	1	0	0	0
1	170701459	1_170701459_C_A	C	A	9260	8194	9203	8194	0	0	NA	1	0	0	0
1	172032199	1_172032199_C_A	C	A	7686	6972	7638	6972	0	0	NA	1	0	0	0
1	176869741	1_176869741_T_G	T	G	8734	7862	8706	7862	0	0	NA	1	0	0	0
1	177932954	1_177932954_T_G	T	G	8450	7648	8419	7648	0	0	NA	2	0	0	0
1	182560222	1_182560222_A_G	A	G	6920	6586	3758	3625	3133	2961	NA	5	5329	5090	5090
1	182625883	1_182625883_C_G	C	G	8021	7332	7930	7332	0	0	NA	1	0	0	0
1	194847710	1_194847710_T_A	T	A	9194	8278	9163	8278	0	0	NA	0	0	0	0
1	201339420	1_201339420_T_C	T	C	6921	6479	6890	6479	0	0	NA	1	0	0	0
1	204764368	1_204764368_G_T	G	T	7460	6628	7424	6628	0	0	NA	1	0	0	0
1	205244482	1_205244482_T_C	T	C	7562	6730	7528	6730	0	0	NA	0	0	0	0
1	207915350	1_207915350_C_G	C	G	6856	6351	6814	6351	0	0	NA	1	0	0	0
1	208521346	1_208521346_T_A	T	A	8861	8105	8817	8105	0	0	NA	2	0	0	0
1	211362281	1_211362281_A_C	A	C	6071	5295	6043	5295	0	0	NA	1	0	0	0
1	222190696	1_222190696_G_A	G	A	7218	6722	7181	6722	0	0	NA	0	0	0	0
1	226640475	1_226640475_C_A	C	A	8127	7470	8078	7470	0	0	NA	0	0	0	0
1	227106404	1_227106404_A_T	A	T	8368	7480	8314	7480	0	0	NA	1	0	0	0
1	229003871	1_229003871_G_A	G	A	7780	6861	7733	6860	1	1	NA	0	1	1	1
1	231309142	1_231309142_A_G	A	G	7375	6808	7350	6808	0	0	NA	0	0	0	0
1	235642650	1_235642650_C_T	C	T	8075	7172	8010	7172	0	0	NA	1	0	0	0
1	239981154	1_239981154_C_A	C	A	8335	7539	8290	7539	0	0	NA	1	0	0	0
1	240800819	1_240800819_G_T	G	T	7535	7197	7515	7197	0	0	NA	0	0	0	0
1	240827342	1_240827342_C_A	C	A	8072	7371	8031	7371	0	0	NA	3	1	1	1
1	243967230	1_243967230_C_A	C	A	8728	7732	8687	7732	0	0	NA	0	0	0	0
1	245477375	1_245477375_G_T	G	T	8020	7388	7969	7388	0	0	NA	0	0	0	0
2	705105	2_705105_G_T	G	T	6622	5750	6585	5750	0	0	NA	0	0	0	0
2	1161073	2_1161073_C_G	C	G	7400	6524	7367	6524	0	0	NA	1	0	0	0
2	2712607	2_2712607_G_A	G	A	7534	6515	7463	6506	10	9	NA	6	23	20	20
2	5197981	2_5197981_C_A	C	A	8207	7303	8157	7303	0	0	NA	1	0	0	0
2	11550981	2_11550981_T_A	T	A	8265	7631	8225	7631	0	0	NA	0	0	0	0
2	14619758	2_14619758_A_T	A	T	7581	6998	7540	6998	0	0	NA	1	0	0	0
2	24016622	2_24016622_G_T	G	T	8196	7461	8155	7461	0	0	NA	2	0	0	0
2	24093894	2_24093894_T_A	T	A	7521	6795	7483	6795	0	0	NA	0	0	0	0
2	30737002	2_30737002_A_T	A	T	9070	8230	9012	8230	0	0	NA	0	0	0	0
2	31598481	2_31598481_G_C	G	C	6928	6313	6906	6313	0	0	NA	0	0	0	0
2	32348965	2_32348965_C_T	C	T	6833	6127	6781	6127	0	0	NA	3	0	0	0
2	33494102	2_33494102_T_A	T	A	8498	6924	8446	6924	0	0	NA	1	0	0	0
2	47857373	2_47857373_A_T	A	T	8776	7609	8731	7609	0	0	NA	1	0	0	0
2	54163327	2_54163327_A_G	A	G	7576	6946	7530	6946	0	0	NA	2	0	0	0
2	58534325	2_58534325_C_A	C	A	7203	6607	7143	6607	0	0	NA	1	0	0	0
2	59444681	2_59444681_T_G	T	G	8141	7529	8103	7529	0	0	NA	0	0	0	0
2	66679271	2_66679271_C_A	C	A	8606	7886	8571	7886	0	0	NA	0	0	0	0
2	66751379	2_66751379_G_T	G	T	6873	6305	6850	6305	0	0	NA	1	0	0	0
2	67286580	2_67286580_C_A	C	A	8527	7657	8462	7657	0	0	NA	2	0	0	0
2	69163716	2_69163716_A_G	A	G	6343	5924	6303	5924	0	0	NA	1	1	1	1
2	84819898	2_84819898_T_A	T	A	7184	6752	7158	6752	0	0	NA	0	0	0	0
2	101377794	2_101377794_T_C	T	C	8018	7046	7978	7046	0	0	NA	1	0	0	0
2	101889869	2_101889869_T_C	T	C	4759	4434	4745	4434	0	0	NA	1	0	0	0
2	109768411	2_109768411_G_T	G	T	7860	7283	7822	7282	1	1	NA	0	1	1	1
2	119096720	2_119096720_T_G	T	G	8743	8178	8709	8178	0	0	NA	1	0	0	0
2	119574230	2_119574230_A_T	A	T	8142	7261	8076	7261	0	0	NA	1	0	0	0
2	125678325	2_125678325_G_A	G	A	7462	6971	7421	6971	0	0	NA	0	0	0	0
2	135010905	2_135010905_T_G	T	G	8724	7618	8661	7618	0	0	NA	1	0	0	0
2	135049861	2_135049861_A_T	A	T	7796	7214	7758	7214	0	0	NA	0	0	0	0
2	136322249	2_136322249_A_G	A	G	7769	7370	7732	7370	0	0	NA	0	0	0	0
2	145500960	2_145500960_A_C	A	C	8097	7694	8067	7694	0	0	NA	0	0	0	0
2	157342229	2_157342229_C_G	C	G	8267	7807	8239	7807	0	0	NA	0	0	0	0
2	173365508	2_173365508_T_A	T	A	7329	6754	7291	6754	0	0	NA	0	0	0	0
2	179742624	2_179742624_G_T	G	T	7244	6769	7212	6769	0	0	NA	1	0	0	0
2	184846666	2_184846666_A_G	A	G	4509	4331	4486	4331	0	0	NA	1	0	0	0
2	186908597	2_186908597_G_T	G	T	3857	3722	3841	3722	0	0	NA	1	0	0	0
2	194993992	2_194993992_C_A	C	A	6627	6031	6594	6031	0	0	NA	0	0	0	0
2	200695678	2_200695678_C_T	C	T	9293	8013	9246	8013	0	0	NA	1	1	0	0
2	203864159	2_203864159_G_T	G	T	8697	7703	8673	7703	0	0	NA	0	0	0	0
2	204681104	2_204681104_T_G	T	G	8343	7535	8287	7535	0	0	NA	2	0	0	0
2	208737008	2_208737008_G_T	G	T	8325	7550	8300	7550	0	0	NA	0	0	0	0
2	215054991	2_215054991_G_T	G	T	7499	7031	7463	7031	0	0	NA	0	0	0	0
2	216975141	2_216975141_C_A	C	A	8140	7288	8108	7288	0	0	NA	2	0	0	0
2	217925018	2_217925018_C_T	C	T	7860	7176	7815	7176	0	0	NA	2	0	0	0
2	218863275	2_218863275_G_T	G	T	8710	7645	8657	7645	0	0	NA	0	0	0	0
2	219812673	2_219812673_C_T	C	T	6814	6164	6754	6164	0	0	NA	4	0	0	0
2	222312053	2_222312053_G_T	G	T	7529	6947	7481	6947	0	0	NA	3	0	0	0
2	230205280	2_230205280_C_T	C	T	7755	6900	7722	6900	0	0	NA	1	0	0	0
2	231278347	2_231278347_A_C	A	C	7396	6532	7354	6532	0	0	NA	0	0	0	0
2	233321656	2_233321656_G_T	G	T	7329	6518	7289	6517	0	0	NA	1	0	0	0
2	236509665	2_236509665_C_A	C	A	8309	7326	8275	7326	0	0	NA	1	0	0	0
2	236599305	2_236599305_G_A	G	A	8352	7422	8306	7422	0	0	NA	0	0	0	0
2	242409331	2_242409331_G_T	G	T	7397	6588	7352	6588	0	0	NA	4	0	0	0
3	3042742	3_3042742_C_A	C	A	7166	6604	7103	6604	0	0	NA	0	1	0	0
3	7620997	3_7620997_C_A	C	A	8395	7435	8358	7435	0	0	NA	1	0	0	0
3	10901554	3_10901554_C_T	C	T	8019	7649	7997	7649	0	0	NA	0	0	0	0
3	11064382	3_11064382_G_A	G	A	7783	6987	7748	6987	0	0	NA	1	0	0	0
3	12024640	3_12024640_G_T	G	T	6910	6389	6886	6389	0	0	NA	0	0	0	0
3	21267808	3_21267808_C_A	C	A	7267	6526	7236	6526	0	0	NA	1	0	0	0
3	26305438	3_26305438_T_C	T	C	7860	7193	3972	3689	3849	3504	NA	7	6539	6013	6013
3	27750417	3_27750417_C_T	C	T	8557	7885	8496	7885	0	0	NA	0	1	1	1
3	31762912	3_31762912_T_A	T	A	9156	8257	9124	8257	0	0	NA	0	0	0	0
3	41279648	3_41279648_C_A	C	A	8058	7145	8019	7145	0	0	NA	1	0	0	0
3	41439463	3_41439463_G_T	G	T	8421	7592	8374	7592	0	0	NA	0	0	0	0
3	44596365	3_44596365_C_T	C	T	8525	7521	8452	7521	0	0	NA	0	0	0	0
3	46450029	3_46450029_C_T	C	T	7417	6677	7377	6677	0	0	NA	1	0	0	0
3	46949941	3_46949941_G_T	G	T	7103	6427	7051	6427	0	0	NA	1	0	0	0
3	47450870	3_47450870_C_A	C	A	7817	6838	7742	6838	0	0	NA	2	0	0	0
3	50138345	3_50138345_C_A	C	A	6511	6170	6461	6170	0	0	NA	0	0	0	0
3	53624309	3_53624309_T_A	T	A	8373	7831	8328	7831	0	0	NA	0	0	0	0
3	55466307	3_55466307_A_G	A	G	8505	7699	8478	7699	0	0	NA	2	0	0	0
3	63731485	3_63731485_T_A	T	A	8669	7835	8641	7835	0	0	NA	1	0	0	0
3	65420729	3_65420729_C_T	C	T	7775	7057	7737	7057	0	0	NA	0	0	0	0
3	65519265	3_65519265_G_A	G	A	7153	6561	7094	6561	0	0	NA	4	1	1	1
3	65995263	3_65995263_A_T	A	T	7840	7396	7786	7396	0	0	NA	0	0	0	0
3	68251329	3_68251329_C_G	C	G	7949	6957	7899	6957	0	0	NA	0	0	0	0
3	71513783	3_71513783_T_A	T	A	8013	7185	7956	7185	0	0	NA	0	0	0	0
3	73762472	3_73762472_T_G	T	G	7354	6718	7335	6718	0	0	NA	0	0	0	0
3	80388123	3_80388123_G_T	G	T	8138	7210	8107	7210	0	0	NA	0	0	0	0
3	80974264	3_80974264_A_C	A	C	8243	7480	8192	7479	0	0	NA	0	0	0	0
3	84714814	3_84714814_A_G	A	G	6908	6349	6880	6349	0	0	NA	1	0	0	0
3	94150654	3_94150654_A_C	A	C	7089	6441	7065	6441	0	0	NA	0	0	0	0
3	108219048	3_108219048_G_A	G	A	7380	6756	7322	6756	0	0	NA	1	0	0	0
3	114409332	3_114409332_C_T	C	T	8447	7811	8406	7811	0	0	NA	0	0	0	0
3	114814525	3_114814525_T_C	T	C	7925	7456	7898	7456	0	0	NA	0	0	0	0
3	115327929	3_115327929_A_G	A	G	8279	7620	8251	7620	0	0	NA	1	0	0	0
3	118664730	3_118664730_G_T	G	T	8015	7516	7968	7516	0	0	NA	2	0	0	0
3	118751695	3_118751695_C_T	C	T	9521	8241	9478	8241	0	0	NA	2	0	0	0
3	145681371	3_145681371_G_A	G	A	8376	7394	8326	7394	0	0	NA	4	0	0	0
3	147518321	3_147518321_C_T	C	T	8592	7657	8522	7657	0	0	NA	1	1	0	0
3	162200008	3_162200008_T_A	T	A	7592	6964	7564	6964	0	0	NA	0	0	0	0
3	163278807	3_163278807_C_A	C	A	8624	7784	8547	7784	0	0	NA	0	0	0	0
3	165405573	3_165405573_C_A	C	A	8873	8100	8820	8100	0	0	NA	0	0	0	0
3	170074186	3_170074186_T_G	T	G	7414	6486	7385	6486	0	0	NA	2	0	0	0
3	173376612	3_173376612_C_A	C	A	8319	7628	8252	7628	0	0	NA	0	0	0	0
3	179728708	3_179728708_C_A	C	A	6717	6375	6680	6375	0	0	NA	0	0	0	0
3	182154406	3_182154406_C_A	C	A	8998	7909	8946	7909	0	0	NA	0	0	0	0
3	189031775	3_189031775_C_T	C	T	6779	6463	6721	6463	0	0	NA	1	0	0	0
3	191718752	3_191718752_G_T	G	T	7462	7078	7429	7078	0	0	NA	3	0	0	0
3	193765225	3_193765225_G_A	G	A	9103	7898	9031	7898	0	0	NA	2	0	0	0
4	5146904	4_5146904_C_G	C	G	7650	7179	7594	7179	0	0	NA	0	0	0	0
4	6454501	4_6454501_C_A	C	A	7959	7185	7909	7185	0	0	NA	2	0	0	0
4	8560715	4_8560715_T_G	T	G	7703	6617	7597	6617	0	0	NA	2	0	0	0
4	10371038	4_10371038_G_T	G	T	9038	7578	9010	7578	0	0	NA	0	0	0	0
4	16807187	4_16807187_C_T	C	T	8684	7893	8621	7893	0	0	NA	0	0	0	0
4	18944078	4_18944078_C_T	C	T	8621	7795	8538	7795	0	0	NA	1	0	0	0
4	20668621	4_20668621_G_T	G	T	4747	4294	4709	4294	0	0	NA	0	0	0	0
4	22990793	4_22990793_G_T	G	T	7973	7207	7930	7207	0	0	NA	1	0	0	0
4	28190280	4_28190280_G_T	G	T	8367	7473	8331	7473	0	0	NA	0	0	0	0
4	30330112	4_30330112_G_T	G	T	8752	7625	8691	7625	0	0	NA	2	0	0	0
4	32591125	4_32591125_T_A	T	A	8483	7850	8453	7850	0	0	NA	0	0	0	0
4	33016232	4_33016232_G_A	G	A	7938	7066	7890	7066	0	0	NA	2	0	0	0
4	46789871	4_46789871_T_A	T	A	7979	7179	7924	7177	2	2	NA	2	3	3	3
4	47384364	4_47384364_G_C	G	C	7992	7351	7938	7351	0	0	NA	0	0	0	0
4	47506368	4_47506368_G_A	G	A	8456	7712	8403	7712	0	0	NA	3	0	0	0
4	52922055	4_52922055_G_A	G	A	7669	7055	7604	7055	0	0	NA	1	0	0	0
4	58585703	4_58585703_C_A	C	A	6236	5658	6202	5658	0	0	NA	0	0	0	0
4	62263050	4_62263050_C_A	C	A	7545	6991	7505	6991	0	0	NA	1	0	0	0
4	69972036	4_69972036_T_A	T	A	8200	7581	8174	7581	0	0	NA	0	0	0	0
4	72332831	4_72332831_T_G	T	G	7709	6818	7692	6818	0	0	NA	0	0	0	0
4	79241301	4_79241301_G_T	G	T	8679	7935	8633	7935	0	0	NA	1	0	0	0
4	83518052	4_83518052_G_A	G	A	7975	7277	7909	7277	0	0	NA	1	0	0	0
4	86043168	4_86043168_T_C	T	C	7799	7089	4094	3750	3645	3339	NA	6	6172	5640	5640
4	86441426	4_86441426_T_A	T	A	8630	7706	8542	7706	0	0	NA	2	0	0	0
4	95693311	4_95693311_A_G	A	G	8061	7260	8021	7260	0	0	NA	0	0	0	0
4	99692429	4_99692429_C_A	C	A	7784	7252	7745	7252	0	0	NA	0	0	0	0
4	101251769	4_101251769_C_G	C	G	6087	5762	6060	5762	0	0	NA	0	0	0	0
4	115076888	4_115076888_T_C	T	C	7333	7082	7308	7082	0	0	NA	0	0	0	0
4	118635047	4_118635047_T_A	T	A	6120	5419	6074	5419	0	0	NA	1	0	0	0
4	134130048	4_134130048_A_T	A	T	8437	7701	8399	7701	0	0	NA	0	0	0	0
4	140968506	4_140968506_G_C	G	C	7475	6614	7452	6614	0	0	NA	0	0	0	0
4	146267970	4_146267970_G_A	G	A	6981	6096	6924	6096	0	0	NA	6	1	1	1
4	148466779	4_148466779_G_T	G	T	7909	7368	7865	7368	0	0	NA	0	0	0	0
4	160602003	4_160602003_T_G	T	G	8346	7547	8310	7547	0	0	NA	1	0	0	0
4	162244041	4_162244041_C_A	C	A	7168	6586	7128	6586	0	0	NA	0	1	0	0
4	170520368	4_170520368_C_T	C	T	6628	6307	6598	6307	0	0	NA	0	0	0	0
4	177028191	4_177028191_A_T	A	T	7018	6634	6996	6634	0	0	NA	0	0	0	0
4	178383508	4_178383508_G_T	G	T	7759	7101	7715	7101	0	0	NA	0	0	0	0
4	184294418	4_184294418_C_T	C	T	8533	7504	8476	7504	0	0	NA	1	0	0	0
4	184461623	4_184461623_T_G	T	G	1938	1571	1918	1571	0	0	NA	0	0	0	0
4	184800359	4_184800359_C_T	C	T	8068	7378	8036	7378	0	0	NA	1	0	0	0
4	187275838	4_187275838_G_T	G	T	8195	7622	8163	7622	0	0	NA	1	0	0	0
4	190754449	4_190754449_C_T	C	T	7975	6997	7918	6996	1	1	NA	2	2	2	2
5	943595	5_943595_A_C	A	C	8552	7365	8481	7365	0	0	NA	1	0	0	0
5	1777334	5_1777334_G_A	G	A	8007	7165	7975	7165	0	0	NA	0	0	0	0
5	3373910	5_3373910_C_A	C	A	8672	7355	8618	7355	0	0	NA	1	0	0	0
5	3388455	5_3388455_G_C	G	C	6935	6174	6889	6174	0	0	NA	0	0	0	0
5	3751252	5_3751252_G_A	G	A	7861	7204	7815	7204	0	0	NA	0	1	0	0
5	5710750	5_5710750_C_A	C	A	9067	7900	9009	7900	0	0	NA	1	0	0	0
5	12243435	5_12243435_A_T	A	T	7894	7350	7859	7350	0	0	NA	0	0	0	0
5	22978073	5_22978073_C_A	C	A	8024	7388	7959	7388	0	0	NA	0	0	0	0
5	24848887	5_24848887_T_C	T	C	8246	7423	8203	7423	0	0	NA	0	0	0	0
5	26488291	5_26488291_A_G	A	G	9394	8258	9351	8258	0	0	NA	1	0	0	0
5	29013188	5_29013188_A_G	A	G	7792	7049	7735	7049	0	0	NA	1	0	0	0
5	29511947	5_29511947_C_T	C	T	7974	7429	7919	7429	0	0	NA	1	0	0	0
5	39361769	5_39361769_T_A	T	A	8117	7166	8068	7166	0	0	NA	0	0	0	0
5	56665504	5_56665504_A_G	A	G	7968	7510	7941	7510	0	0	NA	0	0	0	0
5	65642503	5_65642503_A_C	A	C	8712	7850	8679	7850	0	0	NA	0	0	0	0
5	77001363	5_77001363_C_A	C	A	7531	7062	7482	7062	0	0	NA	1	2	1	1
5	80244156	5_80244156_C_A	C	A	7019	6614	6954	6614	0	0	NA	0	0	0	0
5	87387030	5_87387030_C_A	C	A	7664	7129	7624	7129	0	0	NA	0	0	0	0
5	87832738	5_87832738_C_A	C	A	8723	7907	8669	7907	0	0	NA	1	0	0	0
5	89236136	5_89236136_C_T	C	T	7438	6991	7387	6991	0	0	NA	0	0	0	0
5	101373350	5_101373350_G_A	G	A	7495	6815	7459	6815	0	0	NA	1	0	0	0
5	104358129	5_104358129_A_G	A	G	7661	7241	7617	7241	0	0	NA	0	0	0	0
5	110034627	5_110034627_T_C	T	C	6976	6532	6953	6532	0	0	NA	2	0	0	0
5	119334885	5_119334885_T_A	T	A	8055	7316	8016	7316	0	0	NA	1	0	0	0
5	129684817	5_129684817_C_A	C	A	4245	3999	4228	3999	0	0	NA	2	0	0	0
5	130291249	5_130291249_G_T	G	T	5337	5143	5311	5143	0	0	NA	1	0	0	0
5	131335958	5_131335958_G_A	G	A	8563	7719	8529	7718	1	1	NA	0	1	1	1
5	131394828	5_131394828_C_A	C	A	8440	7610	8405	7610	0	0	NA	2	0	0	0
5	134384217	5_134384217_T_C	T	C	7780	7131	7720	7131	0	0	NA	0	0	0	0
5	135028544	5_135028544_G_T	G	T	9567	8363	9498	8363	0	0	NA	2	0	0	0
5	136548823	5_136548823_G_T	G	T	7387	6883	7337	6883	0	0	NA	1	0	0	0
5	138243216	5_138243216_G_T	G	T	7577	6903	7541	6903	0	0	NA	0	0	0	0
5	146841472	5_146841472_C_A	C	A	7987	7202	4241	3863	3689	3339	NA	7	6213	5675	5675
5	149675245	5_149675245_A_C	A	C	7728	7035	7681	7035	0	0	NA	1	0	0	0
5	151654454	5_151654454_G_A	G	A	7889	7106	7858	7106	0	0	NA	0	0	0	0
5	152118334	5_152118334_G_T	G	T	8241	7403	8204	7403	0	0	NA	1	0	0	0
5	153860878	5_153860878_A_C	A	C	4509	4332	4483	4332	0	0	NA	0	0	0	0
5	155219100	5_155219100_C_G	C	G	8859	7729	8794	7729	0	0	NA	0	0	0	0
5	158881544	5_158881544_T_A	T	A	7567	7163	7537	7163	0	0	NA	0	0	0	0
5	163434675	5_163434675_A_G	A	G	8724	7807	8705	7807	0	0	NA	0	0	0	0
5	163924808	5_163924808_A_G	A	G	8991	7907	8939	7907	0	0	NA	0	0	0	0
5	165705468	5_165705468_T_C	T	C	8168	7760	8144	7760	0	0	NA	0	0	0	0
5	165737180	5_165737180_T_A	T	A	7462	6924	7444	6924	0	0	NA	0	0	0	0
5	166871754	5_166871754_C_T	C	T	7911	7179	7848	7179	0	0	NA	3	0	0	0
5	167332502	5_167332502_G_T	G	T	8903	7968	8856	7968	0	0	NA	0	0	0	0
5	172015932	5_172015932_T_C	T	C	6786	6113	6756	6113	0	0	NA	0	1	0	0
5	173729486	5_173729486_G_C	G	C	8692	7585	8616	7585	0	0	NA	0	0	0	0
5	176316956	5_176316956_A_C	A	C	7727	6638	7611	6638	0	0	NA	2	0	0	0
5	178115866	5_178115866_T_C	T	C	7763	7368	7712	7368	0	0	NA	0	0	0	0
6	316460	6_316460_T_A	T	A	10623	9477	10591	9477	0	0	NA	0	0	0	0
6	765711	6_765711_C_T	C	T	7871	6725	7832	6725	0	0	NA	1	0	0	0
6	988688	6_988688_G_T	G	T	6113	5641	6051	5641	0	0	NA	1	0	0	0
6	2752860	6_2752860_G_T	G	T	9000	7991	8973	7991	0	0	NA	0	0	0	0
6	7085224	6_7085224_C_T	C	T	6378	5751	6304	5751	0	0	NA	3	2	2	2
6	7180927	6_7180927_G_T	G	T	8390	7505	8339	7505	0	0	NA	2	0	0	0
6	8391853	6_8391853_A_C	A	C	8416	7579	8384	7579	0	0	NA	0	0	0	0
6	8533298	6_8533298_C_A	C	A	8690	7698	8600	7698	0	0	NA	1	0	0	0
6	9188986	6_9188986_C_A	C	A	8123	7165	8082	7165	0	0	NA	0	0	0	0
6	20401337	6_20401337_C_A	C	A	7065	6396	7014	6396	0	0	NA	1	0	0	0
6	20542965	6_20542965_G_C	G	C	8005	7333	7957	7333	0	0	NA	0	0	0	0
6	22303031	6_22303031_G_T	G	T	8652	7952	8612	7952	0	0	NA	2	0	0	0
6	33607723	6_33607723_C_A	C	A	7714	7323	7684	7323	0	0	NA	0	1	0	0
6	35697580	6_35697580_C_A	C	A	8583	7886	8532	7886	0	0	NA	0	0	0	0
6	37543616	6_37543616_G_T	G	T	5325	5102	5310	5102	0	0	NA	0	0	0	0
6	37631614	6_37631614_A_C	A	C	8472	7370	8393	7370	0	0	NA	1	0	0	0
6	38308799	6_38308799_C_T	C	T	7592	6919	7537	6919	0	0	NA	0	0	0	0
6	38605902	6_38605902_C_T	C	T	6835	6550	6796	6550	0	0	NA	0	0	0	0
6	39280874	6_39280874_A_T	A	T	7936	6807	7843	6807	0	0	NA	1	0	0	0
6	40164905	6_40164905_T_G	T	G	7404	6918	7377	6918	0	0	NA	0	0	0	0
6	40214093	6_40214093_A_T	A	T	7476	6968	7425	6968	0	0	NA	0	0	0	0
6	40277944	6_40277944_C_T	C	T	8020	7168	7964	7168	0	0	NA	0	0	0	0
6	43229858	6_43229858_G_T	G	T	8119	7323	8061	7323	0	0	NA	1	0	0	0
6	43480931	6_43480931_C_A	C	A	8685	7530	8600	7530	0	0	NA	1	0	0	0
6	45790385	6_45790385_G_T	G	T	8412	7776	8358	7776	0	0	NA	2	0	0	0
6	45809418	6_45809418_A_C	A	C	7778	6766	7725	6766	0	0	NA	0	0	0	0
6	46002670	6_46002670_C_A	C	A	8184	7597	8153	7597	0	0	NA	0	0	0	0
6	51544265	6_51544265_G_T	G	T	5204	4383	5172	4383	0	0	NA	1	0	0	0
6	52418969	6_52418969_T_A	T	A	8195	7212	8145	7212	0	0	NA	0	0	0	0
6	52736874	6_52736874_G_T	G	T	7589	7199	7541	7199	0	0	NA	1	0	0	0
6	56051919	6_56051919_C_T	C	T	8720	7959	8667	7959	0	0	NA	1	1	1	1
6	67625504	6_67625504_C_T	C	T	7551	6837	7482	6837	0	0	NA	5	0	0	0
6	68881541	6_68881541_C_A	C	A	5131	4863	5095	4863	0	0	NA	3	0	0	0
6	69344398	6_69344398_G_T	G	T	7766	6798	7728	6798	0	0	NA	0	0	0	0
6	77242996	6_77242996_G_A	G	A	7952	6987	7926	6987	0	0	NA	1	0	0	0
6	86863962	6_86863962_A_T	A	T	9610	8262	9533	8262	0	0	NA	0	0	0	0
6	91521218	6_91521218_A_G	A	G	6963	6582	6933	6582	0	0	NA	3	0	0	0
6	93503092	6_93503092_T_G	T	G	8296	7617	8243	7617	0	0	NA	2	0	0	0
6	96773372	6_96773372_T_C	T	C	7391	7055	7362	7055	0	0	NA	2	0	0	0
6	97879258	6_97879258_G_A	G	A	8698	7849	8649	7849	0	0	NA	2	0	0	0
6	98766794	6_98766794_G_T	G	T	8524	7822	8485	7822	0	0	NA	1	0	0	0
6	100700058	6_100700058_A_C	A	C	6098	5650	6080	5650	0	0	NA	0	0	0	0
6	103543522	6_103543522_G_T	G	T	7017	6360	6974	6360	0	0	NA	1	0	0	0
6	104121961	6_104121961_T_A	T	A	7932	7421	7898	7421	0	0	NA	0	0	0	0
6	106176585	6_106176585_A_C	A	C	8505	7701	8457	7701	0	0	NA	0	0	0	0
6	108409877	6_108409877_T_C	T	C	9081	8066	9040	8066	0	0	NA	2	0	0	0
6	108754117	6_108754117_G_T	G	T	6778	6221	6737	6221	0	0	NA	2	0	0	0
6	118283796	6_118283796_C_T	C	T	8433	7565	8372	7563	2	2	NA	1	2	2	2
6	145729553	6_145729553_C_T	C	T	8382	7471	8343	7471	0	0	NA	4	0	0	0
6	148906361	6_148906361_T_A	T	A	8022	7275	7983	7275	0	0	NA	0	0	0	0
6	150256794	6_150256794_G_T	G	T	8143	7255	8088	7255	0	0	NA	0	1	0	0
6	154111312	6_154111312_G_T	G	T	8150	7206	8117	7205	0	0	NA	1	0	0	0
6	154615563	6_154615563_A_T	A	T	7895	7160	7861	7160	0	0	NA	0	0	0	0
6	154727552	6_154727552_G_A	G	A	7835	6806	7793	6806	0	0	NA	2	0	0	0
6	158109073	6_158109073_T_A	T	A	8138	7151	8085	7151	0	0	NA	0	0	0	0
6	162931768	6_162931768_A_T	A	T	8422	7191	8372	7191	0	0	NA	0	0	0	0
6	166130485	6_166130485_T_G	T	G	8101	7474	8070	7474	0	0	NA	0	0	0	0
6	166239295	6_166239295_C_G	C	G	8405	7599	8351	7599	0	0	NA	0	0	0	0
6	167334849	6_167334849_C_T	C	T	7184	6730	7142	6730	0	0	NA	0	0	0	0
7	4250682	7_4250682_G_A	G	A	8489	7260	8433	7260	0	0	NA	0	0	0	0
7	4305708	7_4305708_C_A	C	A	8381	7262	8348	7262	0	0	NA	1	0	0	0
7	4571387	7_4571387_T_C	T	C	7887	7188	7855	7188	0	0	NA	3	0	0	0
7	7316915	7_7316915_G_T	G	T	6795	6061	6725	6061	0	0	NA	3	0	0	0
7	9134153	7_9134153_G_C	G	C	6693	6171	6649	6171	0	0	NA	0	0	0	0
7	14603783	7_14603783_G_T	G	T	7713	6935	7674	6935	0	0	NA	1	0	0	0
7	17294970	7_17294970_G_T	G	T	7711	7178	7662	7178	0	0	NA	0	0	0	0
7	18782678	7_18782678_C_T	C	T	7130	6566	7065	6566	0	0	NA	3	2	2	2
7	22435049	7_22435049_C_A	C	A	8077	7356	8033	7356	0	0	NA	0	0	0	0
7	22594551	7_22594551_C_A	C	A	7936	7428	7885	7428	0	0	NA	0	0	0	0
7	26195365	7_26195365_G_A	G	A	7911	7055	7866	7055	0	0	NA	2	0	0	0
7	29050608	7_29050608_C_T	C	T	7376	7013	7342	7013	0	0	NA	1	0	0	0
7	31015260	7_31015260_T_G	T	G	8415	7268	8358	7268	0	0	NA	1	0	0	0
7	34939532	7_34939532_C_T	C	T	7740	6924	7700	6924	0	0	NA	0	0	0	0
7	38363524	7_38363524_A_C	A	C	7007	6256	6976	6256	0	0	NA	0	0	0	0
7	38642566	7_38642566_T_A	T	A	7743	6826	7691	6826	0	0	NA	0	0	0	0
7	41540519	7_41540519_C_T	C	T	8412	7579	8365	7579	0	0	NA	2	0	0	0
7	43240748	7_43240748_G_T	G	T	7886	6985	7846	6985	0	0	NA	1	0	0	0
7	54198565	7_54198565_G_T	G	T	8256	7338	8215	7338	0	0	NA	0	0	0	0
7	55228007	7_55228007_A_T	A	T	7377	6776	7346	6776	0	0	NA	0	0	0	0
7	64363752	7_64363752_G_T	G	T	7684	7020	7656	7020	0	0	NA	1	1	1	1
7	68674536	7_68674536_C_T	C	T	8300	7443	8237	7443	0	0	NA	2	0	0	0
7	70599601	7_70599601_C_A	C	A	8595	7514	8540	7514	0	0	NA	1	0	0	0
7	71091718	7_71091718_G_T	G	T	8460	7827	8417	7827	0	0	NA	0	0	0	0
7	72901618	7_72901618_C_T	C	T	8117	7284	8049	7284	0	0	NA	2	1	0	0
7	73940951	7_73940951_C_T	C	T	7714	6891	7643	6891	0	0	NA	3	0	0	0
7	89565420	7_89565420_T_A	T	A	8762	7578	8723	7578	0	0	NA	0	0	0	0
7	94687912	7_94687912_A_G	A	G	8673	7851	8630	7851	0	0	NA	0	0	0	0
7	96034313	7_96034313_G_A	G	A	7684	6985	7641	6985	0	0	NA	2	0	0	0
7	104414108	7_104414108_G_A	G	A	7119	6471	7077	6471	0	0	NA	0	0	0	0
7	105503110	7_105503110_C_G	C	G	7297	6782	7262	6782	0	0	NA	1	0	0	0
7	126698741	7_126698741_A_G	A	G	6832	6435	6808	6435	0	0	NA	0	1	1	1
7	126948531	7_126948531_C_T	C	T	8424	7568	8353	7568	0	0	NA	2	0	0	0
7	127797564	7_127797564_C_A	C	A	8001	7258	7966	7258	0	0	NA	0	0	0	0
7	130581196	7_130581196_A_G	A	G	8159	7319	8120	7319	0	0	NA	0	0	0	0
7	132351885	7_132351885_T_G	T	G	8086	7084	8046	7084	0	0	NA	0	0	0	0
7	133118033	7_133118033_A_T	A	T	7856	7147	7817	7147	0	0	NA	0	0	0	0
7	137001936	7_137001936_G_T	G	T	8121	7318	8075	7318	0	0	NA	1	0	0	0
7	137897208	7_137897208_T_G	T	G	7254	6612	7197	6612	0	0	NA	2	0	0	0
7	142576603	7_142576603_G_T	G	T	7949	7079	7903	7079	0	0	NA	0	0	0	0
7	151824820	7_151824820_A_G	A	G	8460	7689	8415	7689	0	0	NA	2	0	0	0
7	156028246	7_156028246_C_A	C	A	6739	6039	6689	6039	0	0	NA	2	1	1	1
7	156188031	7_156188031_G_T	G	T	7479	6829	7445	6829	0	0	NA	0	0	0	0
7	157161826	7_157161826_G_T	G	T	8616	7419	8569	7419	0	0	NA	2	0	0	0
8	436684	8_436684_T_C	T	C	7675	6795	7634	6795	0	0	NA	1	0	0	0
8	2386562	8_2386562_C_T	C	T	8894	7895	8840	7895	0	0	NA	2	0	0	0
8	5985737	8_5985737_G_T	G	T	8759	7496	8702	7496	0	0	NA	2	0	0	0
8	9204880	8_9204880_A_T	A	T	5268	4904	5250	4904	0	0	NA	1	0	0	0
8	11602342	8_11602342_C_T	C	T	8130	7472	8082	7472	0	0	NA	0	0	0	0
8	12861991	8_12861991_C_T	C	T	8079	7309	8008	7309	0	0	NA	1	0	0	0
8	14137040	8_14137040_A_C	A	C	7100	6490	7061	6490	0	0	NA	0	0	0	0
8	19745880	8_19745880_A_T	A	T	7874	7120	7843	7120	0	0	NA	0	0	0	0
8	24815023	8_24815023_C_A	C	A	8457	7345	8416	7345	0	0	NA	0	0	0	0
8	25985150	8_25985150_T_C	T	C	7365	6831	7347	6831	0	0	NA	0	0	0	0
8	36565168	8_36565168_G_A	G	A	7613	7006	7537	7006	0	0	NA	5	0	0	0
8	41506667	8_41506667_G_T	G	T	8007	7013	7939	7013	0	0	NA	0	0	0	0
8	48046219	8_48046219_C_A	C	A	6406	5938	6371	5938	0	0	NA	0	0	0	0
8	56472926	8_56472926_G_A	G	A	8751	7735	8664	7735	0	0	NA	3	0	0	0
8	62059369	8_62059369_G_C	G	C	8993	7828	8928	7828	0	0	NA	0	0	0	0
8	63002949	8_63002949_T_C	T	C	7126	6580	7081	6579	1	1	NA	0	1	1	1
8	65214913	8_65214913_G_T	G	T	8008	7388	7951	7388	0	0	NA	1	0	0	0
8	73796732	8_73796732_C_A	C	A	8008	7561	7945	7561	0	0	NA	0	0	0	0
8	74269563	8_74269563_G_A	G	A	8495	7255	8443	7255	0	0	NA	1	0	0	0
8	75566391	8_75566391_T_A	T	A	8138	7447	8102	7447	0	0	NA	0	0	0	0
8	76520702	8_76520702_G_T	G	T	7615	7105	7568	7105	0	0	NA	3	1	1	1
8	76709869	8_76709869_C_T	C	T	8657	7746	8556	7746	0	0	NA	6	0	0	0
8	87564540	8_87564540_T_C	T	C	7677	6846	7652	6846	0	0	NA	0	0	0	0
8	98850614	8_98850614_G_A	G	A	7478	6747	7438	6747	0	0	NA	1	0	0	0
8	101558517	8_101558517_T_G	T	G	7816	6929	7790	6929	0	0	NA	0	0	0	0
8	101609040	8_101609040_A_C	A	C	6995	6333	6965	6333	0	0	NA	0	0	0	0
8	103026992	8_103026992_T_A	T	A	6312	5799	6286	5799	0	0	NA	0	0	0	0
8	104914763	8_104914763_G_A	G	A	7718	6948	7677	6948	0	0	NA	0	2	0	0
8	112929463	8_112929463_A_T	A	T	8336	7488	8276	7487	1	1	NA	0	1	1	1
8	113147776	8_113147776_C_A	C	A	7991	7151	7961	7151	0	0	NA	0	0	0	0
8	124031192	8_124031192_C_A	C	A	7441	6630	7395	6630	0	0	NA	1	0	0	0
8	125127331	8_125127331_C_A	C	A	7664	6868	7607	6868	0	0	NA	2	0	0	0
8	131040552	8_131040552_A_T	A	T	8660	7616	8629	7616	0	0	NA	0	0	0	0
8	143947299	8_143947299_C_A	C	A	7232	6447	7193	6447	0	0	NA	1	1	0	0
8	144870040	8_144870040_T_A	T	A	8095	6613	8067	6613	0	0	NA	1	0	0	0
8	145123078	8_145123078_C_A	C	A	8072	7238	8018	7238	0	0	NA	0	0	0	0
9	832214	9_832214_A_T	A	T	7818	6935	7786	6935	0	0	NA	0	0	0	0
9	12704306	9_12704306_A_T	A	T	7977	7427	7941	7427	0	0	NA	0	0	0	0
9	13649016	9_13649016_G_A	G	A	7445	6875	7403	6875	0	0	NA	0	0	0	0
9	14919592	9_14919592_T_C	T	C	8926	8103	8885	8103	0	0	NA	1	0	0	0
9	15635326	9_15635326_G_T	G	T	6901	6525	6853	6525	0	0	NA	2	0	0	0
9	25410106	9_25410106_C_A	C	A	8155	7444	8124	7444	1	0	NA	1	1	0	0
9	34491563	9_34491563_G_T	G	T	7226	6602	7179	6602	0	0	NA	1	0	0	0
9	35826257	9_35826257_T_G	T	G	7615	6800	7555	6800	0	0	NA	2	0	0	0
9	77205581	9_77205581_T_A	T	A	8722	7986	8685	7986	0	0	NA	0	0	0	0
9	81238715	9_81238715_A_G	A	G	8176	7591	8141	7591	0	0	NA	1	0	0	0
9	82441656	9_82441656_A_G	A	G	7381	6809	7360	6808	1	1	NA	0	1	1	1
9	83995887	9_83995887_A_C	A	C	7886	6948	7845	6948	0	0	NA	0	0	0	0
9	87873828	9_87873828_T_C	T	C	7936	7183	7880	7183	0	0	NA	0	0	0	0
9	89256772	9_89256772_T_A	T	A	8239	7669	8211	7669	0	0	NA	0	0	0	0
9	95632449	9_95632449_C_T	C	T	7385	6867	7335	6867	0	0	NA	0	0	0	0
9	104355753	9_104355753_T_C	T	C	8935	8009	8897	8009	0	0	NA	0	0	0	0
9	111355439	9_111355439_G_A	G	A	8539	7784	8496	7784	0	0	NA	0	0	0	0
9	119436779	9_119436779_A_C	A	C	8800	7937	8768	7937	0	0	NA	0	0	0	0
9	120248520	9_120248520_A_T	A	T	7466	6968	7433	6968	0	0	NA	0	0	0	0
9	121179903	9_121179903_T_A	T	A	7413	6670	7387	6670	0	0	NA	0	0	0	0
9	122507334	9_122507334_C_T	C	T	7415	6901	7358	6901	0	0	NA	0	0	0	0
9	125138056	9_125138056_G_A	G	A	8374	7439	8328	7439	0	0	NA	0	1	1	1
9	129211974	9_129211974_T_G	T	G	7669	6944	7638	6944	0	0	NA	1	0	0	0
9	130178106	9_130178106_T_C	T	C	9285	8295	9239	8295	0	0	NA	0	0	0	0
9	132436012	9_132436012_C_G	C	G	6918	5169	6907	5169	0	0	NA	0	0	0	0
9	133507676	9_133507676_C_T	C	T	7438	6393	3760	3272	3619	3121	NA	8	6063	5227	5227
9	139135681	9_139135681_T_A	T	A	7997	7244	7942	7244	0	0	NA	0	0	0	0
10	1464392	10_1464392_A_G	A	G	7675	7183	7640	7183	1	0	NA	0	1	0	0
10	2517008	10_2517008_G_A	G	A	7378	6771	7340	6771	0	0	NA	5	1	0	0
10	4297807	10_4297807_T_G	T	G	8750	7901	8712	7901	0	0	NA	0	0	0	0
10	7554625	10_7554625_A_T	A	T	8906	7724	8830	7724	0	0	NA	1	0	0	0
10	11402556	10_11402556_C_A	C	A	8733	7664	8682	7663	1	1	NA	2	1	1	1
10	15703265	10_15703265_C_A	C	A	7403	6783	7339	6783	0	0	NA	3	0	0	0
10	32574012	10_32574012_A_T	A	T	6512	6190	6464	6190	0	0	NA	0	0	0	0
10	34457239	10_34457239_C_T	C	T	8250	7554	8189	7554	0	0	NA	0	0	0	0
10	36596820	10_36596820_A_C	A	C	7499	6704	7462	6704	0	0	NA	0	0	0	0
10	38023378	10_38023378_T_C	T	C	8499	7556	8467	7556	0	0	NA	0	0	0	0
10	43777953	10_43777953_C_A	C	A	8036	7181	7976	7181	0	0	NA	0	0	0	0
10	50615169	10_50615169_G_A	G	A	7345	6744	7310	6744	0	0	NA	1	0	0	0
10	57079669	10_57079669_G_T	G	T	8187	7440	8150	7440	0	0	NA	0	0	0	0
10	67694706	10_67694706_G_T	G	T	7708	6909	7677	6909	0	0	NA	1	0	0	0
10	69968699	10_69968699_G_C	G	C	9130	8329	9079	8329	0	0	NA	1	0	0	0
10	72076218	10_72076218_G_T	G	T	8612	7354	8569	7354	0	0	NA	1	0	0	0
10	72435150	10_72435150_G_T	G	T	7785	7057	7722	7057	0	0	NA	2	0	0	0
10	76725387	10_76725387_T_G	T	G	7102	6674	7066	6674	0	0	NA	0	0	0	0
10	81257121	10_81257121_A_T	A	T	7992	7390	7938	7390	0	0	NA	0	0	0	0
10	85551072	10_85551072_C_A	C	A	9506	8205	9456	8205	0	0	NA	1	1	1	1
10	86893232	10_86893232_G_A	G	A	9251	8340	9189	8340	0	0	NA	1	0	0	0
10	87493037	10_87493037_C_A	C	A	8081	7186	7992	7186	0	0	NA	0	0	0	0
10	90134522	10_90134522_A_T	A	T	7512	6943	7475	6943	0	0	NA	0	0	0	0
10	106883276	10_106883276_A_G	A	G	6163	5896	6137	5896	0	0	NA	0	0	0	0
10	110090521	10_110090521_G_C	G	C	7984	7349	7938	7349	0	0	NA	0	0	0	0
10	112375534	10_112375534_T_C	T	C	7622	7083	7605	7083	0	0	NA	0	0	0	0
10	113740815	10_113740815_G_A	G	A	8628	7806	8501	7806	0	0	NA	9	1	1	1
10	118436676	10_118436676_C_A	C	A	7423	6574	7394	6574	0	0	NA	0	0	0	0
10	118441024	10_118441024_G_T	G	T	9188	7980	9142	7980	0	0	NA	0	0	0	0
10	122081825	10_122081825_G_T	G	T	8215	7549	8164	7549	0	0	NA	0	0	0	0
11	1094866	11_1094866_C_T	C	T	8201	7256	8167	7256	0	0	NA	0	0	0	0
11	1681081	11_1681081_A_T	A	T	7107	6595	7076	6595	0	0	NA	0	0	0	0
11	8759897	11_8759897_G_T	G	T	8916	7742	8850	7742	0	0	NA	0	0	0	0
11	10374795	11_10374795_A_G	A	G	8123	5494	8100	5494	0	0	NA	0	0	0	0
11	16516510	11_16516510_C_T	C	T	8582	7397	8515	7397	0	0	NA	1	1	1	1
11	16851936	11_16851936_G_A	G	A	9113	7890	9030	7890	0	0	NA	2	2	1	1
11	21129391	11_21129391_G_T	G	T	8999	8156	8971	8156	0	0	NA	0	0	0	0
11	21797616	11_21797616_A_T	A	T	8408	7407	8354	7407	0	0	NA	0	0	0	0
11	33803749	11_33803749_C_T	C	T	8682	7719	8628	7719	0	0	NA	1	0	0	0
11	35118675	11_35118675_A_T	A	T	8766	7826	8706	7826	0	0	NA	0	0	0	0
11	41957872	11_41957872_G_T	G	T	8445	7846	8383	7846	0	0	NA	4	0	0	0
11	45306212	11_45306212_C_T	C	T	7259	6522	7128	6522	0	0	NA	6	2	2	2
11	46690713	11_46690713_T_A	T	A	7643	7117	7614	7117	0	0	NA	0	0	0	0
11	48057597	11_48057597_C_A	C	A	7605	7125	7544	7125	0	0	NA	0	1	0	0
11	63300960	11_63300960_C_G	C	G	9667	8262	9584	8262	0	0	NA	0	0	0	0
11	63790268	11_63790268_A_C	A	C	6123	5449	3291	2974	2796	2475	NA	6	5185	4534	4534
11	65338414	11_65338414_G_T	G	T	8233	7118	8186	7118	1	0	NA	1	1	0	0
11	67075270	11_67075270_T_G	T	G	7474	6633	7339	6633	0	0	NA	4	0	0	0
11	67198865	11_67198865_C_G	C	G	7360	6445	7314	6445	0	0	NA	0	1	0	0
11	68024453	11_68024453_C_A	C	A	8284	7117	8252	7117	0	0	NA	1	0	0	0
11	70614837	11_70614837_T_G	T	G	7850	7168	7797	7168	0	0	NA	1	0	0	0
11	74970995	11_74970995_A_T	A	T	7942	7158	7910	7158	0	0	NA	0	0	0	0
11	76406784	11_76406784_G_T	G	T	9402	8130	9356	8130	0	0	NA	0	0	0	0
11	79378943	11_79378943_C_T	C	T	8457	7699	8421	7699	0	0	NA	1	0	0	0
11	80941350	11_80941350_C_T	C	T	9103	8173	9040	8173	0	0	NA	0	0	0	0
11	81323368	11_81323368_G_A	G	A	8113	7056	8070	7056	0	0	NA	2	0	0	0
11	92469364	11_92469364_G_T	G	T	8596	7483	8521	7483	0	0	NA	0	0	0	0
11	95238940	11_95238940_C_T	C	T	7965	7200	7866	7200	0	0	NA	1	0	0	0
11	97126608	11_97126608_C_A	C	A	8488	7728	8450	7728	0	0	NA	2	0	0	0
11	108852985	11_108852985_C_A	C	A	9097	8324	9060	8324	0	0	NA	0	0	0	0
11	110375934	11_110375934_A_C	A	C	8528	7595	8481	7595	0	0	NA	1	0	0	0
11	110396731	11_110396731_C_T	C	T	9126	8002	9092	8002	0	0	NA	0	0	0	0
11	110401701	11_110401701_C_A	C	A	7949	7251	7889	7251	0	0	NA	0	0	0	0
11	119048515	11_119048515_A_C	A	C	8100	6950	8046	6950	0	0	NA	1	0	0	0
11	121140047	11_121140047_C_G	C	G	7598	6999	7522	6999	0	0	NA	0	0	0	0
11	123528907	11_123528907_C_T	C	T	9685	8862	9647	8862	0	0	NA	1	0	0	0
11	123781478	11_123781478_G_A	G	A	8586	7500	8541	7500	0	0	NA	0	0	0	0
11	127743614	11_127743614_C_A	C	A	8734	7846	8686	7846	0	0	NA	0	0	0	0
11	130070929	11_130070929_T_G	T	G	8352	7365	8274	7365	0	0	NA	1	0	0	0
11	130737057	11_130737057_C_A	C	A	8475	7669	8441	7669	0	0	NA	1	0	0	0
11	134661683	11_134661683_G_A	G	A	8281	7715	8245	7715	0	0	NA	0	0	0	0
12	3845118	12_3845118_A_G	A	G	8124	7293	8089	7293	0	0	NA	1	0	0	0
12	10725413	12_10725413_G_T	G	T	4970	3509	4950	3509	0	0	NA	0	0	0	0
12	11894883	12_11894883_G_A	G	A	8384	7586	8324	7586	0	0	NA	0	0	0	0
12	29027052	12_29027052_T_A	T	A	8098	7402	8055	7402	0	0	NA	0	0	0	0
12	33635461	12_33635461_C_A	C	A	7686	6866	7640	6866	0	0	NA	0	0	0	0
12	38971009	12_38971009_G_C	G	C	7961	7243	7916	7243	0	0	NA	0	0	0	0
12	40966907	12_40966907_A_T	A	T	8903	8103	8865	8103	0	0	NA	0	0	0	0
12	60569560	12_60569560_G_C	G	C	7419	6887	7393	6887	0	0	NA	0	0	0	0
12	65267808	12_65267808_G_T	G	T	9272	8001	4744	4175	4482	3826	NA	2	7473	6402	6402
12	66577060	12_66577060_G_A	G	A	8442	7509	8366	7509	0	0	NA	4	0	0	0
12	72796337	12_72796337_C_T	C	T	7125	6638	7093	6638	0	0	NA	0	0	0	0
12	73723125	12_73723125_C_T	C	T	8509	7964	8477	7964	0	0	NA	0	0	0	0
12	82896613	12_82896613_T_G	T	G	8769	7884	8717	7884	0	0	NA	1	0	0	0
12	84467895	12_84467895_A_G	A	G	7028	6587	6984	6587	0	0	NA	1	0	0	0
12	84928421	12_84928421_C_T	C	T	7681	7252	7637	7250	2	2	NA	0	6	6	6
12	89214688	12_89214688_G_T	G	T	7788	7337	7740	7337	0	0	NA	0	0	0	0
12	103338770	12_103338770_A_C	A	C	8320	7404	8289	7404	0	0	NA	0	0	0	0
12	108450931	12_108450931_G_T	G	T	7747	7132	7707	7132	0	0	NA	0	0	0	0
12	111868119	12_111868119_C_T	C	T	8068	6897	8024	6897	0	0	NA	1	0	0	0
12	114226461	12_114226461_A_C	A	C	8670	7615	8595	7615	0	0	NA	0	0	0	0
12	119279185	12_119279185_C_A	C	A	7528	7112	7464	7112	0	0	NA	0	1	0	0
12	121130257	12_121130257_A_T	A	T	7858	7111	7833	7111	0	0	NA	0	0	0	0
12	121352759	12_121352759_A_G	A	G	9198	8039	9137	8039	0	0	NA	0	0	0	0
12	127502306	12_127502306_T_G	T	G	4574	2684	4546	2684	0	0	NA	0	0	0	0
12	128258229	12_128258229_A_T	A	T	8785	7506	8720	7506	0	0	NA	0	0	0	0
12	129611988	12_129611988_G_A	G	A	7549	6526	7485	6526	0	0	NA	2	0	0	0
12	131566072	12_131566072_G_T	G	T	8467	7942	8408	7942	0	0	NA	3	0	0	0
12	131814889	12_131814889_C_A	C	A	8830	7725	8774	7725	0	0	NA	1	0	0	0
12	131887304	12_131887304_C_A	C	A	8679	7531	8622	7531	0	0	NA	0	0	0	0
12	133297379	12_133297379_G_T	G	T	7754	6689	7714	6689	0	0	NA	0	0	0	0
12	133318009	12_133318009_T_A	T	A	8170	7431	8140	7431	0	0	NA	0	0	0	0
13	19898562	13_19898562_C_T	C	T	8466	7571	8413	7571	0	0	NA	1	0	0	0
13	20642465	13_20642465_C_A	C	A	7646	6960	7585	6960	0	0	NA	1	0	0	0
13	26533588	13_26533588_T_G	T	G	8055	7496	8020	7496	0	0	NA	0	0	0	0
13	26654413	13_26654413_C_A	C	A	8735	7871	8683	7871	0	0	NA	0	0	0	0
13	29437497	13_29437497_C_T	C	T	8554	7627	8494	7627	0	0	NA	0	1	1	1
13	31402714	13_31402714_A_C	A	C	7726	7141	7682	7141	0	0	NA	1	0	0	0
13	33615221	13_33615221_C_A	C	A	7936	7276	7886	7276	0	0	NA	1	0	0	0
13	35233933	13_35233933_C_A	C	A	8957	7782	8888	7782	0	0	NA	1	0	0	0
13	35385491	13_35385491_G_T	G	T	8884	8060	8839	8060	0	0	NA	0	0	0	0
13	37123729	13_37123729_G_T	G	T	8911	7868	8860	7868	0	0	NA	1	0	0	0
13	40851928	13_40851928_T_A	T	A	8353	7701	8319	7701	0	0	NA	0	0	0	0
13	47213890	13_47213890_A_T	A	T	8164	7462	8135	7462	0	0	NA	0	0	0	0
13	50991168	13_50991168_A_C	A	C	8543	7679	8484	7679	0	0	NA	0	0	0	0
13	75206910	13_75206910_G_T	G	T	6776	5753	6736	5753	0	0	NA	1	0	0	0
13	77554910	13_77554910_A_G	A	G	6672	5849	6653	5849	0	0	NA	0	0	0	0
13	96448170	13_96448170_A_C	A	C	8202	7303	8162	7303	0	0	NA	0	0	0	0
13	98924800	13_98924800_G_T	G	T	8593	7619	8547	7619	0	0	NA	0	0	0	0
13	99101584	13_99101584_C_T	C	T	7004	6164	6963	6164	0	0	NA	0	0	0	0
13	100318969	13_100318969_G_A	G	A	7426	6770	7360	6770	0	0	NA	7	0	0	0
13	101324399	13_101324399_T_C	T	C	7791	6883	7747	6883	0	0	NA	0	0	0	0
13	101833276	13_101833276_A_T	A	T	7145	6568	7119	6568	0	0	NA	1	0	0	0
13	108456165	13_108456165_C_T	C	T	7432	6772	7395	6772	0	0	NA	1	0	0	0
14	27118841	14_27118841_C_A	C	A	7936	7217	7876	7217	0	0	NA	0	0	0	0
14	38375553	14_38375553_G_A	G	A	8332	7341	8301	7341	0	0	NA	0	0	0	0
14	48498234	14_48498234_G_T	G	T	7891	7292	7850	7292	0	0	NA	1	0	0	0
14	51715087	14_51715087_C_A	C	A	8218	7588	8169	7588	0	0	NA	0	0	0	0
14	56209136	14_56209136_G_T	G	T	9442	8254	9393	8254	0	0	NA	1	0	0	0
14	70303537	14_70303537_T_G	T	G	7509	6910	7486	6910	0	0	NA	0	0	0	0
14	70505699	14_70505699_A_G	A	G	8591	7539	8549	7539	0	0	NA	1	0	0	0
14	71605851	14_71605851_A_G	A	G	8289	7267	8254	7267	0	0	NA	0	0	0	0
14	76349769	14_76349769_T_G	T	G	8346	7600	8299	7600	0	0	NA	2	0	0	0
14	80582597	14_80582597_T_C	T	C	7258	6747	7220	6747	0	0	NA	0	0	0	0
14	83717420	14_83717420_T_C	T	C	9120	8160	9068	8160	0	0	NA	0	0	0	0
14	91225384	14_91225384_G_T	G	T	8789	7651	8722	7651	0	0	NA	2	0	0	0
14	94437392	14_94437392_C_T	C	T	7705	6985	7658	6985	0	0	NA	0	0	0	0
14	96277503	14_96277503_A_T	A	T	7332	6671	7301	6671	0	0	NA	0	0	0	0
14	97748581	14_97748581_C_T	C	T	8574	7619	8540	7619	0	0	NA	1	1	1	1
14	101529573	14_101529573_A_G	A	G	7674	6900	7622	6900	0	0	NA	2	0	0	0
14	103247490	14_103247490_G_T	G	T	9413	8119	9366	8119	0	0	NA	1	0	0	0
14	105188390	14_105188390_C_A	C	A	7906	6921	7814	6921	0	0	NA	0	0	0	0
15	29893989	15_29893989_G_A	G	A	8821	7620	8770	7620	0	0	NA	1	0	0	0
15	33366605	15_33366605_G_A	G	A	9194	7973	9126	7973	0	0	NA	0	0	0	0
15	33919306	15_33919306_G_T	G	T	8470	7403	8430	7403	0	0	NA	1	0	0	0
15	42334939	15_42334939_A_G	A	G	8303	7423	8272	7423	0	0	NA	0	0	0	0
15	46647431	15_46647431_T_C	T	C	8727	7739	8674	7739	0	0	NA	0	0	0	0
15	47422162	15_47422162_T_C	T	C	8594	7361	8528	7361	0	0	NA	0	0	0	0
15	57802596	15_57802596_T_C	T	C	9156	7973	9099	7973	0	0	NA	0	0	0	0
15	62403434	15_62403434_A_C	A	C	7972	7358	7925	7358	0	0	NA	0	0	0	0
15	63375383	15_63375383_C_A	C	A	7698	6890	7654	6890	0	0	NA	0	0	0	0
15	67688480	15_67688480_C_A	C	A	7151	6765	7107	6765	0	0	NA	0	0	0	0
15	76316804	15_76316804_C_T	C	T	7897	6969	7851	6969	0	0	NA	2	0	0	0
15	85321708	15_85321708_T_G	T	G	7582	6701	7511	6701	0	0	NA	2	1	0	0
15	85355230	15_85355230_C_A	C	A	7940	7123	7890	7123	0	0	NA	0	0	0	0
15	88390795	15_88390795_A_T	A	T	8830	7682	8785	7682	0	0	NA	0	0	0	0
15	89348522	15_89348522_A_C	A	C	8195	7391	8162	7391	0	0	NA	0	0	0	0
15	95181505	15_95181505_G_T	G	T	7067	6699	7031	6699	0	0	NA	1	0	0	0
16	3075763	16_3075763_G_A	G	A	8072	7059	8020	7059	0	0	NA	0	0	0	0
16	4019163	16_4019163_C_A	C	A	8576	7726	8533	7726	0	0	NA	1	0	0	0
16	5567341	16_5567341_T_G	T	G	8711	7803	8652	7803	0	0	NA	0	0	0	0
16	10238537	16_10238537_G_T	G	T	8897	7648	8849	7648	0	0	NA	2	0	0	0
16	10655832	16_10655832_G_T	G	T	8124	7374	8076	7374	0	0	NA	0	0	0	0
16	12873747	16_12873747_T_G	T	G	8892	7975	8839	7975	0	0	NA	0	0	0	0
16	12902235	16_12902235_A_T	A	T	8032	7205	7993	7205	0	0	NA	0	0	0	0
16	17686006	16_17686006_G_A	G	A	7255	6469	7204	6469	0	0	NA	1	0	0	0
16	19212206	16_19212206_A_C	A	C	8567	7729	8535	7729	0	0	NA	2	0	0	0
16	29676852	16_29676852_C_A	C	A	8271	7458	8232	7458	0	0	NA	1	0	0	0
16	30943571	16_30943571_A_G	A	G	7663	6896	7621	6896	0	0	NA	0	0	0	0
16	31720074	16_31720074_C_A	C	A	8608	7468	8573	7468	0	0	NA	1	0	0	0
16	31866459	16_31866459_C_A	C	A	7829	7161	7796	7161	0	0	NA	1	1	1	1
16	47019472	16_47019472_G_A	G	A	7780	6802	7702	6802	0	0	NA	8	0	0	0
16	47985904	16_47985904_T_G	T	G	8867	7842	8810	7842	0	0	NA	0	0	0	0
16	51815661	16_51815661_A_C	A	C	8249	7403	8207	7403	0	0	NA	1	0	0	0
16	51821595	16_51821595_A_G	A	G	8680	7568	8636	7568	0	0	NA	0	0	0	0
16	52233809	16_52233809_T_C	T	C	7910	7052	7874	7052	0	0	NA	1	0	0	0
16	52333170	16_52333170_T_G	T	G	6939	6158	6910	6158	0	0	NA	0	0	0	0
16	56241073	16_56241073_G_A	G	A	8694	7689	8649	7689	0	0	NA	3	0	0	0
16	56466593	16_56466593_G_A	G	A	8199	7469	8133	7469	0	0	NA	1	0	0	0
16	56710971	16_56710971_C_T	C	T	8233	7238	8167	7238	0	0	NA	1	0	0	0
16	66915411	16_66915411_A_T	A	T	5447	4299	5413	4299	0	0	NA	1	0	0	0
16	69415088	16_69415088_T_A	T	A	7474	7021	7451	7021	0	0	NA	0	0	0	0
16	79804880	16_79804880_A_C	A	C	7904	6963	7862	6963	0	0	NA	0	0	0	0
16	81181827	16_81181827_T_G	T	G	8508	7624	8462	7624	0	0	NA	3	0	0	0
16	84307286	16_84307286_A_T	A	T	6769	6071	6749	6071	0	0	NA	1	0	0	0
16	85331449	16_85331449_C_A	C	A	8273	7216	8216	7216	0	0	NA	1	0	0	0
16	86875176	16_86875176_T_C	T	C	8380	7300	8336	7300	0	0	NA	0	0	0	0
16	88319010	16_88319010_C_T	C	T	8193	7223	8118	7222	2	1	NA	0	5	4	4
16	89524452	16_89524452_C_A	C	A	6956	6233	6901	6233	0	0	NA	2	0	0	0
17	557670	17_557670_A_T	A	T	6804	6294	6784	6294	0	0	NA	0	0	0	0
17	4000115	17_4000115_C_T	C	T	7340	6599	7277	6599	0	0	NA	0	0	0	0
17	5202315	17_5202315_G_A	G	A	7227	6794	7190	6794	0	0	NA	0	1	1	1
17	5796766	17_5796766_G_T	G	T	8003	7386	7967	7386	0	0	NA	2	0	0	0
17	6150095	17_6150095_C_A	C	A	8588	7862	8522	7862	0	0	NA	2	0	0	0
17	8230080	17_8230080_T_C	T	C	7923	6966	7895	6966	0	0	NA	1	0	0	0
17	8571250	17_8571250_G_T	G	T	8427	7803	8374	7803	0	0	NA	3	0	0	0
17	13985216	17_13985216_A_G	A	G	7421	6917	7386	6917	0	0	NA	0	0	0	0
17	17068003	17_17068003_A_C	A	C	8891	7697	8849	7697	0	0	NA	0	0	0	0
17	18114343	17_18114343_A_T	A	T	8689	7845	8613	7845	0	0	NA	0	0	0	0
17	26881497	17_26881497_G_A	G	A	9155	7914	9110	7914	0	0	NA	2	2	0	0
17	27212484	17_27212484_T_A	T	A	8572	7583	8508	7583	0	0	NA	1	0	0	0
17	27762683	17_27762683_A_C	A	C	8893	7986	8867	7986	0	0	NA	0	0	0	0
17	27814675	17_27814675_A_T	A	T	7694	7243	7670	7243	0	0	NA	0	0	0	0
17	31409323	17_31409323_A_T	A	T	5339	5100	5330	5100	0	0	NA	0	0	0	0
17	33743720	17_33743720_A_T	A	T	5834	5642	5820	5642	0	0	NA	1	0	0	0
17	35514201	17_35514201_G_T	G	T	8969	8033	8926	8033	0	0	NA	1	0	0	0
17	37811171	17_37811171_G_C	G	C	9467	8292	9425	8292	0	0	NA	0	0	0	0
17	39474607	17_39474607_C_T	C	T	6755	6389	3695	3547	3025	2842	NA	3	5082	4822	4822
17	41585029	17_41585029_T_A	T	A	8846	7796	8815	7796	0	0	NA	0	0	0	0
17	45850612	17_45850612_G_A	G	A	9075	7807	9005	7807	0	0	NA	6	1	1	1
17	52974113	17_52974113_T_C	T	C	6174	5799	6149	5799	0	0	NA	0	0	0	0
17	53158753	17_53158753_C_T	C	T	7984	7325	7917	7325	0	0	NA	1	0	0	0
17	63899497	17_63899497_C_A	C	A	8627	7654	8580	7654	0	0	NA	0	0	0	0
17	64336998	17_64336998_G_T	G	T	8812	7925	8768	7925	0	0	NA	0	0	0	0
17	72800772	17_72800772_C_A	C	A	7891	7074	7837	7074	0	0	NA	1	0	0	0
17	77452852	17_77452852_C_T	C	T	7823	6741	7771	6741	0	0	NA	5	0	0	0
18	3470860	18_3470860_G_A	G	A	7959	7057	7925	7057	0	0	NA	0	0	0	0
18	5040005	18_5040005_T_A	T	A	9181	8182	9133	8182	0	0	NA	0	0	0	0
18	10123045	18_10123045_C_A	C	A	7367	6824	7315	6824	0	0	NA	0	0	0	0
18	10307483	18_10307483_G_T	G	T	8732	7947	8692	7947	0	0	NA	0	0	0	0
18	13271113	18_13271113_A_G	A	G	9134	8433	9098	8433	0	0	NA	0	0	0	0
18	19233740	18_19233740_G_T	G	T	4073	2997	4025	2997	0	0	NA	8	1	1	1
18	22543904	18_22543904_T_G	T	G	9235	8131	9175	8131	0	0	NA	1	0	0	0
18	26291186	18_26291186_G_T	G	T	8256	7373	8217	7373	0	0	NA	1	0	0	0
18	33092323	18_33092323_C_A	C	A	8192	7663	8140	7663	0	0	NA	3	0	0	0
18	43519225	18_43519225_G_A	G	A	8941	7752	8899	7752	0	0	NA	1	0	0	0
18	47348151	18_47348151_A_C	A	C	7136	6481	7081	6481	0	0	NA	0	0	0	0
18	47806380	18_47806380_G_A	G	A	8204	7317	8160	7317	0	0	NA	1	0	0	0
18	49596262	18_49596262_G_C	G	C	7316	6974	7290	6974	0	0	NA	0	0	0	0
18	57397219	18_57397219_G_A	G	A	9120	7925	9062	7925	0	0	NA	1	0	0	0
18	67884749	18_67884749_G_A	G	A	8200	7263	8148	7263	0	0	NA	0	0	0	0
18	67902502	18_67902502_G_T	G	T	9248	8182	9195	8182	0	0	NA	0	0	0	0
18	68090880	18_68090880_A_G	A	G	8193	7535	8141	7535	0	0	NA	1	0	0	0
18	68444903	18_68444903_T_C	T	C	7878	7214	7836	7214	0	0	NA	1	0	0	0
18	71529708	18_71529708_A_C	A	C	8256	7347	8210	7347	0	0	NA	0	0	0	0
18	71869709	18_71869709_G_T	G	T	7938	6878	7909	6878	0	0	NA	0	0	0	0
18	74362996	18_74362996_C_T	C	T	8165	7413	8107	7413	0	0	NA	1	0	0	0
18	76405981	18_76405981_G_T	G	T	7646	6431	7596	6430	1	1	NA	0	1	1	1
18	76668861	18_76668861_G_A	G	A	7630	7018	7578	7018	0	0	NA	0	0	0	0
18	77237848	18_77237848_C_A	C	A	8884	7621	8796	7621	0	0	NA	1	0	0	0
19	9143054	19_9143054_G_T	G	T	9046	7823	8993	7822	1	1	NA	1	1	1	1
19	11769756	19_11769756_G_T	G	T	9122	7962	9088	7962	0	0	NA	0	0	0	0
19	11784833	19_11784833_G_T	G	T	7910	6908	7875	6908	0	0	NA	1	0	0	0
19	12343712	19_12343712_G_T	G	T	8511	7762	8481	7762	0	0	NA	0	0	0	0
19	12348722	19_12348722_T_G	T	G	6911	6199	6870	6199	0	0	NA	0	0	0	0
19	17720099	19_17720099_G_A	G	A	6899	5966	6855	5966	0	0	NA	1	0	0	0
19	19291955	19_19291955_G_T	G	T	5461	4553	5443	4553	0	0	NA	1	0	0	0
19	28888948	19_28888948_A_G	A	G	6935	4298	6899	4298	0	0	NA	0	0	0	0
19	32762459	19_32762459_G_A	G	A	7784	7230	7729	7230	0	0	NA	3	0	0	0
19	42920906	19_42920906_A_T	A	T	7776	6820	7748	6820	0	0	NA	1	0	0	0
19	43069941	19_43069941_G_T	G	T	8690	7599	8661	7599	0	0	NA	0	0	0	0
20	719577	20_719577_A_G	A	G	8087	7270	8048	7270	0	0	NA	2	0	0	0
20	4007440	20_4007440_T_A	T	A	7226	6682	7185	6682	0	0	NA	0	0	0	0
20	6032184	20_6032184_A_T	A	T	8130	7201	8089	7201	0	0	NA	0	0	0	0
20	14110252	20_14110252_C_G	C	G	8514	7758	8440	7758	0	0	NA	0	0	0	0
20	15216914	20_15216914_G_A	G	A	8329	7664	8288	7664	0	0	NA	0	0	0	0
20	15634270	20_15634270_C_T	C	T	8930	7945	8877	7945	0	0	NA	0	0	0	0
20	16330893	20_16330893_G_T	G	T	9053	8042	9004	8042	0	0	NA	0	0	0	0
20	16431460	20_16431460_C_A	C	A	8216	7474	8170	7474	0	0	NA	0	0	0	0
20	19939929	20_19939929_C_T	C	T	8130	7246	8058	7246	0	0	NA	2	0	0	0
20	21063051	20_21063051_C_A	C	A	7236	6638	7184	6638	0	0	NA	2	0	0	0
20	22213577	20_22213577_G_T	G	T	4639	4175	4616	4175	0	0	NA	2	0	0	0
20	24813660	20_24813660_A_G	A	G	7984	7042	7954	7042	0	0	NA	0	0	0	0
20	32781582	20_32781582_T_C	T	C	8791	7814	8742	7814	0	0	NA	0	0	0	0
20	32878425	20_32878425_C_G	C	G	8671	7666	8635	7666	0	0	NA	0	0	0	0
20	35445935	20_35445935_C_A	C	A	6378	5477	6327	5477	0	0	NA	1	0	0	0
20	36854226	20_36854226_G_T	G	T	8097	7229	8058	7229	0	0	NA	1	0	0	0
20	37347835	20_37347835_C_A	C	A	8867	7855	8820	7855	0	0	NA	0	0	0	0
20	37876735	20_37876735_A_C	A	C	8591	7685	8546	7685	0	0	NA	1	0	0	0
20	39075401	20_39075401_A_T	A	T	9107	7792	9070	7792	0	0	NA	0	0	0	0
20	39174365	20_39174365_C_A	C	A	8808	7729	8739	7729	0	0	NA	0	0	0	0
20	40596820	20_40596820_A_C	A	C	8199	7024	8154	7024	0	0	NA	0	0	0	0
20	42716263	20_42716263_A_C	A	C	8350	7190	8313	7190	0	0	NA	0	0	0	0
20	43090809	20_43090809_C_T	C	T	8721	7737	8663	7737	0	0	NA	2	1	0	0
20	48084368	20_48084368_A_T	A	T	8326	7188	8288	7188	0	0	NA	0	0	0	0
20	48632766	20_48632766_G_T	G	T	8102	7302	8077	7302	0	0	NA	1	0	0	0
20	52492465	20_52492465_G_T	G	T	8967	7745	8917	7745	0	0	NA	3	0	0	0
20	57155444	20_57155444_G_A	G	A	8393	7224	8345	7224	0	0	NA	4	1	0	0
20	57399996	20_57399996_T_A	T	A	8663	7741	8618	7741	0	0	NA	1	0	0	0
20	58537966	20_58537966_T_G	T	G	8150	7391	8041	7391	0	0	NA	0	0	0	0
21	25101825	21_25101825_G_A	G	A	8619	7648	8567	7648	0	0	NA	5	0	0	0
21	28205211	21_28205211_C_T	C	T	8816	7627	8764	7627	0	0	NA	0	0	0	0
21	34003600	21_34003600_C_A	C	A	7888	7160	7836	7160	0	0	NA	0	0	0	0
21	35186297	21_35186297_G_T	G	T	7673	6820	7642	6820	0	0	NA	0	0	0	0
21	39437089	21_39437089_G_A	G	A	7966	7008	7930	7008	0	0	NA	0	0	0	0
21	41402439	21_41402439_G_T	G	T	8593	7752	8573	7751	0	0	NA	0	0	0	0
21	41466609	21_41466609_C_T	C	T	8232	7467	8178	7467	0	0	NA	1	0	0	0
21	43094379	21_43094379_C_T	C	T	8545	7557	8442	7557	0	0	NA	3	0	0	0
21	43500317	21_43500317_G_T	G	T	8424	7290	8393	7290	0	0	NA	0	0	0	0
21	44072320	21_44072320_T_G	T	G	8704	7367	8668	7367	0	0	NA	0	0	0	0
22	17465197	22_17465197_A_G	A	G	7563	7055	7540	7055	0	0	NA	0	0	0	0
22	19210265	22_19210265_A_T	A	T	7927	6878	7849	6878	0	0	NA	1	0	0	0
22	22356045	22_22356045_A_T	A	T	9082	7754	9033	7754	0	0	NA	1	0	0	0
22	27518507	22_27518507_T_A	T	A	8375	7592	8329	7592	0	0	NA	0	0	0	0
22	27869178	22_27869178_T_A	T	A	7861	4287	7834	4287	0	0	NA	2	0	0	0
22	31826138	22_31826138_C_A	C	A	8524	7534	8464	7534	0	0	NA	1	0	0	0
22	35134200	22_35134200_T_C	T	C	7823	7381	7792	7381	0	0	NA	1	0	0	0
22	39764685	22_39764685_C_T	C	T	8209	7670	8167	7670	0	0	NA	1	0	0	0
22	39828008	22_39828008_G_T	G	T	8562	7442	8528	7442	0	0	NA	1	0	0	0
22	40810548	22_40810548_T_A	T	A	7672	6843	7593	6843	0	0	NA	0	0	0	0
22	41095474	22_41095474_C_A	C	A	7118	6389	7049	6389	0	0	NA	1	0	0	0
22	48162208	22_48162208_C_A	C	A	8208	7403	8157	7403	0	0	NA	0	1	1	1
22	49372046	22_49372046_C_A	C	A	5877	5200	5838	5200	0	0	NA	0	0	0	0
22	49865808	22_49865808_C_A	C	A	8741	7831	8703	7831	0	0	NA	3	0	0	0
X	4801325	X_4801325_T_A	T	A	8132	7346	8073	7346	0	0	NA	0	0	0	0
X	7013639	X_7013639_G_T	G	T	8672	7705	8633	7705	0	0	NA	2	0	0	0
X	9727907	X_9727907_A_G	A	G	8890	7697	8840	7697	0	0	NA	2	1	1	1
X	16411552	X_16411552_G_C	G	C	8403	7505	8354	7505	0	0	NA	0	0	0	0
X	17183598	X_17183598_C_G	C	G	8242	7500	8169	7500	0	0	NA	0	1	1	1
X	30911941	X_30911941_G_T	G	T	8832	7997	8786	7997	0	0	NA	1	0	0	0
X	45196397	X_45196397_T_C	T	C	10411	9286	10378	9286	0	0	NA	0	0	0	0
X	47541670	X_47541670_C_A	C	A	8334	7619	8284	7619	0	0	NA	2	0	0	0
X	55161646	X_55161646_A_G	A	G	8506	7605	8445	7605	0	0	NA	1	0	0	0
X	56054262	X_56054262_T_A	T	A	8920	8029	8874	8029	0	0	NA	0	0	0	0
X	71128411	X_71128411_T_A	T	A	8842	7774	8802	7774	0	0	NA	0	0	0	0
X	73497462	X_73497462_G_T	G	T	8358	7570	8312	7570	0	0	NA	0	0	0	0
X	76135015	X_76135015_T_A	T	A	8594	8021	8567	8021	0	0	NA	0	0	0	0
X	116922760	X_116922760_G_C	G	C	8182	7479	8137	7479	0	0	NA	0	0	0	0
X	127815820	X_127815820_C_G	C	G	9246	8062	9197	8062	0	0	NA	0	0	0	0
X	131674192	X_131674192_G_A	G	A	9034	8138	9001	8138	0	0	NA	0	0	0	0
X	133878542	X_133878542_C_A	C	A	7761	7117	7718	7117	0	0	NA	0	0	0	0
X	136074606	X_136074606_A_C	A	C	8478	7710	8442	7710	0	0	NA	0	0	0	0
X	142863908	X_142863908_G_T	G	T	8460	7464	8400	7464	0	0	NA	3	0	0	0
X	147214720	X_147214720_A_T	A	T	7931	7061	7874	7061	0	0	NA	1	0	0	0
X	149161206	X_149161206_A_T	A	T	9308	8267	9254	8267	0	0	NA	0	0	0	0
X	150937075	X_150937075_G_C	G	C	9331	8480	9299	8480	0	0	NA	0	0	0	0
X	151373520	X_151373520_T_G	T	G	8114	7259	8066	7259	0	0	NA	1	0	0	0
X	153056943	X_153056943_T_G	T	G	8445	7417	8388	7417	0	0	NA	0	0	0	0
