contig	position	id	ref_allele	alt_allele	depth	depth_pass	n_ref_total	n_ref_pass	n_alt_total	n_alt_pass	seen_in_norm	n_alt_dsc_suppressed	n_alt_ssc_total	n_alt_ssc_pass	n_alt_ssc_only
1	2217665	1_2217665_G_A	G	A	4757	3902	4698	3902	0	0	NA	1	0	0	0
1	13907878	1_13907878_G_T	G	T	5314	4361	5279	4361	1	0	NA	0	1	0	0
1	18701604	1_18701604_T_G	T	G	5042	4275	5006	4275	0	0	NA	0	0	0	0
1	18871832	1_18871832_C_A	C	A	5073	4255	5023	4255	0	0	NA	0	0	0	0
1	20580922	1_20580922_C_T	C	T	5529	4721	5478	4721	0	0	NA	2	0	0	0
1	23099282	1_23099282_A_C	A	C	5099	4133	5042	4133	0	0	NA	0	0	0	0
1	26812784	1_26812784_T_A	T	A	4967	4174	4952	4174	0	0	NA	0	0	0	0
1	29799157	1_29799157_G_A	G	A	5083	4203	5035	4203	0	0	NA	0	0	0	0
1	31236395	1_31236395_A_G	A	G	5126	4233	5087	4233	0	0	NA	0	0	0	0
1	32245661	1_32245661_T_C	T	C	4570	4132	4544	4132	0	0	NA	0	0	0	0
1	34306865	1_34306865_A_C	A	C	5269	4272	5217	4272	0	0	NA	0	0	0	0
1	37354574	1_37354574_A_T	A	T	5072	4228	5040	4228	0	0	NA	0	0	0	0
1	41140414	1_41140414_C_T	C	T	5269	4588	5212	4588	0	0	NA	0	1	1	1
1	42218713	1_42218713_C_T	C	T	4907	3945	4850	3945	0	0	NA	0	1	1	1
1	42322091	1_42322091_G_A	G	A	4948	4149	4904	4149	0	0	NA	1	1	1	1
1	42511102	1_42511102_C_T	C	T	5454	4530	5360	4530	0	0	NA	0	0	0	0
1	43108386	1_43108386_A_C	A	C	5266	4403	5218	4403	0	0	NA	0	0	0	0
1	43177547	1_43177547_T_G	T	G	5081	4342	5045	4342	0	0	NA	0	0	0	0
1	43960036	1_43960036_G_A	G	A	5095	4171	5059	4171	0	0	NA	0	0	0	0
1	45112524	1_45112524_C_A	C	A	4981	4087	4934	4087	0	0	NA	0	0	0	0
1	46599936	1_46599936_G_A	G	A	5392	4591	5350	4591	0	0	NA	0	0	0	0
1	50320391	1_50320391_A_G	A	G	5016	4149	4960	4149	0	0	NA	0	0	0	0
1	50653330	1_50653330_A_G	A	G	4962	4351	4918	4351	0	0	NA	0	0	0	0
1	50744489	1_50744489_G_T	G	T	5174	4366	5132	4366	0	0	NA	0	0	0	0
1	55636163	1_55636163_A_T	A	T	5442	4527	5401	4527	0	0	NA	0	0	0	0
1	55736834	1_55736834_T_A	T	A	5214	4374	5182	4374	0	0	NA	1	0	0	0
1	56433743	1_56433743_A_T	A	T	4529	4170	4496	4170	0	0	NA	0	0	0	0
1	58306905	1_58306905_C_T	C	T	5047	4250	5025	4250	0	0	NA	0	0	0	0
1	58336448	1_58336448_G_T	G	T	5134	4510	5088	4510	0	0	NA	0	0	0	0
1	64500545	1_64500545_A_C	A	C	3476	2747	3452	2747	0	0	NA	0	0	0	0
1	68972185	1_68972185_C_T	C	T	5012	4169	4958	4166	5	3	NA	0	10	7	7
1	73904798	1_73904798_G_C	G	C	5259	4454	5216	4454	0	0	NA	0	0	0	0
1	76138566	1_76138566_A_C	A	C	5062	4292	5025	4292	0	0	NA	0	0	0	0
1	76484824	1_76484824_A_T	A	T	4842	4224	4794	4224	0	0	NA	0	0	0	0
1	92692089	1_92692089_C_A	C	A	5015	4457	4988	4457	0	0	NA	0	0	0	0
1	97426864	1_97426864_G_T	G	T	5345	4547	5287	4547	0	0	NA	0	0	0	0
1	105250622	1_105250622_A_G	A	G	4843	3986	4787	3986	0	0	NA	0	0	0	0
1	106563363	1_106563363_G_C	G	C	5040	4446	5004	4446	0	0	NA	0	0	0	0
1	111212365	1_111212365_T_C	T	C	5468	4695	5413	4695	0	0	NA	1	0	0	0
1	116965543	1_116965543_G_T	G	T	4015	3187	3971	3187	0	0	NA	0	0	0	0
1	117810468	1_117810468_A_C	A	C	5203	4387	5159	4387	0	0	NA	0	0	0	0
1	120214542	1_120214542_A_T	A	T	5108	4356	5071	4356	0	0	NA	0	0	0	0
1	154374389	1_154374389_G_T	G	T	5038	4227	5009	4227	0	0	NA	0	0	0	0
1	155281341	1_155281341_A_T	A	T	4688	3896	4638	3896	0	0	NA	0	0	0	0
1	156610939	1_156610939_A_T	A	T	4818	3961	4783	3961	0	0	NA	0	0	0	0
1	157822841	1_157822841_T_C	T	C	5026	4125	5002	4125	0	0	NA	0	0	0	0
1	160361574	1_160361574_C_G	C	G	4997	4508	4933	4508	0	0	NA	0	0	0	0
1	162330437	1_162330437_G_A	G	A	5093	4229	5046	4229	0	0	NA	1	0	0	0
1	169547612	1_169547612_A_C	A	C	5028	4400	4976	4400	0	0	NA	0	0	0	0
1	172054485	1_172054485_A_G	A	G	4593	3917	4571	3917	0	0	NA	0	0	0	0
1	182915887	1_182915887_A_G	A	G	5165	4500	5120	4500	0	0	NA	0	1	0	0
1	183039640	1_183039640_T_A	T	A	5178	4550	5142	4550	0	0	NA	0	0	0	0
1	193107503	1_193107503_C_T	C	T	5203	4593	5166	4593	0	0	NA	0	0	0	0
1	193197733	1_193197733_A_T	A	T	5454	4702	5424	4702	0	0	NA	0	0	0	0
1	194822217	1_194822217_G_A	G	A	5134	4479	5071	4479	0	0	NA	0	0	0	0
1	196645679	1_196645679_C_A	C	A	5379	4508	5323	4508	0	0	NA	1	0	0	0
1	205894697	1_205894697_T_G	T	G	5025	4102	4978	4102	0	0	NA	0	0	0	0
1	209538423	1_209538423_C_G	C	G	5420	4602	5383	4602	0	0	NA	0	0	0	0
1	210979100	1_210979100_C_T	C	T	4853	4272	4805	4272	0	0	NA	0	0	0	0
1	212792198	1_212792198_A_C	A	C	5140	4351	5106	4351	0	0	NA	0	0	0	0
1	214286211	1_214286211_C_A	C	A	5252	4394	5223	4394	0	0	NA	0	0	0	0
1	215553655	1_215553655_T_A	T	A	5025	4309	5004	4309	0	0	NA	0	0	0	0
1	216205002	1_216205002_T_G	T	G	5564	4727	5514	4727	0	0	NA	0	0	0	0
1	221974911	1_221974911_C_T	C	T	4943	4113	4907	4113	0	0	NA	0	0	0	0
1	222361519	1_222361519_A_T	A	T	5474	4624	5438	4624	0	0	NA	0	0	0	0
1	223914214	1_223914214_A_T	A	T	5118	4329	5095	4329	0	0	NA	0	0	0	0
1	227373889	1_227373889_T_C	T	C	5337	4306	5289	4306	0	0	NA	0	0	0	0
1	228508918	1_228508918_T_G	T	G	4974	4102	4926	4102	0	0	NA	0	0	0	0
1	229258596	1_229258596_G_A	G	A	5171	4347	5125	4347	0	0	NA	0	0	0	0
1	234155156	1_234155156_A_T	A	T	5364	4380	5335	4380	0	0	NA	0	0	0	0
1	235452452	1_235452452_T_C	T	C	4987	4269	4939	4269	0	0	NA	0	0	0	0
1	236441061	1_236441061_T_A	T	A	5166	4581	5134	4581	0	0	NA	0	0	0	0
1	238827573	1_238827573_C_T	C	T	5204	4372	5159	4372	0	0	NA	0	0	0	0
1	240349877	1_240349877_C_T	C	T	5527	4706	5474	4706	0	0	NA	1	0	0	0
1	243669897	1_243669897_G_T	G	T	5054	4339	5002	4339	0	0	NA	0	0	0	0
1	244518035	1_244518035_C_A	C	A	3682	3082	3638	3082	0	0	NA	0	0	0	0
2	2303110	2_2303110_C_T	C	T	4780	4021	4734	4021	0	0	NA	0	0	0	0
2	3409769	2_3409769_A_C	A	C	5021	4108	4977	4108	0	0	NA	0	0	0	0
2	6486038	2_6486038_C_T	C	T	5675	4677	5618	4677	0	0	NA	0	0	0	0
2	8133112	2_8133112_T_C	T	C	5158	4376	5108	4376	0	0	NA	0	0	0	0
2	10920533	2_10920533_G_T	G	T	4997	4189	4950	4189	0	0	NA	0	0	0	0
2	11300118	2_11300118_A_T	A	T	4918	4132	4893	4132	0	0	NA	0	0	0	0
2	19573289	2_19573289_G_A	G	A	5058	4270	4982	4270	0	0	NA	2	0	0	0
2	23044029	2_23044029_C_T	C	T	5019	4037	4954	4037	0	0	NA	0	0	0	0
2	28820703	2_28820703_G_T	G	T	4688	2875	4650	2875	0	0	NA	0	0	0	0
2	29458160	2_29458160_C_T	C	T	4729	3929	4700	3929	0	0	NA	1	0	0	0
2	30320102	2_30320102_T_G	T	G	5298	4464	5258	4464	0	0	NA	0	0	0	0
2	38472811	2_38472811_T_A	T	A	5386	4522	5340	4522	0	0	NA	0	0	0	0
2	47864353	2_47864353_T_A	T	A	5101	4397	5050	4397	0	0	NA	0	0	0	0
2	50700945	2_50700945_G_T	G	T	5051	4387	4991	4387	0	0	NA	0	0	0	0
2	56481534	2_56481534_A_T	A	T	4855	4021	4813	4021	0	0	NA	0	0	0	0
2	59394519	2_59394519_G_A	G	A	5264	4437	5220	4437	0	0	NA	0	0	0	0
2	66781277	2_66781277_A_T	A	T	5360	4560	5308	4560	0	0	NA	0	0	0	0
2	68337787	2_68337787_C_A	C	A	5372	4553	5324	4553	0	0	NA	0	0	0	0
2	78151921	2_78151921_C_G	C	G	5084	4201	5034	4201	0	0	NA	0	0	0	0
2	83167375	2_83167375_G_A	G	A	5286	4532	5225	4532	0	0	NA	0	0	0	0
2	95626630	2_95626630_G_C	G	C	5086	4349	5046	4349	0	0	NA	0	0	0	0
2	99443653	2_99443653_A_G	A	G	4869	4073	4843	4073	0	0	NA	0	0	0	0
2	104393238	2_104393238_A_T	A	T	5117	4403	5090	4403	0	0	NA	0	0	0	0
2	112404323	2_112404323_G_A	G	A	3877	3132	3829	3132	0	0	NA	0	0	0	0
2	113082586	2_113082586_T_C	T	C	5380	4576	5356	4576	0	0	NA	0	0	0	0
2	117234333	2_117234333_C_T	C	T	3638	3288	3582	3288	0	0	NA	0	0	0	0
2	117292094	2_117292094_T_G	T	G	5117	4591	5085	4591	0	0	NA	0	0	0	0
2	120275732	2_120275732_G_A	G	A	5080	4124	5033	4124	0	0	NA	0	0	0	0
2	127541264	2_127541264_A_G	A	G	5311	4433	5271	4433	0	0	NA	0	0	0	0
2	129580587	2_129580587_G_T	G	T	4843	4112	4803	4112	0	0	NA	0	0	0	0
2	135607328	2_135607328_A_C	A	C	4062	3468	4007	3468	0	0	NA	0	0	0	0
2	137118572	2_137118572_A_T	A	T	4637	3897	4598	3897	0	0	NA	0	0	0	0
2	140582772	2_140582772_A_T	A	T	4353	3989	4321	3989	0	0	NA	0	0	0	0
2	142551671	2_142551671_T_C	T	C	4820	4451	4763	4451	0	0	NA	0	0	0	0
2	142760620	2_142760620_C_A	C	A	5004	4425	4943	4425	0	0	NA	0	0	0	0
2	143244552	2_143244552_G_A	G	A	5101	4349	5071	4349	0	0	NA	0	0	0	0
2	154134058	2_154134058_T_G	T	G	4675	4215	4638	4215	0	0	NA	0	0	0	0
2	154533439	2_154533439_C_T	C	T	5257	4406	5203	4402	5	4	NA	0	7	6	6
2	154652836	2_154652836_G_C	G	C	5526	4662	5504	4662	0	0	NA	0	1	0	0
2	161024264	2_161024264_A_C	A	C	4948	4098	4908	4098	0	0	NA	0	0	0	0
2	163291802	2_163291802_A_C	A	C	5355	4543	5331	4543	0	0	NA	0	0	0	0
2	166917627	2_166917627_T_C	T	C	5398	4563	5345	4563	0	0	NA	0	0	0	0
2	170062554	2_170062554_A_C	A	C	5240	4384	5189	4384	0	0	NA	0	0	0	0
2	170601012	2_170601012_C_T	C	T	4726	3761	4655	3761	0	0	NA	0	0	0	0
2	174706246	2_174706246_C_T	C	T	5458	4559	5402	4559	0	0	NA	0	0	0	0
2	177078159	2_177078159_T_C	T	C	5392	4893	5364	4893	0	0	NA	0	0	0	0
2	181572887	2_181572887_G_T	G	T	5077	4363	5039	4363	0	0	NA	0	0	0	0
2	183545710	2_183545710_C_T	C	T	5403	4627	5339	4627	0	0	NA	0	0	0	0
2	183958028	2_183958028_T_C	T	C	4808	4132	4771	4132	0	0	NA	0	0	0	0
2	184994787	2_184994787_T_C	T	C	5372	4569	5335	4569	0	0	NA	0	0	0	0
2	185452926	2_185452926_T_A	T	A	4998	4150	4962	4150	0	0	NA	0	0	0	0
2	188060507	2_188060507_T_A	T	A	5185	4558	5149	4558	0	0	NA	0	0	0	0
2	189058554	2_189058554_A_T	A	T	5107	4722	5077	4722	0	0	NA	0	0	0	0
2	217253959	2_217253959_C_T	C	T	5083	4228	5016	4228	0	0	NA	1	0	0	0
2	217631369	2_217631369_C_T	C	T	5565	4720	5490	4720	0	0	NA	0	0	0	0
2	219885098	2_219885098_T_A	T	A	4793	3949	4747	3949	0	0	NA	0	0	0	0
2	223532185	2_223532185_T_A	T	A	4763	4119	4696	4119	0	0	NA	0	0	0	0
2	224182471	2_224182471_T_G	T	G	4841	4220	4808	4220	0	0	NA	0	0	0	0
2	227887179	2_227887179_G_A	G	A	5756	4935	5723	4935	0	0	NA	3	1	0	0
2	232191327	2_232191327_A_T	A	T	5055	4165	5003	4165	0	0	NA	0	0	0	0
2	233110105	2_233110105_C_A	C	A	5550	4790	5501	4790	0	0	NA	0	0	0	0
2	237678769	2_237678769_C_T	C	T	4797	4090	4745	4090	0	0	NA	0	0	0	0
3	1035223	3_1035223_C_T	C	T	4931	4193	4862	4193	0	0	NA	1	0	0	0
3	6678584	3_6678584_G_A	G	A	4828	4215	4796	4215	0	0	NA	0	0	0	0
3	10588322	3_10588322_C_T	C	T	4903	4029	4860	4029	0	0	NA	0	0	0	0
3	10770801	3_10770801_C_T	C	T	4880	3931	4637	3805	170	126	NA	1	259	198	198
3	13787518	3_13787518_A_G	A	G	5155	4302	5115	4302	0	0	NA	0	0	0	0
3	16187817	3_16187817_G_T	G	T	5278	4423	5243	4423	0	0	NA	0	0	0	0
3	17064459	3_17064459_A_T	A	T	5426	4501	5370	4501	0	0	NA	0	0	0	0
3	19251925	3_19251925_A_T	A	T	5078	4466	5042	4466	0	0	NA	0	0	0	0
3	19777354	3_19777354_G_A	G	A	4579	3857	4526	3857	0	0	NA	0	0	0	0
3	19892471	3_19892471_A_T	A	T	3243	2838	3228	2838	0	0	NA	0	0	0	0
3	23047154	3_23047154_A_T	A	T	5160	4533	5131	4533	0	0	NA	0	0	0	0
3	26134331	3_26134331_C_G	C	G	4959	4347	4912	4347	0	0	NA	0	0	0	0
3	28254895	3_28254895_C_A	C	A	5242	4439	5184	4439	0	0	NA	0	0	0	0
3	28840532	3_28840532_G_A	G	A	5330	4476	5292	4476	0	0	NA	0	0	0	0
3	31700888	3_31700888_A_G	A	G	4599	4029	4582	4029	0	0	NA	0	0	0	0
3	32712391	3_32712391_A_T	A	T	5065	3976	5027	3976	0	0	NA	0	0	0	0
3	37584377	3_37584377_G_A	G	A	4555	3734	4491	3734	0	0	NA	1	0	0	0
3	44109759	3_44109759_G_T	G	T	3527	2676	3496	2676	0	0	NA	0	0	0	0
3	45381603	3_45381603_T_A	T	A	4853	4058	4829	4058	0	0	NA	0	0	0	0
3	46243078	3_46243078_T_A	T	A	5099	4221	5058	4221	0	0	NA	0	0	0	0
3	51348732	3_51348732_G_T	G	T	5162	4213	5125	4213	0	0	NA	0	0	0	0
3	55972771	3_55972771_C_T	C	T	4954	4238	4922	4238	0	0	NA	1	0	0	0
3	60003660	3_60003660_C_G	C	G	5010	4061	4947	4061	0	0	NA	0	0	0	0
3	60791982	3_60791982_A_G	A	G	5174	4391	5147	4391	0	0	NA	0	0	0	0
3	61474266	3_61474266_C_T	C	T	5531	4721	5419	4667	66	54	NA	1	87	72	72
3	61736868	3_61736868_T_G	T	G	5536	4710	5497	4710	0	0	NA	0	0	0	0
3	64832571	3_64832571_G_T	G	T	4576	3450	4508	3450	0	0	NA	0	0	0	0
3	65035704	3_65035704_G_A	G	A	4143	3387	4107	3387	0	0	NA	0	0	0	0
3	68498508	3_68498508_G_T	G	T	4983	4162	4945	4162	0	0	NA	0	0	0	0
3	73679752	3_73679752_T_A	T	A	5101	4367	5067	4367	0	0	NA	0	0	0	0
3	80261352	3_80261352_C_A	C	A	4855	3986	4816	3986	0	0	NA	0	0	0	0
3	85249720	3_85249720_G_A	G	A	5329	4581	5302	4581	0	0	NA	0	0	0	0
3	100630944	3_100630944_G_A	G	A	4293	3615	4248	3615	0	0	NA	2	0	0	0
3	108217858	3_108217858_A_T	A	T	5159	4228	5107	4228	0	0	NA	0	0	0	0
3	111995550	3_111995550_T_C	T	C	4262	3436	4207	3436	0	0	NA	0	0	0	0
3	114471917	3_114471917_G_A	G	A	5262	4506	5212	4506	0	0	NA	0	0	0	0
3	117365457	3_117365457_A_G	A	G	5255	4472	5241	4472	0	0	NA	0	0	0	0
3	120737744	3_120737744_C_T	C	T	5061	4240	5003	4240	0	0	NA	0	0	0	0
3	124139075	3_124139075_G_T	G	T	5387	4641	5351	4641	0	0	NA	0	0	0	0
3	138074331	3_138074331_G_T	G	T	5094	2380	5057	2380	0	0	NA	0	0	0	0
3	138266188	3_138266188_T_C	T	C	5676	4726	5647	4726	0	0	NA	0	0	0	0
3	140317642	3_140317642_A_T	A	T	5068	4321	5022	4321	0	0	NA	0	0	0	0
3	146914627	3_146914627_A_G	A	G	5381	4599	5337	4599	0	0	NA	0	0	0	0
3	150075127	3_150075127_T_A	T	A	5237	4419	5201	4419	0	0	NA	0	0	0	0
3	152778739	3_152778739_C_T	C	T	5190	4440	5135	4440	0	0	NA	0	0	0	0
3	155653804	3_155653804_T_C	T	C	5110	4414	5063	4414	0	0	NA	0	0	0	0
3	162501471	3_162501471_A_G	A	G	5538	4754	5500	4754	0	0	NA	0	0	0	0
3	163860383	3_163860383_C_T	C	T	5068	4012	5021	4012	0	0	NA	0	0	0	0
3	169042934	3_169042934_G_A	G	A	4857	4106	4819	4106	0	0	NA	1	0	0	0
3	169130704	3_169130704_T_C	T	C	5493	4622	5465	4622	0	0	NA	0	0	0	0
3	170666735	3_170666735_C_T	C	T	4991	4444	4951	4444	0	0	NA	2	0	0	0
3	174101501	3_174101501_C_T	C	T	5436	4660	5378	4660	0	0	NA	0	0	0	0
3	177934753	3_177934753_T_G	T	G	5103	4362	5063	4362	0	0	NA	0	0	0	0
3	179428709	3_179428709_C_T	C	T	5052	4340	5000	4340	0	0	NA	0	0	0	0
3	186036001	3_186036001_C_T	C	T	5361	4468	5305	4468	0	0	NA	0	0	0	0
3	193251964	3_193251964_G_A	G	A	5248	4472	5181	4472	0	0	NA	2	0	0	0
3	197401070	3_197401070_C_T	C	T	5267	4393	5177	4393	0	0	NA	0	1	1	1
4	7009352	4_7009352_G_A	G	A	5235	4426	5199	4426	0	0	NA	0	1	0	0
4	7881911	4_7881911_G_T	G	T	4164	3367	4131	3367	0	0	NA	0	0	0	0
4	19901340	4_19901340_T_A	T	A	5449	4519	5404	4519	0	0	NA	0	0	0	0
4	20124609	4_20124609_C_A	C	A	4374	3734	4330	3734	0	0	NA	0	0	0	0
4	21496917	4_21496917_G_T	G	T	5351	4475	5274	4475	0	0	NA	0	0	0	0
4	37184930	4_37184930_G_T	G	T	5100	4443	5057	4443	0	0	NA	1	0	0	0
4	38022248	4_38022248_C_T	C	T	5492	4641	5440	4641	0	0	NA	2	0	0	0
4	39153249	4_39153249_G_A	G	A	4939	4297	4883	4297	0	0	NA	0	0	0	0
4	39481632	4_39481632_A_G	A	G	4490	3843	4457	3843	0	0	NA	1	0	0	0
4	41364880	4_41364880_C_A	C	A	4829	4218	4776	4218	0	0	NA	0	0	0	0
4	46835649	4_46835649_G_T	G	T	5044	4597	5010	4597	0	0	NA	0	0	0	0
4	47166839	4_47166839_T_A	T	A	5319	4514	5279	4514	0	0	NA	0	0	0	0
4	48221928	4_48221928_A_T	A	T	5263	4425	5225	4425	0	0	NA	0	0	0	0
4	53244118	4_53244118_G_A	G	A	5001	4187	4957	4187	0	0	NA	0	0	0	0
4	55026451	4_55026451_C_G	C	G	5316	4435	5287	4435	0	0	NA	0	0	0	0
4	57628557	4_57628557_A_C	A	C	5182	4385	5138	4385	0	0	NA	0	0	0	0
4	64724995	4_64724995_G_A	G	A	5586	4791	5542	4791	0	0	NA	0	2	2	2
4	64876147	4_64876147_T_A	T	A	5373	4510	5294	4510	0	0	NA	0	0	0	0
4	65062527	4_65062527_G_C	G	C	4354	3870	4326	3870	0	0	NA	0	0	0	0
4	65780170	4_65780170_A_G	A	G	5171	4484	5093	4484	0	0	NA	0	0	0	0
4	67259589	4_67259589_C_A	C	A	5211	4244	5174	4244	0	0	NA	0	0	0	0
4	73713162	4_73713162_A_G	A	G	5368	4434	5331	4434	0	0	NA	0	0	0	0
4	77018828	4_77018828_A_T	A	T	4862	4311	4837	4311	0	0	NA	0	0	0	0
4	81050250	4_81050250_T_C	T	C	4722	3805	4672	3805	0	0	NA	0	0	0	0
4	81425755	4_81425755_G_T	G	T	2890	2464	2869	2464	0	0	NA	1	0	0	0
4	98514826	4_98514826_G_A	G	A	5070	4139	5024	4139	0	0	NA	0	0	0	0
4	106187129	4_106187129_G_A	G	A	4970	4363	4936	4363	0	0	NA	1	1	1	1
4	111464644	4_111464644_A_T	A	T	5304	4528	5255	4528	0	0	NA	0	0	0	0
4	118404318	4_118404318_T_A	T	A	5253	4355	5217	4355	0	0	NA	0	0	0	0
4	125357400	4_125357400_C_T	C	T	5012	4104	4918	4104	0	0	NA	1	1	1	1
4	134905970	4_134905970_G_C	G	C	5108	4395	5080	4395	0	0	NA	0	0	0	0
4	135351403	4_135351403_G_C	G	C	5171	4364	5128	4364	0	0	NA	0	0	0	0
4	140678342	4_140678342_T_G	T	G	5165	4303	5122	4303	0	0	NA	0	0	0	0
4	149306874	4_149306874_T_A	T	A	5492	4634	5459	4634	0	0	NA	0	0	0	0
4	150217939	4_150217939_G_A	G	A	4990	4124	4940	4124	0	0	NA	1	0	0	0
4	151009109	4_151009109_G_T	G	T	5169	4370	5130	4370	0	0	NA	0	0	0	0
4	164126862	4_164126862_G_A	G	A	4204	3883	4175	3883	0	0	NA	0	0	0	0
4	167027745	4_167027745_G_A	G	A	4535	3778	4486	3778	0	0	NA	0	0	0	0
4	167072076	4_167072076_T_A	T	A	4405	3948	4352	3919	34	29	NA	0	53	44	44
4	176677693	4_176677693_C_A	C	A	5565	4660	5500	4660	0	0	NA	0	0	0	0
4	177058107	4_177058107_G_T	G	T	4984	4440	4893	4440	0	0	NA	0	0	0	0
4	177549698	4_177549698_G_C	G	C	4874	4385	4842	4385	0	0	NA	0	0	0	0
4	178600624	4_178600624_A_C	A	C	5771	4935	5738	4935	0	0	NA	0	0	0	0
4	178635053	4_178635053_C_T	C	T	5131	4461	5094	4461	0	0	NA	0	0	0	0
4	181698037	4_181698037_G_T	G	T	5553	4676	5493	4676	0	0	NA	0	0	0	0
4	182526062	4_182526062_A_T	A	T	5480	4647	5437	4647	0	0	NA	0	0	0	0
4	186215214	4_186215214_C_T	C	T	5578	4733	5517	4733	0	0	NA	0	2	2	2
4	187389524	4_187389524_C_T	C	T	4979	4385	4913	4385	0	0	NA	2	0	0	0
4	188382446	4_188382446_T_C	T	C	4643	3933	4616	3933	0	0	NA	0	0	0	0
5	1409187	5_1409187_G_C	G	C	4766	3817	4731	3817	0	0	NA	0	0	0	0
5	4320393	5_4320393_G_T	G	T	4780	4311	4744	4311	0	0	NA	0	0	0	0
5	4460425	5_4460425_A_T	A	T	5048	4227	5015	4227	0	0	NA	0	0	0	0
5	5427764	5_5427764_G_T	G	T	5637	4774	5602	4774	0	0	NA	0	0	0	0
5	11607938	5_11607938_A_T	A	T	5325	4454	5268	4454	0	0	NA	0	0	0	0
5	15902463	5_15902463_G_A	G	A	5281	4360	5241	4357	3	3	NA	0	5	5	5
5	24478535	5_24478535_A_T	A	T	5120	4428	5086	4428	0	0	NA	0	0	0	0
5	24480259	5_24480259_G_T	G	T	5153	4344	5119	4344	0	0	NA	0	0	0	0
5	29262325	5_29262325_G_A	G	A	5633	4794	5573	4794	0	0	NA	0	1	1	1
5	35356395	5_35356395_C_T	C	T	5146	4245	5083	4245	0	0	NA	2	0	0	0
5	36440846	5_36440846_C_T	C	T	4855	3931	4802	3931	0	0	NA	0	0	0	0
5	39120706	5_39120706_A_T	A	T	5295	4691	5233	4691	0	0	NA	0	0	0	0
5	43236915	5_43236915_C_T	C	T	5350	4453	5292	4453	0	0	NA	0	0	0	0
5	43497919	5_43497919_C_A	C	A	5415	4676	5367	4676	0	0	NA	0	0	0	0
5	44963341	5_44963341_G_T	G	T	5564	4701	5525	4701	0	0	NA	0	0	0	0
5	45199274	5_45199274_A_T	A	T	5171	4724	5136	4724	0	0	NA	0	0	0	0
5	51021447	5_51021447_G_T	G	T	5283	4553	5238	4553	0	0	NA	0	0	0	0
5	56724071	5_56724071_G_A	G	A	5206	4330	5157	4330	0	0	NA	0	0	0	0
5	61555501	5_61555501_A_T	A	T	5357	4407	5320	4407	0	0	NA	0	0	0	0
5	67099986	5_67099986_T_C	T	C	5153	4275	5105	4275	0	0	NA	0	0	0	0
5	67650509	5_67650509_C_G	C	G	5131	4196	5094	4196	0	0	NA	1	0	0	0
5	78710769	5_78710769_T_A	T	A	5073	4593	5023	4593	0	0	NA	0	0	0	0
5	78933986	5_78933986_A_G	A	G	4269	3697	4189	3697	0	0	NA	0	0	0	0
5	81723455	5_81723455_C_T	C	T	5400	4560	5338	4560	0	0	NA	0	0	0	0
5	85723967	5_85723967_C_T	C	T	5330	4487	5277	4487	0	0	NA	1	1	1	1
5	85866422	5_85866422_C_T	C	T	5013	4182	4950	4182	0	0	NA	0	0	0	0
5	88339257	5_88339257_A_T	A	T	4319	3955	4297	3955	0	0	NA	0	0	0	0
5	89278493	5_89278493_A_C	A	C	4956	4396	4918	4396	0	0	NA	0	0	0	0
5	93823093	5_93823093_T_G	T	G	4643	4255	4618	4255	0	0	NA	0	0	0	0
5	97690140	5_97690140_A_G	A	G	5278	4410	5243	4410	0	0	NA	0	0	0	0
5	98373222	5_98373222_C_A	C	A	5055	4207	5011	4207	0	0	NA	0	0	0	0
5	100589057	5_100589057_G_T	G	T	5227	4600	5184	4600	0	0	NA	0	0	0	0
5	103618563	5_103618563_A_G	A	G	5129	4562	5088	4562	0	0	NA	0	0	0	0
5	105771960	5_105771960_G_A	G	A	4903	4357	4850	4357	0	0	NA	1	0	0	0
5	106140196	5_106140196_A_T	A	T	5165	4206	5130	4206	0	0	NA	0	0	0	0
5	118509646	5_118509646_T_A	T	A	4453	3580	4408	3580	0	0	NA	0	0	0	0
5	120244657	5_120244657_G_A	G	A	5460	4690	5394	4690	0	0	NA	0	0	0	0
5	124343912	5_124343912_G_A	G	A	4818	4161	4787	4160	1	1	NA	0	1	1	1
5	126358489	5_126358489_T_C	T	C	5211	4467	5181	4467	0	0	NA	0	0	0	0
5	127412039	5_127412039_T_C	T	C	4787	4414	4740	4414	0	0	NA	0	0	0	0
5	133404499	5_133404499_G_A	G	A	5341	4386	5299	4386	0	0	NA	1	0	0	0
5	136639632	5_136639632_T_C	T	C	5119	3978	4966	3978	0	0	NA	2	0	0	0
5	140818899	5_140818899_A_T	A	T	4784	4220	4753	4220	0	0	NA	0	0	0	0
5	143882577	5_143882577_C_T	C	T	4702	3963	4662	3963	0	0	NA	2	0	0	0
5	144174340	5_144174340_T_A	T	A	5445	4743	5425	4743	0	0	NA	0	0	0	0
5	147231820	5_147231820_T_C	T	C	5134	4270	5077	4270	0	0	NA	0	0	0	0
5	155707491	5_155707491_C_A	C	A	5068	4208	5027	4208	0	0	NA	0	0	0	0
5	159245701	5_159245701_C_A	C	A	5249	4333	5202	4333	0	0	NA	0	0	0	0
5	175156449	5_175156449_T_A	T	A	4909	3893	4813	3893	0	0	NA	1	0	0	0
5	178219302	5_178219302_C_T	C	T	5143	4055	5106	4055	0	0	NA	0	0	0	0
6	681407	6_681407_G_A	G	A	5148	4419	5112	4415	4	4	NA	1	6	6	6
6	5529881	6_5529881_G_T	G	T	4867	4099	4827	4099	0	0	NA	0	0	0	0
6	9826202	6_9826202_C_A	C	A	4810	4143	4747	4143	0	0	NA	0	0	0	0
6	10753730	6_10753730_T_G	T	G	3944	2929	3920	2929	0	0	NA	0	0	0	0
6	12460139	6_12460139_T_A	T	A	5232	4299	5168	4299	0	0	NA	0	0	0	0
6	16152751	6_16152751_A_T	A	T	4871	3922	4805	3922	0	0	NA	0	0	0	0
6	19968666	6_19968666_A_T	A	T	5499	4649	5447	4649	0	0	NA	0	0	0	0
6	25251499	6_25251499_C_T	C	T	4728	3766	4656	3766	0	0	NA	0	0	0	0
6	33902724	6_33902724_C_A	C	A	4991	4103	4944	4103	0	0	NA	0	0	0	0
6	35755667	6_35755667_G_A	G	A	9472	7981	9392	7981	0	0	NA	4	0	0	0
6	36645367	6_36645367_C_A	C	A	5250	4425	5178	4425	0	0	NA	0	0	0	0
6	40883460	6_40883460_T_A	T	A	5227	4254	5172	4254	0	0	NA	0	0	0	0
6	43531949	6_43531949_G_A	G	A	4759	3691	4710	3691	0	0	NA	1	0	0	0
6	46424766	6_46424766_C_A	C	A	5103	4126	5064	4126	0	0	NA	0	1	0	0
6	49918696	6_49918696_T_C	T	C	4966	4257	2763	2493	2165	1764	NA	0	3383	2828	2828
6	52044909	6_52044909_C_T	C	T	4970	4367	4922	4367	0	0	NA	0	0	0	0
6	53547124	6_53547124_G_T	G	T	5395	4460	5336	4460	0	0	NA	0	0	0	0
6	54917909	6_54917909_T_A	T	A	4697	4127	4674	4127	0	0	NA	0	0	0	0
6	55647541	6_55647541_G_A	G	A	5704	4794	5661	4794	0	0	NA	0	0	0	0
6	70566429	6_70566429_G_A	G	A	5037	4284	4981	4284	0	0	NA	0	0	0	0
6	72591419	6_72591419_A_C	A	C	5372	4437	5312	4437	0	0	NA	0	0	0	0
6	76103487	6_76103487_T_C	T	C	5354	4583	5321	4583	0	0	NA	0	0	0	0
6	103622128	6_103622128_G_A	G	A	4855	4461	4798	4461	0	0	NA	0	0	0	0
6	104605513	6_104605513_G_A	G	A	5119	4298	5089	4298	0	0	NA	0	0	0	0
6	104652935	6_104652935_T_C	T	C	5149	4259	5117	4259	0	0	NA	0	0	0	0
6	105806620	6_105806620_G_T	G	T	4474	3705	4421	3705	0	0	NA	0	1	0	0
6	110281950	6_110281950_A_C	A	C	4562	3966	4503	3966	0	0	NA	0	0	0	0
6	114320721	6_114320721_A_T	A	T	4656	3925	4628	3925	0	0	NA	0	1	0	0
6	118493566	6_118493566_G_A	G	A	5127	4487	5068	4487	0	0	NA	0	0	0	0
6	119569852	6_119569852_G_A	G	A	5361	4475	5317	4475	0	0	NA	1	1	1	1
6	121651239	6_121651239_C_T	C	T	4725	4247	4693	4247	0	0	NA	0	0	0	0
6	123760643	6_123760643_G_C	G	C	5500	4570	5432	4570	0	0	NA	0	0	0	0
6	124345578	6_124345578_A_T	A	T	5422	4752	5391	4752	0	0	NA	0	0	0	0
6	125005890	6_125005890_T_A	T	A	5235	4476	5186	4476	0	0	NA	0	0	0	0
6	133324570	6_133324570_G_A	G	A	5108	4479	5055	4479	0	0	NA	0	0	0	0
6	135077626	6_135077626_C_A	C	A	5254	4471	5191	4471	0	0	NA	0	0	0	0
6	138246521	6_138246521_A_T	A	T	5243	4393	5198	4393	0	0	NA	0	0	0	0
6	138641083	6_138641083_G_A	G	A	4978	4209	4933	4209	0	0	NA	2	0	0	0
6	142076745	6_142076745_G_T	G	T	4405	3916	4377	3916	0	0	NA	0	0	0	0
6	159448369	6_159448369_G_T	G	T	5110	4285	5076	4285	0	0	NA	0	0	0	0
6	166111936	6_166111936_G_A	G	A	4755	4077	4713	4077	0	0	NA	0	0	0	0
6	166278336	6_166278336_T_A	T	A	5101	4485	5056	4485	0	0	NA	0	0	0	0
6	168417580	6_168417580_G_T	G	T	5139	4195	5099	4195	0	0	NA	0	0	0	0
6	169328081	6_169328081_C_A	C	A	5000	4159	4936	4159	0	0	NA	0	0	0	0
6	169421176	6_169421176_C_G	C	G	4720	3376	4661	3376	0	0	NA	0	0	0	0
7	8675885	7_8675885_G_T	G	T	4981	4231	4948	4231	0	0	NA	0	0	0	0
7	9098112	7_9098112_C_A	C	A	4992	4367	4963	4367	0	0	NA	0	0	0	0
7	10900303	7_10900303_A_C	A	C	4768	3848	4734	3848	0	0	NA	0	0	0	0
7	22754756	7_22754756_C_T	C	T	3040	2190	3014	2190	0	0	NA	0	1	0	0
7	24198695	7_24198695_A_T	A	T	4814	3931	4791	3931	0	0	NA	0	0	0	0
7	24484031	7_24484031_A_T	A	T	4064	3725	4045	3725	0	0	NA	1	0	0	0
7	24694731	7_24694731_A_T	A	T	5333	4804	5312	4804	0	0	NA	0	0	0	0
7	24711515	7_24711515_C_A	C	A	4695	4332	4664	4332	0	0	NA	1	0	0	0
7	25560061	7_25560061_C_A	C	A	5107	4186	5053	4186	0	0	NA	1	0	0	0
7	27437117	7_27437117_G_A	G	A	4903	4201	4858	4201	0	0	NA	0	0	0	0
7	27989966	7_27989966_G_A	G	A	5019	4220	4973	4220	0	0	NA	0	0	0	0
7	28061777	7_28061777_A_T	A	T	5076	4373	5036	4373	0	0	NA	0	0	0	0
7	28928679	7_28928679_C_T	C	T	4856	3752	4821	3752	0	0	NA	0	0	0	0
7	31311484	7_31311484_G_T	G	T	5533	4711	5498	4711	0	0	NA	0	0	0	0
7	33851204	7_33851204_C_T	C	T	5173	4378	5122	4378	0	0	NA	0	0	0	0
7	42755804	7_42755804_T_A	T	A	5290	4476	5248	4476	0	0	NA	0	0	0	0
7	46292931	7_46292931_G_T	G	T	5119	4661	5073	4661	0	0	NA	0	0	0	0
7	50675543	7_50675543_C_A	C	A	5012	4053	4966	4053	0	0	NA	0	0	0	0
7	52812198	7_52812198_C_T	C	T	5538	4550	5493	4550	0	0	NA	0	0	0	0
7	70982332	7_70982332_C_T	C	T	4931	4164	4881	4164	0	0	NA	0	0	0	0
7	86985981	7_86985981_A_G	A	G	5144	4376	5097	4376	0	0	NA	0	0	0	0
7	91831200	7_91831200_C_T	C	T	4731	4114	4700	4114	0	0	NA	0	0	0	0
7	95718096	7_95718096_G_T	G	T	5464	4761	5408	4761	0	0	NA	2	0	0	0
7	103000000	7_103000000_A_C	A	C	5224	4542	5177	4542	0	0	NA	0	0	0	0
7	107945933	7_107945933_T_C	T	C	4967	4215	4944	4215	0	0	NA	0	0	0	0
7	109602837	7_109602837_G_T	G	T	3802	3280	3742	3280	0	0	NA	0	0	0	0
7	111892331	7_111892331_T_G	T	G	5041	4252	4986	4252	0	0	NA	0	0	0	0
7	113217777	7_113217777_A_T	A	T	4844	4285	4796	4285	0	0	NA	0	0	0	0
7	116478734	7_116478734_A_T	A	T	5204	4347	5164	4347	0	0	NA	0	0	0	0
7	127818690	7_127818690_G_T	G	T	5163	4356	5124	4356	0	0	NA	0	0	0	0
7	136294843	7_136294843_T_A	T	A	4662	4166	4641	4166	0	0	NA	0	1	1	1
7	138936694	7_138936694_C_A	C	A	5267	4361	5228	4361	0	0	NA	0	0	0	0
7	141228576	7_141228576_G_A	G	A	4861	3783	4804	3783	0	0	NA	0	0	0	0
7	141231069	7_141231069_G_A	G	A	3449	2043	3418	2043	0	0	NA	0	0	0	0
7	146623991	7_146623991_G_A	G	A	4737	4269	4687	4269	0	0	NA	0	0	0	0
7	154475973	7_154475973_C_A	C	A	3005	2242	2980	2242	0	0	NA	0	0	0	0
7	156247033	7_156247033_C_T	C	T	4635	3610	4600	3610	0	0	NA	0	0	0	0
7	156328595	7_156328595_T_A	T	A	5200	4483	5159	4483	0	0	NA	0	0	0	0
7	156755092	7_156755092_A_C	A	C	4771	3900	4730	3900	0	0	NA	0	0	0	0
7	157738917	7_157738917_C_A	C	A	4231	3353	4197	3353	0	0	NA	1	0	0	0
7	157935636	7_157935636_C_T	C	T	4804	3919	4757	3919	0	0	NA	0	0	0	0
8	2158032	8_2158032_G_T	G	T	5264	4447	5234	4447	0	0	NA	0	0	0	0
8	2364784	8_2364784_G_C	G	C	4906	4047	4859	4047	0	0	NA	0	0	0	0
8	5590286	8_5590286_G_A	G	A	5355	4444	5324	4444	0	0	NA	0	0	0	0
8	8471500	8_8471500_A_T	A	T	4810	3886	4786	3886	0	0	NA	0	0	0	0
8	13534551	8_13534551_T_C	T	C	5491	4689	5470	4689	0	0	NA	0	0	0	0
8	17576978	8_17576978_C_T	C	T	4631	4049	2454	2182	2142	1867	NA	0	3315	2950	2950
8	21884618	8_21884618_T_A	T	A	5100	4351	5049	4351	0	0	NA	0	0	0	0
8	24055217	8_24055217_T_A	T	A	5461	4764	5434	4764	0	0	NA	0	0	0	0
8	25502729	8_25502729_C_T	C	T	5385	4509	5336	4509	0	0	NA	1	0	0	0
8	26756209	8_26756209_G_A	G	A	5198	4341	5136	4341	0	0	NA	0	0	0	0
8	28068715	8_28068715_T_G	T	G	5544	4612	5487	4612	0	0	NA	0	0	0	0
8	31909019	8_31909019_A_G	A	G	5278	4545	5243	4545	0	0	NA	0	0	0	0
8	34517935	8_34517935_G_T	G	T	4962	3996	4941	3996	0	0	NA	0	0	0	0
8	35920340	8_35920340_T_C	T	C	5163	4265	5125	4265	0	0	NA	0	0	0	0
8	37804385	8_37804385_A_G	A	G	5113	4327	5074	4327	0	0	NA	0	0	0	0
8	42705740	8_42705740_T_G	T	G	4759	4036	4722	4036	0	0	NA	0	0	0	0
8	43263618	8_43263618_A_C	A	C	5052	4219	5002	4219	0	0	NA	0	0	0	0
8	49103068	8_49103068_C_G	C	G	5372	4448	5304	4448	0	0	NA	0	0	0	0
8	58729295	8_58729295_A_G	A	G	4915	4209	4884	4209	0	0	NA	1	0	0	0
8	66185022	8_66185022_G_A	G	A	4982	4211	4948	4211	0	0	NA	0	0	0	0
8	73574383	8_73574383_G_A	G	A	5359	4614	5331	4614	0	0	NA	0	0	0	0
8	74076044	8_74076044_T_A	T	A	5226	4520	5206	4520	0	0	NA	0	0	0	0
8	82450023	8_82450023_C_A	C	A	5227	4467	5173	4467	0	0	NA	0	0	0	0
8	83973299	8_83973299_A_T	A	T	5072	4315	5036	4315	0	0	NA	0	0	0	0
8	105374702	8_105374702_A_G	A	G	4802	3905	4734	3905	0	0	NA	0	0	0	0
8	115281717	8_115281717_C_T	C	T	5234	4554	5204	4554	0	0	NA	0	0	0	0
8	115319068	8_115319068_T_C	T	C	5206	4432	5156	4432	0	0	NA	0	0	0	0
8	117855960	8_117855960_A_C	A	C	5143	4361	5112	4361	0	0	NA	0	0	0	0
8	118763466	8_118763466_T_C	T	C	5139	4154	5081	4154	0	0	NA	0	0	0	0
8	120016596	8_120016596_T_A	T	A	5480	4576	5443	4576	0	0	NA	0	0	0	0
8	126815596	8_126815596_C_A	C	A	5225	4197	5153	4197	0	0	NA	0	0	0	0
8	128368224	8_128368224_G_C	G	C	4943	4124	4882	4124	0	0	NA	0	0	0	0
8	129310325	8_129310325_G_C	G	C	4574	3902	4524	3902	0	0	NA	0	0	0	0
8	130415449	8_130415449_C_A	C	A	4831	4312	4768	4312	0	0	NA	0	0	0	0
8	140198440	8_140198440_A_C	A	C	4795	4416	4772	4416	0	0	NA	0	0	0	0
8	140686488	8_140686488_A_C	A	C	4947	4131	4905	4131	0	0	NA	0	0	0	0
8	141116992	8_141116992_T_C	T	C	5183	4408	5127	4408	0	0	NA	0	0	0	0
9	10268680	9_10268680_T_A	T	A	5630	4831	5585	4831	0	0	NA	0	0	0	0
9	11806127	9_11806127_G_T	G	T	5201	4419	5154	4419	0	0	NA	0	0	0	0
9	16516280	9_16516280_C_T	C	T	3919	3055	3878	3055	0	0	NA	2	0	0	0
9	18344935	9_18344935_C_T	C	T	5312	4496	5279	4496	0	0	NA	1	0	0	0
9	23039259	9_23039259_G_T	G	T	5054	4411	5028	4411	0	0	NA	0	0	0	0
9	28226964	9_28226964_A_G	A	G	5061	4540	5031	4540	0	0	NA	0	0	0	0
9	30095011	9_30095011_T_G	T	G	5412	4644	5349	4644	0	0	NA	0	0	0	0
9	35526376	9_35526376_G_T	G	T	5492	4785	5429	4785	0	0	NA	0	0	0	0
9	38044547	9_38044547_A_T	A	T	5312	4331	5263	4331	0	0	NA	0	0	0	0
9	72015479	9_72015479_C_A	C	A	5507	4743	5470	4743	0	0	NA	0	0	0	0
9	81545237	9_81545237_G_T	G	T	5298	4535	5268	4535	0	0	NA	0	0	0	0
9	83959865	9_83959865_G_A	G	A	4976	4213	4926	4213	0	0	NA	0	0	0	0
9	85027773	9_85027773_T_C	T	C	5289	4483	5238	4483	0	0	NA	0	1	1	1
9	85986606	9_85986606_T_G	T	G	5015	4147	4978	4147	0	0	NA	0	0	0	0
9	86724454	9_86724454_T_A	T	A	4502	3839	4488	3839	0	0	NA	0	0	0	0
9	91687627	9_91687627_C_T	C	T	4947	4253	4898	4253	0	0	NA	1	0	0	0
9	93606746	9_93606746_G_A	G	A	5345	4353	5298	4353	0	0	NA	0	0	0	0
9	114939474	9_114939474_G_A	G	A	4828	3876	4775	3876	0	0	NA	0	0	0	0
9	126189316	9_126189316_A_C	A	C	5455	4563	5416	4563	0	0	NA	0	0	0	0
9	131136928	9_131136928_C_A	C	A	4223	3530	4182	3530	0	0	NA	1	0	0	0
10	1961897	10_1961897_A_T	A	T	5578	4818	5547	4818	0	0	NA	0	0	0	0
10	2270041	10_2270041_A_T	A	T	5392	4498	5367	4498	0	0	NA	0	0	0	0
10	3057079	10_3057079_T_A	T	A	4710	4121	4668	4121	0	0	NA	0	0	0	0
10	3798084	10_3798084_C_T	C	T	5320	4488	5285	4488	0	0	NA	0	1	1	1
10	4569567	10_4569567_C_T	C	T	5225	4400	5176	4400	0	0	NA	0	0	0	0
10	7256310	10_7256310_G_A	G	A	5293	4447	5237	4447	0	0	NA	0	0	0	0
10	11473917	10_11473917_C_A	C	A	5063	4267	4998	4267	0	0	NA	0	0	0	0
10	12894934	10_12894934_A_G	A	G	5014	4291	4975	4291	0	0	NA	0	0	0	0
10	17449662	10_17449662_T_C	T	C	5333	4467	5299	4467	0	0	NA	0	0	0	0
10	21797291	10_21797291_G_A	G	A	4881	4181	4845	4181	0	0	NA	0	0	0	0
10	24055946	10_24055946_C_A	C	A	4966	4167	4901	4167	0	0	NA	0	0	0	0
10	27257081	10_27257081_T_A	T	A	5077	4322	5046	4322	0	0	NA	0	0	0	0
10	31620347	10_31620347_T_G	T	G	5353	4614	5327	4614	0	0	NA	0	0	0	0
10	33654321	10_33654321_C_A	C	A	5431	4603	5373	4603	0	0	NA	0	0	0	0
10	55082235	10_55082235_A_G	A	G	5401	4714	5357	4714	0	0	NA	0	0	0	0
10	60168247	10_60168247_C_T	C	T	5205	4265	5145	4265	0	0	NA	0	0	0	0
10	61472718	10_61472718_A_T	A	T	4981	4426	4928	4426	0	0	NA	1	0	0	0
10	63258458	10_63258458_T_G	T	G	5331	4578	5298	4578	0	0	NA	0	0	0	0
10	64550450	10_64550450_T_A	T	A	5501	4602	5443	4602	0	0	NA	0	0	0	0
10	66315438	10_66315438_A_G	A	G	4941	4149	4912	4149	0	0	NA	1	0	0	0
10	73093048	10_73093048_T_A	T	A	5366	4362	5288	4362	0	0	NA	0	0	0	0
10	74671734	10_74671734_T_A	T	A	5412	4583	5366	4583	0	0	NA	0	0	0	0
10	75581745	10_75581745_T_A	T	A	5256	4350	5197	4350	0	0	NA	0	0	0	0
10	77550906	10_77550906_T_G	T	G	4925	4142	4898	4142	0	0	NA	0	0	0	0
10	84458827	10_84458827_G_A	G	A	4824	4081	4796	4081	0	0	NA	0	0	0	0
10	86438880	10_86438880_G_A	G	A	4678	4040	4650	4040	0	0	NA	0	0	0	0
10	106846450	10_106846450_C_A	C	A	5333	4339	5280	4339	0	0	NA	0	0	0	0
10	108279287	10_108279287_G_A	G	A	5401	4634	5336	4634	0	0	NA	1	0	0	0
10	114127241	10_114127241_C_T	C	T	5142	4330	5086	4330	0	0	NA	0	0	0	0
10	115011950	10_115011950_G_A	G	A	5336	4399	5305	4399	0	0	NA	0	0	0	0
10	123802678	10_123802678_A_T	A	T	4130	3701	4097	3701	0	0	NA	0	0	0	0
10	127272048	10_127272048_A_T	A	T	5417	4517	5389	4517	0	0	NA	0	0	0	0
10	127291575	10_127291575_C_A	C	A	5129	4294	5082	4294	0	0	NA	0	0	0	0
10	129639752	10_129639752_G_A	G	A	4885	3989	4844	3988	1	1	NA	0	1	1	1
10	130159936	10_130159936_G_A	G	A	5021	4225	4964	4224	1	1	NA	0	1	1	1
11	7984729	11_7984729_T_C	T	C	5394	4366	5271	4366	0	0	NA	0	0	0	0
11	8459025	11_8459025_G_T	G	T	5338	4709	5290	4709	0	0	NA	0	0	0	0
11	11007767	11_11007767_T_G	T	G	4918	3946	4856	3946	0	0	NA	0	0	0	0
11	11518367	11_11518367_A_C	A	C	5212	4260	5152	4260	0	0	NA	0	0	0	0
11	15793278	11_15793278_G_A	G	A	5370	4480	5330	4480	0	0	NA	0	0	0	0
11	21390815	11_21390815_G_A	G	A	4681	3760	4652	3760	0	0	NA	1	0	0	0
11	26856090	11_26856090_T_A	T	A	5164	4312	5142	4312	0	0	NA	0	0	0	0
11	27971030	11_27971030_T_A	T	A	5329	4500	5292	4500	0	0	NA	0	0	0	0
11	35533876	11_35533876_C_A	C	A	4746	4175	4698	4175	0	0	NA	0	0	0	0
11	35669032	11_35669032_G_A	G	A	5172	4451	5133	4451	0	0	NA	0	0	0	0
11	37036482	11_37036482_G_C	G	C	4779	4396	4732	4396	0	0	NA	0	0	0	0
11	41235268	11_41235268_C_T	C	T	5366	4632	5291	4632	0	0	NA	0	0	0	0
11	42624326	11_42624326_T_A	T	A	5346	4549	5318	4549	0	0	NA	0	0	0	0
11	46455056	11_46455056_G_T	G	T	5312	4492	5269	4492	0	0	NA	0	0	0	0
11	56080304	11_56080304_C_T	C	T	5394	4481	5348	4481	0	0	NA	0	0	0	0
11	58723307	11_58723307_G_A	G	A	4948	4173	4890	4173	0	0	NA	0	0	0	0
11	59161585	11_59161585_G_T	G	T	5099	4467	5066	4466	0	0	NA	0	0	0	0
11	63332665	11_63332665_A_T	A	T	5422	4489	5378	4489	0	0	NA	0	0	0	0
11	64555955	11_64555955_C_T	C	T	4139	3496	4098	3496	0	0	NA	4	0	0	0
11	65883319	11_65883319_G_T	G	T	5130	4260	5093	4260	0	0	NA	1	0	0	0
11	68959684	11_68959684_T_G	T	G	4957	3987	4898	3987	0	0	NA	0	0	0	0
11	74881423	11_74881423_G_T	G	T	4844	4098	4795	4098	0	0	NA	1	0	0	0
11	75138342	11_75138342_G_A	G	A	5317	4390	5242	4390	0	0	NA	0	0	0	0
11	75960624	11_75960624_G_A	G	A	5313	4262	5265	4262	0	0	NA	0	0	0	0
11	76438194	11_76438194_A_G	A	G	5001	4177	4976	4177	0	0	NA	0	0	0	0
11	79695545	11_79695545_G_T	G	T	5417	4648	5355	4648	0	0	NA	0	0	0	0
11	80527855	11_80527855_T_C	T	C	4676	3866	4649	3866	0	0	NA	0	0	0	0
11	81837425	11_81837425_T_A	T	A	4624	4131	4587	4131	0	0	NA	0	0	0	0
11	83179093	11_83179093_A_C	A	C	4952	4190	4934	4190	0	0	NA	0	0	0	0
11	85608151	11_85608151_C_T	C	T	5091	4360	5011	4360	0	0	NA	1	0	0	0
11	86123536	11_86123536_C_T	C	T	5309	4441	5254	4441	0	0	NA	0	0	0	0
11	87389433	11_87389433_G_A	G	A	5274	4431	5224	4431	0	0	NA	0	0	0	0
11	88422060	11_88422060_T_C	T	C	5287	4589	5249	4589	0	0	NA	0	0	0	0
11	90112343	11_90112343_T_A	T	A	4510	3741	4470	3741	0	0	NA	0	0	0	0
11	100548653	11_100548653_C_A	C	A	5174	4282	5119	4282	0	0	NA	0	0	0	0
11	100693135	11_100693135_A_G	A	G	5069	4564	5038	4564	0	0	NA	0	0	0	0
11	106652778	11_106652778_A_C	A	C	5265	4402	5226	4402	0	0	NA	1	0	0	0
11	112259966	11_112259966_G_C	G	C	5412	4585	5381	4585	0	0	NA	0	0	0	0
11	113656969	11_113656969_C_A	C	A	4004	3397	3966	3397	0	0	NA	0	0	0	0
11	113815381	11_113815381_C_T	C	T	5236	4475	5164	4475	0	0	NA	3	0	0	0
11	120722483	11_120722483_G_A	G	A	2691	2047	2664	2047	0	0	NA	0	0	0	0
11	127628551	11_127628551_T_G	T	G	5070	4472	5055	4472	0	0	NA	0	0	0	0
11	128712838	11_128712838_G_A	G	A	5283	4580	5239	4580	0	0	NA	0	0	0	0
11	130054550	11_130054550_C_T	C	T	5145	4318	5078	4318	0	0	NA	0	0	0	0
11	131571363	11_131571363_T_C	T	C	5528	4665	5497	4665	0	0	NA	0	0	0	0
11	131943274	11_131943274_G_T	G	T	5641	4832	5602	4832	0	0	NA	0	0	0	0
11	133848115	11_133848115_G_T	G	T	5066	4212	5017	4212	0	0	NA	0	0	0	0
12	5550166	12_5550166_C_T	C	T	5206	4345	5166	4345	0	0	NA	2	0	0	0
12	7613075	12_7613075_G_A	G	A	5141	4254	5084	4254	0	0	NA	0	0	0	0
12	11664471	12_11664471_G_A	G	A	5411	4597	5359	4597	0	0	NA	1	1	1	1
12	14251503	12_14251503_C_G	C	G	5483	4586	5444	4586	0	0	NA	0	0	0	0
12	18204629	12_18204629_T_G	T	G	5115	4372	5068	4372	0	0	NA	0	0	0	0
12	24497982	12_24497982_T_A	T	A	5337	4504	5303	4504	0	0	NA	0	0	0	0
12	26166055	12_26166055_A_T	A	T	5261	4349	5231	4349	0	0	NA	0	0	0	0
12	26732966	12_26732966_G_T	G	T	5313	4483	5232	4480	4	3	NA	0	5	4	4
12	39389322	12_39389322_C_T	C	T	5002	3791	4929	3790	1	1	NA	0	2	2	2
12	43069386	12_43069386_T_C	T	C	5174	4442	5135	4442	0	0	NA	0	0	0	0
12	43403946	12_43403946_G_A	G	A	5327	4438	5287	4438	0	0	NA	0	0	0	0
12	43733361	12_43733361_C_A	C	A	5148	4336	5108	4336	0	0	NA	0	0	0	0
12	50362345	12_50362345_C_T	C	T	4734	4050	4702	4050	0	0	NA	1	0	0	0
12	52331907	12_52331907_T_G	T	G	4825	3974	4780	3974	0	0	NA	0	0	0	0
12	59632638	12_59632638_G_T	G	T	5251	4558	5194	4558	0	0	NA	1	0	0	0
12	63851770	12_63851770_A_G	A	G	5248	4746	5218	4746	0	0	NA	0	0	0	0
12	70249334	12_70249334_C_A	C	A	5385	4628	5334	4628	0	0	NA	0	0	0	0
12	76669654	12_76669654_A_C	A	C	5264	4316	5217	4316	0	0	NA	0	0	0	0
12	85066259	12_85066259_C_G	C	G	5612	4626	5533	4626	0	0	NA	0	0	0	0
12	85315381	12_85315381_T_C	T	C	5585	4703	5533	4703	0	0	NA	0	0	0	0
12	85316228	12_85316228_G_T	G	T	5132	4437	5100	4437	0	0	NA	0	0	0	0
12	85333719	12_85333719_G_T	G	T	5116	4609	5079	4609	0	0	NA	1	0	0	0
12	92193675	12_92193675_A_T	A	T	5126	4468	5104	4468	0	0	NA	0	0	0	0
12	96053445	12_96053445_C_T	C	T	4757	4236	4704	4236	0	0	NA	0	0	0	0
12	103870296	12_103870296_T_A	T	A	5408	4575	5355	4575	0	0	NA	0	0	0	0
12	104504726	12_104504726_T_G	T	G	5415	4597	5377	4597	0	0	NA	0	0	0	0
12	106628015	12_106628015_A_G	A	G	5171	4388	5136	4388	0	0	NA	0	0	0	0
12	107912860	12_107912860_T_A	T	A	5140	4288	5114	4288	0	0	NA	0	0	0	0
12	111404432	12_111404432_C_T	C	T	5155	4189	5071	4189	0	0	NA	0	0	0	0
12	112139443	12_112139443_T_A	T	A	4608	3858	4564	3858	0	0	NA	0	0	0	0
12	116383896	12_116383896_G_A	G	A	4997	4155	4924	4155	0	0	NA	2	0	0	0
12	118305511	12_118305511_G_C	G	C	5358	4453	5327	4453	0	0	NA	0	0	0	0
12	119371916	12_119371916_C_T	C	T	4742	3712	4694	3712	0	0	NA	0	0	0	0
12	131138418	12_131138418_A_G	A	G	5004	4283	4960	4283	0	0	NA	0	0	0	0
12	131406360	12_131406360_T_C	T	C	5178	4305	5145	4305	0	0	NA	0	0	0	0
12	131477541	12_131477541_C_A	C	A	5173	4174	5094	4174	0	0	NA	0	0	0	0
13	20748274	13_20748274_G_A	G	A	4953	4015	4929	4015	0	0	NA	0	0	0	0
13	29607772	13_29607772_G_T	G	T	5043	4420	5005	4420	0	0	NA	0	0	0	0
13	30160265	13_30160265_T_A	T	A	5199	4557	5157	4557	0	0	NA	0	0	0	0
13	30302795	13_30302795_G_T	G	T	5373	4546	5307	4546	0	0	NA	0	0	0	0
13	31599844	13_31599844_G_A	G	A	4858	3877	4820	3877	0	0	NA	0	1	1	1
13	31696641	13_31696641_A_T	A	T	5116	4258	5090	4258	0	0	NA	0	0	0	0
13	36706247	13_36706247_A_C	A	C	4862	3979	4830	3979	0	0	NA	0	0	0	0
13	39821600	13_39821600_T_C	T	C	5209	4496	5182	4496	0	0	NA	0	0	0	0
13	44253606	13_44253606_A_C	A	C	5167	4561	5136	4561	0	0	NA	0	0	0	0
13	56789439	13_56789439_C_T	C	T	5196	4394	5127	4394	0	0	NA	0	0	0	0
13	58937417	13_58937417_G_A	G	A	4828	4158	4786	4158	0	0	NA	0	0	0	0
13	59662950	13_59662950_T_A	T	A	5376	4382	5286	4382	0	0	NA	0	0	0	0
13	59957160	13_59957160_A_G	A	G	5344	4527	5316	4527	0	0	NA	0	0	0	0
13	65937324	13_65937324_G_T	G	T	5207	4591	5165	4591	0	0	NA	0	0	0	0
13	67150777	13_67150777_A_G	A	G	4915	4256	4878	4256	0	0	NA	0	0	0	0
13	71930277	13_71930277_C_T	C	T	5416	4601	5381	4601	0	0	NA	0	0	0	0
13	72255975	13_72255975_G_A	G	A	5283	4552	5224	4552	0	0	NA	0	1	1	1
13	72950190	13_72950190_A_C	A	C	4962	4421	4937	4421	0	0	NA	0	0	0	0
13	78207866	13_78207866_G_A	G	A	5348	4476	5304	4476	0	0	NA	0	0	0	0
13	79061572	13_79061572_T_G	T	G	5217	4526	5187	4526	0	0	NA	0	0	0	0
13	80502234	13_80502234_C_A	C	A	5068	4296	5025	4296	0	0	NA	0	0	0	0
13	81634047	13_81634047_A_G	A	G	5393	4845	5376	4845	0	0	NA	0	0	0	0
13	87006562	13_87006562_A_G	A	G	5232	4425	5186	4425	0	0	NA	0	0	0	0
13	94857022	13_94857022_A_G	A	G	5535	4817	5490	4817	0	0	NA	0	0	0	0
13	94912533	13_94912533_A_C	A	C	5428	4550	5399	4550	0	0	NA	0	0	0	0
13	98056177	13_98056177_T_A	T	A	5271	4376	5236	4376	0	0	NA	0	0	0	0
13	101298571	13_101298571_G_T	G	T	5100	4323	5064	4323	0	0	NA	0	0	0	0
13	107712753	13_107712753_C_T	C	T	5301	4457	5265	4457	0	0	NA	0	0	0	0
13	111629016	13_111629016_A_T	A	T	5220	4444	5171	4444	0	0	NA	0	0	0	0
13	112145775	13_112145775_T_C	T	C	5102	4151	5054	4150	1	1	NA	0	1	1	1
14	23616184	14_23616184_G_T	G	T	5426	3914	5363	3914	0	0	NA	0	0	0	0
14	26066134	14_26066134_T_C	T	C	5416	4616	5394	4616	0	0	NA	0	0	0	0
14	35875194	14_35875194_G_A	G	A	4853	4059	4813	4059	0	0	NA	0	0	0	0
14	42484294	14_42484294_G_A	G	A	5151	4342	5104	4342	0	0	NA	1	0	0	0
14	42579830	14_42579830_G_A	G	A	5214	4286	5180	4286	0	0	NA	0	0	0	0
14	45371105	14_45371105_A_T	A	T	5187	4372	5161	4372	0	0	NA	0	0	0	0
14	47070194	14_47070194_A_C	A	C	5142	4393	5086	4393	0	0	NA	0	0	0	0
14	47494194	14_47494194_A_G	A	G	5268	4485	5236	4485	0	0	NA	0	0	0	0
14	52310548	14_52310548_T_A	T	A	5053	4207	4996	4207	0	0	NA	0	0	0	0
14	53783288	14_53783288_C_A	C	A	5289	4487	5240	4487	0	0	NA	1	0	0	0
14	64929560	14_64929560_G_T	G	T	5397	4551	5356	4551	0	0	NA	0	0	0	0
14	72986250	14_72986250_G_A	G	A	4741	3900	4688	3900	0	0	NA	0	0	0	0
14	78906469	14_78906469_C_A	C	A	4984	4025	4943	4025	0	0	NA	0	0	0	0
14	79152476	14_79152476_C_A	C	A	5039	4173	5006	4173	0	0	NA	0	0	0	0
14	84197401	14_84197401_A_T	A	T	5677	4789	5630	4789	0	0	NA	0	0	0	0
14	86120009	14_86120009_G_T	G	T	5226	4297	5178	4297	0	0	NA	0	0	0	0
14	87119863	14_87119863_G_A	G	A	4862	4295	4819	4295	0	0	NA	1	0	0	0
14	88172658	14_88172658_C_A	C	A	5126	4413	5082	4413	0	0	NA	0	0	0	0
14	91815684	14_91815684_C_T	C	T	4903	4151	4843	4151	0	0	NA	0	0	0	0
14	93665220	14_93665220_C_T	C	T	4620	4175	4578	4175	0	0	NA	0	0	0	0
14	97281265	14_97281265_C_T	C	T	5169	4486	5127	4486	1	0	NA	0	1	0	0
14	99627582	14_99627582_G_A	G	A	5537	4852	5505	4852	0	0	NA	0	0	0	0
14	99896674	14_99896674_G_A	G	A	5312	4497	5273	4497	0	0	NA	0	0	0	0
14	105073239	14_105073239_T_C	T	C	4875	4075	4833	4072	3	3	NA	0	3	3	3
15	27188759	15_27188759_C_T	C	T	5028	4278	4955	4278	0	0	NA	0	1	0	0
15	27917481	15_27917481_T_G	T	G	5497	4628	5451	4628	0	0	NA	0	0	0	0
15	29273010	15_29273010_C_G	C	G	5292	4419	5249	4419	0	0	NA	0	0	0	0
15	33673689	15_33673689_G_A	G	A	5598	4781	5540	4781	0	0	NA	0	0	0	0
15	38371261	15_38371261_A_G	A	G	4919	4451	4887	4451	0	0	NA	0	0	0	0
15	39455633	15_39455633_G_A	G	A	5107	4329	5045	4329	0	0	NA	0	0	0	0
15	41901672	15_41901672_A_T	A	T	4610	4135	4561	4135	0	0	NA	0	0	0	0
15	46333302	15_46333302_G_T	G	T	5582	4732	5544	4732	0	0	NA	0	0	0	0
15	47326009	15_47326009_A_T	A	T	4472	3222	4472	3222	0	0	NA	0	0	0	0
15	49339790	15_49339790_T_A	T	A	5469	4693	5420	4693	0	0	NA	0	0	0	0
15	51556904	15_51556904_A_T	A	T	5176	4299	5142	4299	0	0	NA	0	0	0	0
15	53648907	15_53648907_T_G	T	G	5610	4811	5585	4811	0	0	NA	0	0	0	0
15	59876866	15_59876866_C_T	C	T	4070	2891	4037	2891	1	0	NA	0	1	0	0
15	60564834	15_60564834_C_G	C	G	5278	4465	5218	4465	0	0	NA	0	0	0	0
15	61980229	15_61980229_A_T	A	T	5266	4558	5208	4558	0	0	NA	0	0	0	0
15	63403113	15_63403113_T_G	T	G	5395	4501	5347	4501	0	0	NA	0	0	0	0
15	67559365	15_67559365_T_A	T	A	5394	4519	5348	4519	0	0	NA	0	0	0	0
15	70169256	15_70169256_G_A	G	A	4868	3934	4817	3934	0	0	NA	2	0	0	0
15	71626662	15_71626662_G_C	G	C	5144	4302	5098	4302	0	0	NA	0	0	0	0
15	72140677	15_72140677_C_A	C	A	5308	4647	5267	4647	0	0	NA	0	0	0	0
15	72268026	15_72268026_A_T	A	T	5072	4266	5002	4266	0	0	NA	0	0	0	0
15	75330455	15_75330455_T_A	T	A	5038	4327	5013	4327	0	0	NA	0	0	0	0
15	77318426	15_77318426_G_A	G	A	4872	4024	4843	4024	0	0	NA	1	0	0	0
15	79292109	15_79292109_G_T	G	T	5076	4260	5026	4260	0	0	NA	1	0	0	0
15	80592164	15_80592164_C_A	C	A	5377	4496	5304	4496	0	0	NA	0	0	0	0
15	88192867	15_88192867_C_T	C	T	4932	3923	4859	3923	0	0	NA	0	0	0	0
15	94096973	15_94096973_C_A	C	A	5246	4249	5219	4249	0	0	NA	0	0	0	0
15	95313094	15_95313094_T_A	T	A	4441	3963	4407	3963	0	0	NA	0	0	0	0
15	101645323	15_101645323_G_T	G	T	5214	4404	5141	4404	0	0	NA	0	0	0	0
16	6241844	16_6241844_C_G	C	G	4913	4134	4883	4134	0	0	NA	0	0	0	0
16	6815962	16_6815962_A_G	A	G	5046	4402	5024	4402	0	0	NA	0	0	0	0
16	9164000	16_9164000_G_T	G	T	4627	3781	4586	3781	0	0	NA	0	0	0	0
16	12618534	16_12618534_G_A	G	A	3789	3154	3765	3154	0	0	NA	0	0	0	0
16	34614986	16_34614986_G_T	G	T	5431	4632	5388	4632	0	0	NA	0	0	0	0
16	54531764	16_54531764_C_T	C	T	4762	4210	4710	4210	0	0	NA	0	0	0	0
16	57795085	16_57795085_T_G	T	G	4527	3740	4476	3740	0	0	NA	0	0	0	0
16	59228702	16_59228702_C_T	C	T	5457	4527	5396	4527	0	0	NA	0	0	0	0
16	62560683	16_62560683_A_T	A	T	5368	4576	5333	4576	0	0	NA	0	0	0	0
16	63766571	16_63766571_T_C	T	C	5596	4821	5570	4821	0	0	NA	0	0	0	0
16	74344639	16_74344639_G_T	G	T	5074	4301	5032	4301	0	0	NA	0	0	0	0
16	76907394	16_76907394_G_A	G	A	4931	3946	4879	3946	0	0	NA	0	0	0	0
16	78972173	16_78972173_T_A	T	A	4995	4217	4969	4217	0	0	NA	0	0	0	0
16	80517522	16_80517522_A_T	A	T	5525	4713	5490	4713	0	0	NA	0	1	0	0
16	82593802	16_82593802_G_A	G	A	5202	4399	5171	4399	0	0	NA	0	0	0	0
16	85688747	16_85688747_C_G	C	G	4908	4161	4852	4161	0	0	NA	1	0	0	0
16	86679926	16_86679926_A_C	A	C	5322	4544	5294	4543	1	1	NA	0	1	1	1
17	720089	17_720089_G_T	G	T	5186	4348	5137	4348	0	0	NA	0	0	0	0
17	1396837	17_1396837_C_A	C	A	4759	3860	4729	3860	0	0	NA	0	0	0	0
17	3688959	17_3688959_G_A	G	A	4568	3881	4534	3880	0	0	NA	0	1	1	1
17	3701275	17_3701275_G_A	G	A	5166	4447	5112	4447	0	0	NA	0	1	1	1
17	4441107	17_4441107_C_T	C	T	4854	4034	4813	4034	0	0	NA	0	0	0	0
17	4983888	17_4983888_A_G	A	G	4139	3709	4120	3709	0	0	NA	0	0	0	0
17	6006620	17_6006620_A_T	A	T	5302	4414	5244	4414	0	0	NA	0	0	0	0
17	6014184	17_6014184_G_A	G	A	5145	4197	5076	4197	0	0	NA	1	0	0	0
17	11156054	17_11156054_C_A	C	A	5017	4130	4968	4130	0	0	NA	1	0	0	0
17	11528791	17_11528791_C_T	C	T	5150	4194	5068	4194	0	0	NA	0	1	1	1
17	14475193	17_14475193_G_T	G	T	4710	3999	4665	3999	0	0	NA	0	0	0	0
17	15065173	17_15065173_C_T	C	T	5376	4461	5321	4461	0	0	NA	0	0	0	0
17	15338559	17_15338559_G_A	G	A	4449	3392	4316	3392	0	0	NA	1	0	0	0
17	16493939	17_16493939_G_A	G	A	4714	4236	4678	4236	0	0	NA	0	0	0	0
17	17009859	17_17009859_G_A	G	A	4939	4052	4890	4052	0	0	NA	0	0	0	0
17	17301717	17_17301717_C_T	C	T	4880	4059	4834	4059	0	0	NA	0	0	0	0
17	28024579	17_28024579_G_T	G	T	4946	4220	4911	4220	0	0	NA	0	0	0	0
17	29717435	17_29717435_G_A	G	A	4915	4319	4880	4319	0	0	NA	1	0	0	0
17	32446077	17_32446077_T_C	T	C	5476	4567	5449	4566	1	1	NA	0	2	2	2
17	32569131	17_32569131_A_T	A	T	5249	4417	5199	4417	0	0	NA	0	0	0	0
17	33100251	17_33100251_T_A	T	A	4987	3951	4825	3951	0	0	NA	0	0	0	0
17	39467639	17_39467639_G_C	G	C	5078	4219	5039	4219	0	0	NA	0	0	0	0
17	42998213	17_42998213_G_A	G	A	4866	4030	4836	4030	0	0	NA	0	0	0	0
17	43085412	17_43085412_G_T	G	T	5474	4631	5431	4631	0	0	NA	0	0	0	0
17	43470055	17_43470055_C_T	C	T	5160	4254	5107	4254	0	0	NA	0	0	0	0
17	44927857	17_44927857_T_A	T	A	5036	4201	4999	4201	0	0	NA	0	0	0	0
17	46056008	17_46056008_G_T	G	T	5053	4305	5005	4305	0	0	NA	0	0	0	0
17	50866762	17_50866762_G_T	G	T	5749	4836	5690	4836	0	0	NA	0	0	0	0
17	50905910	17_50905910_C_A	C	A	4544	3659	4493	3659	0	0	NA	1	0	0	0
17	52118259	17_52118259_C_T	C	T	5150	4562	5105	4562	0	0	NA	0	0	0	0
17	60898629	17_60898629_C_T	C	T	4381	4029	4336	4029	0	0	NA	0	0	0	0
17	71934293	17_71934293_A_T	A	T	5043	4142	4998	4142	0	0	NA	0	0	0	0
17	76222871	17_76222871_G_A	G	A	4598	3773	4558	3773	0	0	NA	1	0	0	0
17	76917088	17_76917088_C_A	C	A	5013	4054	4953	4054	0	0	NA	1	0	0	0
17	80960218	17_80960218_T_G	T	G	5017	4265	4986	4265	0	0	NA	0	0	0	0
17	81150845	17_81150845_G_A	G	A	4763	3939	4727	3939	0	0	NA	0	0	0	0
18	2199340	18_2199340_A_T	A	T	5478	4630	5426	4630	0	0	NA	0	0	0	0
18	3219279	18_3219279_T_G	T	G	5138	4233	5092	4233	0	0	NA	0	0	0	0
18	4999640	18_4999640_G_A	G	A	5332	4518	5287	4518	0	0	NA	0	1	0	0
18	12475920	18_12475920_T_C	T	C	5497	4530	5449	4530	0	0	NA	0	0	0	0
18	25360422	18_25360422_G_A	G	A	5014	4407	4972	4407	0	0	NA	0	0	0	0
18	26057877	18_26057877_A_C	A	C	4796	4121	4759	4121	0	0	NA	0	0	0	0
18	30256585	18_30256585_A_T	A	T	5180	4407	5152	4407	0	0	NA	0	0	0	0
18	30450968	18_30450968_T_G	T	G	4968	4098	4887	4098	0	0	NA	0	0	0	0
18	31212872	18_31212872_A_C	A	C	5192	4371	5160	4371	0	0	NA	1	0	0	0
18	34884411	18_34884411_A_G	A	G	5409	4292	5372	4292	0	0	NA	0	0	0	0
18	34920737	18_34920737_C_T	C	T	5303	4457	5254	4457	0	0	NA	0	0	0	0
18	35116487	18_35116487_C_T	C	T	5206	4326	5153	4326	0	0	NA	1	0	0	0
18	35599784	18_35599784_A_C	A	C	5052	4475	5010	4475	0	0	NA	0	0	0	0
18	44027328	18_44027328_C_A	C	A	4858	4276	4814	4276	0	0	NA	0	0	0	0
18	44583895	18_44583895_C_T	C	T	5314	4668	5259	4668	0	0	NA	3	0	0	0
18	46515526	18_46515526_G_C	G	C	4832	3975	4782	3975	0	0	NA	0	0	0	0
18	47690060	18_47690060_G_A	G	A	5222	4380	5171	4378	2	2	NA	0	2	2	2
18	49134414	18_49134414_G_A	G	A	5244	4471	5206	4471	0	0	NA	0	0	0	0
18	53754583	18_53754583_A_T	A	T	5393	4559	5352	4559	0	0	NA	0	0	0	0
18	64061172	18_64061172_A_G	A	G	4614	4237	4583	4237	0	0	NA	0	0	0	0
18	65049158	18_65049158_C_A	C	A	5083	4247	5024	4247	0	0	NA	0	0	0	0
18	66394885	18_66394885_C_T	C	T	5550	4668	5500	4668	0	0	NA	0	0	0	0
18	74250027	18_74250027_C_T	C	T	5098	4216	5059	4216	0	0	NA	2	0	0	0
18	75051003	18_75051003_C_T	C	T	5032	4122	4964	4122	0	0	NA	0	0	0	0
18	76263578	18_76263578_C_G	C	G	4859	3546	4805	3546	0	0	NA	0	0	0	0
18	77901346	18_77901346_A_T	A	T	5405	4474	5366	4474	0	0	NA	0	0	0	0
19	1293671	19_1293671_G_T	G	T	4865	4125	4815	4125	0	0	NA	0	0	0	0
19	1312508	19_1312508_A_C	A	C	4891	3964	4855	3964	0	0	NA	0	0	0	0
19	4967415	19_4967415_G_A	G	A	5225	4356	5177	4356	0	0	NA	1	0	0	0
19	4981886	19_4981886_C_T	C	T	5026	4090	4901	4090	0	0	NA	1	1	1	1
19	9094429	19_9094429_A_C	A	C	5244	4452	5213	4452	0	0	NA	0	0	0	0
19	9360230	19_9360230_G_A	G	A	4797	4110	4754	4110	0	0	NA	0	0	0	0
19	9392737	19_9392737_C_T	C	T	4731	4062	4691	4062	0	0	NA	0	0	0	0
19	10252343	19_10252343_G_T	G	T	5073	4149	5030	4149	0	0	NA	0	0	0	0
19	20143124	19_20143124_T_C	T	C	5030	4173	5002	4173	0	0	NA	1	0	0	0
19	29202355	19_29202355_G_T	G	T	5063	4341	5027	4341	0	0	NA	0	0	0	0
19	42049064	19_42049064_G_T	G	T	4809	4089	4750	4089	0	0	NA	0	0	0	0
19	44430401	19_44430401_G_T	G	T	5153	4365	5096	4365	0	0	NA	0	0	0	0
19	54136232	19_54136232_C_T	C	T	5082	4265	5036	4265	0	0	NA	0	0	0	0
19	54614310	19_54614310_G_A	G	A	5052	4248	5008	4248	0	0	NA	1	0	0	0
20	378302	20_378302_T_A	T	A	5086	4142	5027	4142	0	0	NA	0	0	0	0
20	4536302	20_4536302_G_A	G	A	5336	4440	5291	4440	0	0	NA	1	1	1	1
20	7852796	20_7852796_C_T	C	T	5468	4747	5432	4747	0	0	NA	0	0	0	0
20	9715341	20_9715341_A_C	A	C	5236	4395	5199	4395	0	0	NA	0	0	0	0
20	10591873	20_10591873_G_T	G	T	4940	4250	4883	4250	0	0	NA	0	0	0	0
20	11454467	20_11454467_C_T	C	T	4825	4030	4763	4030	0	0	NA	0	0	0	0
20	12921471	20_12921471_G_T	G	T	5372	4521	5321	4521	0	0	NA	0	0	0	0
20	19241709	20_19241709_A_C	A	C	5152	4340	5113	4340	0	0	NA	0	0	0	0
20	23424885	20_23424885_T_G	T	G	5290	4562	5246	4562	0	0	NA	0	0	0	0
20	24840118	20_24840118_T_G	T	G	5010	4226	4988	4226	0	0	NA	0	0	0	0
20	33823747	20_33823747_G_T	G	T	5046	4278	5012	4278	0	0	NA	0	0	0	0
20	35243922	20_35243922_C_G	C	G	5175	4277	5131	4277	0	0	NA	0	0	0	0
20	38282412	20_38282412_C_T	C	T	5162	4277	5124	4277	0	0	NA	0	0	0	0
20	40601808	20_40601808_A_T	A	T	5147	4346	5096	4346	0	0	NA	1	0	0	0
20	41267742	20_41267742_T_A	T	A	5086	4508	5046	4508	0	0	NA	0	0	0	0
20	47339488	20_47339488_G_A	G	A	4880	4068	4812	4068	0	0	NA	0	0	0	0
20	48860822	20_48860822_T_A	T	A	4733	3897	4698	3897	0	0	NA	0	0	0	0
20	51318806	20_51318806_G_T	G	T	5109	4531	5080	4531	0	0	NA	2	0	0	0
20	58002848	20_58002848_A_G	A	G	5010	4259	4958	4259	0	0	NA	0	0	0	0
20	59234051	20_59234051_C_T	C	T	4785	3960	4733	3960	0	0	NA	0	0	0	0
20	59760475	20_59760475_G_A	G	A	4159	3285	4130	3285	0	0	NA	0	0	0	0
20	60721295	20_60721295_C_A	C	A	5517	4680	5471	4680	0	0	NA	1	0	0	0
21	21471610	21_21471610_C_T	C	T	1734	952	1688	952	0	0	NA	0	0	0	0
21	31288839	21_31288839_A_T	A	T	4549	4168	4506	4168	0	0	NA	0	0	0	0
21	35256830	21_35256830_C_G	C	G	5147	4343	5103	4343	0	0	NA	0	0	0	0
21	35432187	21_35432187_C_A	C	A	5221	4434	5149	4434	0	0	NA	0	0	0	0
21	37499190	21_37499190_G_A	G	A	5190	4306	5147	4306	0	0	NA	0	0	0	0
21	40055013	21_40055013_A_G	A	G	4827	4324	4791	4324	0	0	NA	1	0	0	0
21	41383166	21_41383166_T_C	T	C	4952	4125	4926	4125	0	0	NA	0	0	0	0
21	45440683	21_45440683_A_C	A	C	5142	4209	5121	4209	0	0	NA	0	0	0	0
21	45995317	21_45995317_C_T	C	T	4928	4056	4893	4056	0	0	NA	1	0	0	0
22	24175009	22_24175009_A_C	A	C	4261	3394	4173	3394	1	0	NA	2	2	0	0
22	27671452	22_27671452_A_G	A	G	5127	4286	5086	4286	0	0	NA	1	0	0	0
22	29269471	22_29269471_A_C	A	C	5556	4830	5511	4830	0	0	NA	0	0	0	0
22	34279553	22_34279553_C_A	C	A	5280	4448	5211	4448	0	0	NA	0	0	0	0
22	35413015	22_35413015_T_A	T	A	5156	4379	5116	4379	0	0	NA	0	0	0	0
22	37581443	22_37581443_A_C	A	C	4898	3934	4855	3934	0	0	NA	1	0	0	0
22	38994626	22_38994626_G_A	G	A	5070	4344	5030	4344	0	0	NA	2	0	0	0
22	50216926	22_50216926_T_C	T	C	4876	4136	4841	4136	0	0	NA	0	0	0	0
X	3705349	X_3705349_T_C	T	C	4982	4124	4951	4124	0	0	NA	0	0	0	0
X	4977455	X_4977455_G_C	G	C	4965	4266	4941	4266	0	0	NA	0	0	0	0
X	6456100	X_6456100_A_T	A	T	5324	4467	5289	4467	0	0	NA	0	0	0	0
X	10871905	X_10871905_C_T	C	T	5476	4696	5361	4696	0	0	NA	0	0	0	0
X	11970724	X_11970724_T_C	T	C	4951	4112	4907	4112	0	0	NA	0	0	0	0
X	13184227	X_13184227_G_T	G	T	5187	4421	5124	4421	0	0	NA	0	0	0	0
X	13888497	X_13888497_T_A	T	A	5326	3827	5284	3827	0	0	NA	0	0	0	0
X	14849529	X_14849529_A_T	A	T	4613	4148	4595	4148	0	0	NA	0	0	0	0
X	17807548	X_17807548_A_T	A	T	5167	4331	5103	4331	0	0	NA	0	0	0	0
X	18050570	X_18050570_T_G	T	G	4619	3844	4589	3844	0	0	NA	1	0	0	0
X	19309772	X_19309772_G_A	G	A	5045	4225	5020	4225	0	0	NA	0	0	0	0
X	20352852	X_20352852_C_G	C	G	5424	4684	5395	4684	0	0	NA	0	0	0	0
X	21343527	X_21343527_A_T	A	T	4737	4243	4705	4243	0	0	NA	0	0	0	0
X	24397822	X_24397822_C_T	C	T	5087	4388	5060	4388	0	0	NA	1	0	0	0
X	25870422	X_25870422_G_T	G	T	5515	4701	5481	4701	0	0	NA	0	0	0	0
X	29976562	X_29976562_A_T	A	T	4307	4004	4274	4004	0	0	NA	0	0	0	0
X	37789753	X_37789753_C_A	C	A	4612	4256	4553	4256	0	0	NA	1	0	0	0
X	39244441	X_39244441_C_T	C	T	4895	4225	4836	4225	0	0	NA	1	0	0	0
X	39497146	X_39497146_A_T	A	T	4444	4055	4420	4055	0	0	NA	0	0	0	0
X	40302393	X_40302393_T_G	T	G	4915	4269	4889	4269	0	0	NA	0	0	0	0
X	42793672	X_42793672_C_T	C	T	4534	3867	4457	3867	0	0	NA	1	0	0	0
X	44276269	X_44276269_A_G	A	G	4983	4133	4915	4133	0	0	NA	0	0	0	0
X	50645006	X_50645006_G_A	G	A	5107	4251	5073	4251	0	0	NA	0	0	0	0
X	53102860	X_53102860_A_T	A	T	4229	3620	4192	3620	0	0	NA	0	0	0	0
X	64122950	X_64122950_C_A	C	A	5320	4366	5264	4366	0	0	NA	0	0	0	0
X	72592946	X_72592946_T_A	T	A	5024	4265	4969	4265	0	0	NA	0	0	0	0
X	79037083	X_79037083_C_A	C	A	4987	4346	4928	4346	0	0	NA	0	0	0	0
X	82095343	X_82095343_T_C	T	C	4496	3976	4453	3976	0	0	NA	0	0	0	0
X	85707489	X_85707489_C_G	C	G	5118	4065	5078	4065	0	0	NA	0	0	0	0
X	87241026	X_87241026_T_G	T	G	4979	4420	4928	4417	5	3	NA	0	6	4	4
X	87936036	X_87936036_G_A	G	A	4400	3812	4361	3812	0	0	NA	0	0	0	0
X	93569436	X_93569436_C_A	C	A	4690	4225	4644	4225	0	0	NA	0	0	0	0
X	97669417	X_97669417_G_T	G	T	5104	4573	5044	4573	0	0	NA	0	0	0	0
X	98006813	X_98006813_T_A	T	A	4859	4206	4817	4206	0	0	NA	0	0	0	0
X	100646289	X_100646289_A_G	A	G	4791	4195	4751	4195	0	0	NA	0	0	0	0
X	102132743	X_102132743_G_A	G	A	5216	4409	5177	4409	0	0	NA	0	0	0	0
X	104221452	X_104221452_C_T	C	T	4241	3460	4196	3460	0	0	NA	0	0	0	0
X	105950136	X_105950136_C_A	C	A	6090	5239	6042	5239	0	0	NA	0	0	0	0
X	113216474	X_113216474_C_T	C	T	4447	3912	4425	3912	0	0	NA	0	0	0	0
X	114264823	X_114264823_T_A	T	A	4871	4107	4828	4107	0	0	NA	0	0	0	0
X	116994526	X_116994526_C_T	C	T	5212	4530	5164	4530	0	0	NA	1	0	0	0
X	117740845	X_117740845_C_G	C	G	5034	4319	4972	4319	0	0	NA	0	1	1	1
X	118235484	X_118235484_G_T	G	T	4115	3350	4090	3350	0	0	NA	0	0	0	0
X	118703072	X_118703072_C_G	C	G	4912	3982	4859	3982	0	0	NA	0	0	0	0
X	124267146	X_124267146_C_T	C	T	4927	4134	4879	4134	0	0	NA	2	0	0	0
X	125916704	X_125916704_A_G	A	G	4177	3842	4151	3842	0	0	NA	0	0	0	0
X	134217753	X_134217753_G_A	G	A	5093	4237	5049	4237	0	0	NA	0	0	0	0
X	140990280	X_140990280_C_G	C	G	5196	4308	5126	4306	2	2	NA	0	4	4	4
X	141197297	X_141197297_A_T	A	T	5081	4168	5049	4168	0	0	NA	0	0	0	0
X	144630622	X_144630622_T_C	T	C	5074	4341	5042	4341	0	0	NA	0	0	0	0
X	146811505	X_146811505_C_A	C	A	5100	4403	5056	4403	0	0	NA	0	0	0	0
X	149321033	X_149321033_A_C	A	C	5080	4244	5040	4244	0	0	NA	0	0	0	0
