contig	position	id	ref_allele	alt_allele	depth	depth_pass	n_ref_total	n_ref_pass	n_alt_total	n_alt_pass	seen_in_norm	n_alt_dsc_suppressed	n_alt_ssc_total	n_alt_ssc_pass	n_alt_ssc_only
1	2217665	1_2217665_G_A	G	A	6990	6059	6940	6059	0	0	NA	3	0	0	0
1	13907878	1_13907878_G_T	G	T	8355	7097	8300	7097	0	0	NA	0	0	0	0
1	18701604	1_18701604_T_G	T	G	8153	7339	8125	7339	0	0	NA	0	0	0	0
1	18871832	1_18871832_C_A	C	A	8064	7185	8008	7185	0	0	NA	1	0	0	0
1	20580922	1_20580922_C_T	C	T	8334	7127	8288	7127	0	0	NA	2	0	0	0
1	23099282	1_23099282_A_C	A	C	7624	6577	7573	6577	0	0	NA	0	0	0	0
1	26812784	1_26812784_T_A	T	A	7508	6767	7492	6767	0	0	NA	0	0	0	0
1	29799157	1_29799157_G_A	G	A	7684	6742	7636	6742	0	0	NA	0	1	1	1
1	31236395	1_31236395_A_G	A	G	7224	6365	7202	6365	0	0	NA	1	0	0	0
1	32245661	1_32245661_T_C	T	C	6431	6182	6409	6182	0	0	NA	1	0	0	0
1	34306865	1_34306865_A_C	A	C	8130	7246	8091	7246	0	0	NA	0	0	0	0
1	37354574	1_37354574_A_T	A	T	7809	6778	7766	6778	0	0	NA	1	0	0	0
1	41140414	1_41140414_C_T	C	T	7800	7277	7764	7276	0	0	NA	1	0	0	0
1	42218713	1_42218713_C_T	C	T	7396	6481	7339	6481	0	0	NA	1	1	1	1
1	42322091	1_42322091_G_A	G	A	7505	6571	7477	6571	0	0	NA	2	0	0	0
1	42511102	1_42511102_C_T	C	T	8120	7168	8036	7168	0	0	NA	4	0	0	0
1	43108386	1_43108386_A_C	A	C	7639	6851	7601	6851	0	0	NA	4	0	0	0
1	43177547	1_43177547_T_G	T	G	7394	6733	7356	6733	0	0	NA	0	0	0	0
1	43960036	1_43960036_G_A	G	A	7618	6839	7589	6839	0	0	NA	0	1	0	0
1	45112524	1_45112524_C_A	C	A	7431	6563	7384	6563	0	0	NA	0	0	0	0
1	46599936	1_46599936_G_A	G	A	8434	7365	8378	7365	0	0	NA	4	0	0	0
1	50320391	1_50320391_A_G	A	G	7334	6354	7291	6354	0	0	NA	1	0	0	0
1	50653330	1_50653330_A_G	A	G	7592	7026	7542	7026	0	0	NA	0	0	0	0
1	50744489	1_50744489_G_T	G	T	7622	6569	7578	6569	0	0	NA	0	0	0	0
1	55636163	1_55636163_A_T	A	T	8062	7247	8029	7247	0	0	NA	0	0	0	0
1	55736834	1_55736834_T_A	T	A	7367	6636	7347	6636	0	0	NA	0	0	0	0
1	56433743	1_56433743_A_T	A	T	6895	6622	6862	6622	0	0	NA	0	0	0	0
1	58306905	1_58306905_C_T	C	T	7689	6832	7648	6832	0	0	NA	2	0	0	0
1	58336448	1_58336448_G_T	G	T	7374	6923	7333	6923	0	0	NA	1	0	0	0
1	64500545	1_64500545_A_C	A	C	4332	3651	4315	3651	0	0	NA	0	0	0	0
1	68972185	1_68972185_C_T	C	T	7737	6943	7707	6943	1	0	NA	1	3	1	1
1	73904798	1_73904798_G_C	G	C	8149	7125	8102	7125	0	0	NA	0	0	0	0
1	76138566	1_76138566_A_C	A	C	7592	6880	7557	6880	0	0	NA	0	0	0	0
1	76484824	1_76484824_A_T	A	T	7138	6599	7098	6599	0	0	NA	0	0	0	0
1	92692089	1_92692089_C_A	C	A	7272	6818	7227	6818	0	0	NA	1	0	0	0
1	97426864	1_97426864_G_T	G	T	7639	6933	7582	6933	0	0	NA	0	0	0	0
1	105250622	1_105250622_A_G	A	G	6969	6269	6935	6269	0	0	NA	1	0	0	0
1	106563363	1_106563363_G_C	G	C	7256	6839	7232	6839	0	0	NA	0	0	0	0
1	111212365	1_111212365_T_C	T	C	7954	7240	7912	7240	0	0	NA	0	0	0	0
1	116965543	1_116965543_G_T	G	T	6439	5718	6403	5718	0	0	NA	1	0	0	0
1	117810468	1_117810468_A_C	A	C	8068	7160	8034	7160	0	0	NA	0	0	0	0
1	120214542	1_120214542_A_T	A	T	8108	7333	8049	7333	0	0	NA	1	0	0	0
1	154374389	1_154374389_G_T	G	T	7628	6900	7593	6900	0	0	NA	1	0	0	0
1	155281341	1_155281341_A_T	A	T	7666	6796	7640	6796	0	0	NA	0	0	0	0
1	156610939	1_156610939_A_T	A	T	6720	6064	6683	6064	0	0	NA	0	0	0	0
1	157822841	1_157822841_T_C	T	C	6869	6196	6846	6196	0	0	NA	0	0	0	0
1	160361574	1_160361574_C_G	C	G	7210	6885	7166	6885	0	0	NA	1	0	0	0
1	162330437	1_162330437_G_A	G	A	7339	6643	7315	6643	0	0	NA	0	0	0	0
1	169547612	1_169547612_A_C	A	C	6770	6405	6750	6405	0	0	NA	0	0	0	0
1	172054485	1_172054485_A_G	A	G	6467	6000	6440	6000	0	0	NA	1	0	0	0
1	182915887	1_182915887_A_G	A	G	7941	7386	7905	7386	0	0	NA	0	0	0	0
1	183039640	1_183039640_T_A	T	A	7483	6943	7449	6943	0	0	NA	0	0	0	0
1	193107503	1_193107503_C_T	C	T	7740	7097	7702	7097	0	0	NA	0	0	0	0
1	193197733	1_193197733_A_T	A	T	8151	7441	8115	7441	0	0	NA	0	0	0	0
1	194822217	1_194822217_G_A	G	A	7470	6931	7420	6931	0	0	NA	5	1	1	1
1	196645679	1_196645679_C_A	C	A	7931	7137	7886	7137	0	0	NA	0	0	0	0
1	205894697	1_205894697_T_G	T	G	7762	7040	7726	7040	0	0	NA	0	0	0	0
1	209538423	1_209538423_C_G	C	G	8432	7351	8383	7351	0	0	NA	0	1	1	1
1	210979100	1_210979100_C_T	C	T	7501	7067	7467	7067	0	0	NA	1	0	0	0
1	212792198	1_212792198_A_C	A	C	7826	6808	7792	6808	0	0	NA	0	0	0	0
1	214286211	1_214286211_C_A	C	A	8232	7155	8197	7155	0	0	NA	0	0	0	0
1	215553655	1_215553655_T_A	T	A	7703	6943	7676	6943	0	0	NA	1	0	0	0
1	216205002	1_216205002_T_G	T	G	7482	6867	7446	6867	0	0	NA	0	0	0	0
1	221974911	1_221974911_C_T	C	T	7666	6680	7630	6680	0	0	NA	0	2	2	2
1	222361519	1_222361519_A_T	A	T	8786	7715	8758	7715	0	0	NA	0	0	0	0
1	223914214	1_223914214_A_T	A	T	8167	7185	8134	7185	0	0	NA	0	0	0	0
1	227373889	1_227373889_T_C	T	C	7644	6569	7612	6569	0	0	NA	0	0	0	0
1	228508918	1_228508918_T_G	T	G	7768	6701	7702	6701	0	0	NA	1	0	0	0
1	229258596	1_229258596_G_A	G	A	7585	6634	7546	6634	0	0	NA	3	0	0	0
1	234155156	1_234155156_A_T	A	T	8112	6898	8069	6898	0	0	NA	0	0	0	0
1	235452452	1_235452452_T_C	T	C	6924	6449	6893	6449	0	0	NA	0	0	0	0
1	236441061	1_236441061_T_A	T	A	7270	6823	7249	6823	0	0	NA	0	0	0	0
1	238827573	1_238827573_C_T	C	T	8063	7152	8035	7152	0	0	NA	0	0	0	0
1	240349877	1_240349877_C_T	C	T	8966	7594	8902	7594	0	0	NA	2	1	0	0
1	243669897	1_243669897_G_T	G	T	7519	6974	7449	6974	0	0	NA	3	0	0	0
1	244518035	1_244518035_C_A	C	A	5137	4768	5107	4768	0	0	NA	0	0	0	0
2	2303110	2_2303110_C_T	C	T	7586	6481	7526	6481	0	0	NA	1	0	0	0
2	3409769	2_3409769_A_C	A	C	7490	6529	7451	6529	0	0	NA	0	0	0	0
2	6486038	2_6486038_C_T	C	T	8311	7295	8261	7295	0	0	NA	0	0	0	0
2	8133112	2_8133112_T_C	T	C	7313	6625	7281	6625	0	0	NA	1	0	0	0
2	10920533	2_10920533_G_T	G	T	7632	6746	7572	6746	0	0	NA	2	0	0	0
2	11300118	2_11300118_A_T	A	T	7269	6149	7236	6149	0	0	NA	1	0	0	0
2	19573289	2_19573289_G_A	G	A	7619	6846	7562	6846	0	0	NA	4	2	0	0
2	23044029	2_23044029_C_T	C	T	7196	6274	7148	6274	0	0	NA	5	0	0	0
2	28820703	2_28820703_G_T	G	T	6318	4381	6284	4381	0	0	NA	0	0	0	0
2	29458160	2_29458160_C_T	C	T	6978	6117	6955	6117	0	0	NA	0	0	0	0
2	30320102	2_30320102_T_G	T	G	8492	7319	8453	7319	0	0	NA	1	0	0	0
2	38472811	2_38472811_T_A	T	A	7923	7083	7879	7083	0	0	NA	0	0	0	0
2	47864353	2_47864353_T_A	T	A	7190	6671	7158	6671	0	0	NA	0	0	0	0
2	50700945	2_50700945_G_T	G	T	7759	7182	7708	7182	0	0	NA	0	0	0	0
2	56481534	2_56481534_A_T	A	T	7544	6656	7506	6656	0	0	NA	1	0	0	0
2	59394519	2_59394519_G_A	G	A	7823	6937	7791	6937	0	0	NA	1	0	0	0
2	66781277	2_66781277_A_T	A	T	7862	7156	7823	7156	0	0	NA	1	0	0	0
2	68337787	2_68337787_C_A	C	A	8446	7609	8404	7609	0	0	NA	2	0	0	0
2	78151921	2_78151921_C_G	C	G	7298	6547	7251	6547	0	0	NA	0	0	0	0
2	83167375	2_83167375_G_A	G	A	8087	7415	8036	7415	0	0	NA	6	0	0	0
2	95626630	2_95626630_G_C	G	C	7237	6703	7213	6703	0	0	NA	0	0	0	0
2	99443653	2_99443653_A_G	A	G	7830	6825	7791	6825	0	0	NA	1	0	0	0
2	104393238	2_104393238_A_T	A	T	7442	6900	7422	6900	0	0	NA	1	0	0	0
2	112404323	2_112404323_G_A	G	A	6669	5803	6623	5803	0	0	NA	0	0	0	0
2	113082586	2_113082586_T_C	T	C	8319	7251	8286	7251	0	0	NA	0	0	0	0
2	117234333	2_117234333_C_T	C	T	6094	5761	6049	5761	0	0	NA	0	0	0	0
2	117292094	2_117292094_T_G	T	G	7144	6745	7123	6745	0	0	NA	0	0	0	0
2	120275732	2_120275732_G_A	G	A	7693	6568	7642	6568	0	0	NA	0	1	1	1
2	127541264	2_127541264_A_G	A	G	7959	7101	7925	7101	0	0	NA	1	0	0	0
2	129580587	2_129580587_G_T	G	T	7040	6400	6992	6400	0	0	NA	2	0	0	0
2	135607328	2_135607328_A_C	A	C	5783	5466	5747	5466	0	0	NA	0	0	0	0
2	137118572	2_137118572_A_T	A	T	7110	6362	7077	6362	0	0	NA	0	0	0	0
2	140582772	2_140582772_A_T	A	T	5402	5235	5388	5235	0	0	NA	0	0	0	0
2	142551671	2_142551671_T_C	T	C	6683	6392	6639	6392	0	0	NA	0	0	0	0
2	142760620	2_142760620_C_A	C	A	7077	6598	7016	6598	0	0	NA	0	0	0	0
2	143244552	2_143244552_G_A	G	A	7452	6787	7420	6787	0	0	NA	0	0	0	0
2	154134058	2_154134058_T_G	T	G	6903	6482	6872	6482	0	0	NA	0	0	0	0
2	154533439	2_154533439_C_T	C	T	7889	6797	7828	6792	5	5	NA	3	12	11	11
2	154652836	2_154652836_G_C	G	C	7607	6798	7562	6798	0	0	NA	1	0	0	0
2	161024264	2_161024264_A_C	A	C	7896	7126	7848	7126	0	0	NA	0	0	0	0
2	163291802	2_163291802_A_C	A	C	7951	7028	7918	7028	0	0	NA	1	0	0	0
2	166917627	2_166917627_T_C	T	C	8133	7231	8081	7231	0	0	NA	1	0	0	0
2	170062554	2_170062554_A_C	A	C	8007	7118	7965	7118	0	0	NA	0	0	0	0
2	170601012	2_170601012_C_T	C	T	7561	6574	7511	6574	0	0	NA	2	0	0	0
2	174706246	2_174706246_C_T	C	T	8389	7418	8321	7418	0	0	NA	4	0	0	0
2	177078159	2_177078159_T_C	T	C	8021	7533	7989	7533	0	0	NA	1	0	0	0
2	181572887	2_181572887_G_T	G	T	7609	7074	7570	7074	0	0	NA	2	0	0	0
2	183545710	2_183545710_C_T	C	T	7958	7024	7897	7024	0	0	NA	0	0	0	0
2	183958028	2_183958028_T_C	T	C	6339	5929	6316	5929	0	0	NA	0	0	0	0
2	184994787	2_184994787_T_C	T	C	8044	7349	8007	7349	0	0	NA	2	1	1	1
2	185452926	2_185452926_T_A	T	A	7878	7102	7828	7102	0	0	NA	0	0	0	0
2	188060507	2_188060507_T_A	T	A	7398	6990	7367	6990	0	0	NA	1	0	0	0
2	189058554	2_189058554_A_T	A	T	7303	6967	7282	6967	0	0	NA	0	0	0	0
2	217253959	2_217253959_C_T	C	T	7249	6391	7194	6391	0	0	NA	1	0	0	0
2	217631369	2_217631369_C_T	C	T	8505	7568	8433	7567	1	1	NA	1	1	1	1
2	219885098	2_219885098_T_A	T	A	6779	6108	6734	6108	0	0	NA	2	1	0	0
2	223532185	2_223532185_T_A	T	A	6541	5968	6504	5968	0	0	NA	0	0	0	0
2	224182471	2_224182471_T_G	T	G	6855	6232	6827	6232	0	0	NA	0	0	0	0
2	227887179	2_227887179_G_A	G	A	8612	7215	8552	7215	0	0	NA	2	0	0	0
2	232191327	2_232191327_A_T	A	T	7787	6629	7748	6629	0	0	NA	0	0	0	0
2	233110105	2_233110105_C_A	C	A	8150	7114	8112	7114	0	0	NA	0	0	0	0
2	237678769	2_237678769_C_T	C	T	7415	6540	7364	6540	0	0	NA	0	0	0	0
3	1035223	3_1035223_C_T	C	T	7100	6444	7042	6444	0	0	NA	2	0	0	0
3	6678584	3_6678584_G_A	G	A	7233	6752	7205	6752	0	0	NA	0	0	0	0
3	10588322	3_10588322_C_T	C	T	7353	6589	7314	6589	0	0	NA	0	0	0	0
3	10770801	3_10770801_C_T	C	T	6916	6186	6622	5978	235	208	NA	3	441	395	395
3	13787518	3_13787518_A_G	A	G	7227	6451	7194	6451	0	0	NA	0	0	0	0
3	16187817	3_16187817_G_T	G	T	7785	6884	7753	6884	0	0	NA	0	0	0	0
3	17064459	3_17064459_A_T	A	T	8260	7309	8215	7309	0	0	NA	0	0	0	0
3	19251925	3_19251925_A_T	A	T	7386	6770	7346	6770	0	0	NA	0	0	0	0
3	19777354	3_19777354_G_A	G	A	7237	6591	7180	6591	0	0	NA	2	0	0	0
3	19892471	3_19892471_A_T	A	T	4651	4336	4630	4336	0	0	NA	0	0	0	0
3	23047154	3_23047154_A_T	A	T	7743	7199	7704	7199	0	0	NA	0	0	0	0
3	26134331	3_26134331_C_G	C	G	6987	6552	6962	6552	0	0	NA	0	0	0	0
3	28254895	3_28254895_C_A	C	A	7883	6966	7819	6966	0	0	NA	1	0	0	0
3	28840532	3_28840532_G_A	G	A	7673	6946	7642	6946	0	0	NA	0	1	0	0
3	31700888	3_31700888_A_G	A	G	6772	6411	6762	6411	0	0	NA	1	1	1	1
3	32712391	3_32712391_A_T	A	T	7045	5995	7016	5995	0	0	NA	0	0	0	0
3	37584377	3_37584377_G_A	G	A	7285	6330	7237	6330	0	0	NA	1	1	1	1
3	44109759	3_44109759_G_T	G	T	6165	5252	6139	5252	0	0	NA	1	0	0	0
3	45381603	3_45381603_T_A	T	A	7414	6340	7387	6340	0	0	NA	1	0	0	0
3	46243078	3_46243078_T_A	T	A	7368	6481	7337	6481	0	0	NA	0	0	0	0
3	51348732	3_51348732_G_T	G	T	7668	6773	7632	6773	0	0	NA	3	0	0	0
3	55972771	3_55972771_C_T	C	T	7162	6263	7111	6263	0	0	NA	4	2	2	2
3	60003660	3_60003660_C_G	C	G	7914	6833	7854	6833	0	0	NA	0	0	0	0
3	60791982	3_60791982_A_G	A	G	8089	7079	8048	7079	0	0	NA	0	0	0	0
3	61474266	3_61474266_C_T	C	T	8456	7257	8325	7194	77	63	NA	0	140	121	121
3	61736868	3_61736868_T_G	T	G	8605	7396	8569	7396	0	0	NA	1	0	0	0
3	64832571	3_64832571_G_T	G	T	6830	5956	6783	5956	0	0	NA	0	0	0	0
3	65035704	3_65035704_G_A	G	A	5632	5143	5616	5143	0	0	NA	0	0	0	0
3	68498508	3_68498508_G_T	G	T	7753	7047	7729	7047	0	0	NA	2	0	0	0
3	73679752	3_73679752_T_A	T	A	7064	6610	7046	6610	0	0	NA	0	0	0	0
3	80261352	3_80261352_C_A	C	A	7677	6716	7637	6716	0	0	NA	0	0	0	0
3	85249720	3_85249720_G_A	G	A	7658	7109	7629	7109	0	0	NA	0	0	0	0
3	100630944	3_100630944_G_A	G	A	6814	6066	6780	6066	0	0	NA	3	1	0	0
3	108217858	3_108217858_A_T	A	T	7910	6904	7860	6904	0	0	NA	1	0	0	0
3	111995550	3_111995550_T_C	T	C	6366	5737	6315	5737	0	0	NA	0	0	0	0
3	114471917	3_114471917_G_A	G	A	7694	7126	7652	7126	0	0	NA	0	0	0	0
3	117365457	3_117365457_A_G	A	G	7470	6614	7438	6614	0	0	NA	0	0	0	0
3	120737744	3_120737744_C_T	C	T	7360	6517	7282	6517	0	0	NA	0	1	1	1
3	124139075	3_124139075_G_T	G	T	8395	7430	8355	7430	0	0	NA	0	0	0	0
3	138074331	3_138074331_G_T	G	T	7455	3835	7405	3835	0	0	NA	1	0	0	0
3	138266188	3_138266188_T_C	T	C	8356	7156	8319	7156	0	0	NA	0	0	0	0
3	140317642	3_140317642_A_T	A	T	7179	6545	7141	6545	0	0	NA	0	0	0	0
3	146914627	3_146914627_A_G	A	G	8367	7286	8320	7286	0	0	NA	0	0	0	0
3	150075127	3_150075127_T_A	T	A	8279	7417	8247	7417	0	0	NA	1	0	0	0
3	152778739	3_152778739_C_T	C	T	7878	7281	7841	7281	0	0	NA	0	0	0	0
3	155653804	3_155653804_T_C	T	C	7689	7075	7655	7075	0	0	NA	0	0	0	0
3	162501471	3_162501471_A_G	A	G	8207	7391	8179	7391	0	0	NA	0	0	0	0
3	163860383	3_163860383_C_T	C	T	7448	6364	7407	6364	0	0	NA	1	0	0	0
3	169042934	3_169042934_G_A	G	A	7666	6802	7636	6802	0	0	NA	3	0	0	0
3	169130704	3_169130704_T_C	T	C	7918	7143	7891	7143	0	0	NA	0	0	0	0
3	170666735	3_170666735_C_T	C	T	7387	6965	7356	6965	0	0	NA	1	1	1	1
3	174101501	3_174101501_C_T	C	T	7814	7069	7778	7069	0	0	NA	1	0	0	0
3	177934753	3_177934753_T_G	T	G	7606	6913	7586	6913	0	0	NA	0	0	0	0
3	179428709	3_179428709_C_T	C	T	7200	6681	7174	6681	0	0	NA	1	0	0	0
3	186036001	3_186036001_C_T	C	T	8389	7269	8320	7269	0	0	NA	0	0	0	0
3	193251964	3_193251964_G_A	G	A	7965	7302	7917	7302	0	0	NA	4	0	0	0
3	197401070	3_197401070_C_T	C	T	7716	6598	7634	6598	0	0	NA	5	2	2	2
4	7009352	4_7009352_G_A	G	A	7748	6816	7704	6814	2	2	NA	1	4	4	4
4	7881911	4_7881911_G_T	G	T	6591	5640	6556	5640	0	0	NA	1	0	0	0
4	19901340	4_19901340_T_A	T	A	7943	7032	7900	7032	0	0	NA	1	0	0	0
4	20124609	4_20124609_C_A	C	A	6680	6147	6630	6147	0	0	NA	0	0	0	0
4	21496917	4_21496917_G_T	G	T	7849	6953	7790	6953	0	0	NA	0	0	0	0
4	37184930	4_37184930_G_T	G	T	7568	6995	7543	6995	0	0	NA	1	0	0	0
4	38022248	4_38022248_C_T	C	T	8278	7179	8228	7179	0	0	NA	2	1	1	1
4	39153249	4_39153249_G_A	G	A	7023	6661	7000	6661	0	0	NA	0	0	0	0
4	39481632	4_39481632_A_G	A	G	6901	6394	6880	6394	0	0	NA	0	0	0	0
4	41364880	4_41364880_C_A	C	A	7041	6561	6987	6561	0	0	NA	1	1	0	0
4	46835649	4_46835649_G_T	G	T	7563	7164	7520	7164	0	0	NA	1	0	0	0
4	47166839	4_47166839_T_A	T	A	7938	7192	7899	7192	0	0	NA	0	0	0	0
4	48221928	4_48221928_A_T	A	T	7370	6631	7326	6631	0	0	NA	0	0	0	0
4	53244118	4_53244118_G_A	G	A	7459	6593	7420	6592	2	1	NA	1	4	3	3
4	55026451	4_55026451_C_G	C	G	8713	7678	8683	7678	0	0	NA	0	0	0	0
4	57628557	4_57628557_A_C	A	C	7945	7303	7914	7303	0	0	NA	0	0	0	0
4	64724995	4_64724995_G_A	G	A	8108	7307	8074	7307	0	0	NA	0	0	0	0
4	64876147	4_64876147_T_A	T	A	7790	7041	7740	7041	0	0	NA	0	0	0	0
4	65062527	4_65062527_G_C	G	C	6200	5821	6174	5821	0	0	NA	0	0	0	0
4	65780170	4_65780170_A_G	A	G	7783	7137	7694	7137	0	0	NA	0	0	0	0
4	67259589	4_67259589_C_A	C	A	7805	6831	7761	6831	0	0	NA	1	0	0	0
4	73713162	4_73713162_A_G	A	G	7733	6762	7694	6762	0	0	NA	1	0	0	0
4	77018828	4_77018828_A_T	A	T	7484	6966	7454	6966	0	0	NA	0	0	0	0
4	81050250	4_81050250_T_C	T	C	7274	6494	7246	6494	0	0	NA	1	0	0	0
4	81425755	4_81425755_G_T	G	T	4520	4115	4496	4115	0	0	NA	0	0	0	0
4	98514826	4_98514826_G_A	G	A	7997	6594	7937	6594	0	0	NA	0	0	0	0
4	106187129	4_106187129_G_A	G	A	7070	6664	7041	6664	0	0	NA	0	0	0	0
4	111464644	4_111464644_A_T	A	T	7966	7178	7918	7178	0	0	NA	0	0	0	0
4	118404318	4_118404318_T_A	T	A	8238	7341	8204	7341	0	0	NA	0	0	0	0
4	125357400	4_125357400_C_T	C	T	7918	6690	7804	6690	0	0	NA	4	0	0	0
4	134905970	4_134905970_G_C	G	C	7741	7100	7712	7100	0	0	NA	0	0	0	0
4	135351403	4_135351403_G_C	G	C	8277	7279	8219	7279	0	0	NA	0	0	0	0
4	140678342	4_140678342_T_G	T	G	7994	6875	7953	6875	0	0	NA	0	0	0	0
4	149306874	4_149306874_T_A	T	A	8795	7707	8737	7707	0	0	NA	0	0	0	0
4	150217939	4_150217939_G_A	G	A	7929	6860	7876	6860	0	0	NA	0	0	0	0
4	151009109	4_151009109_G_T	G	T	7859	7064	7818	7064	0	0	NA	2	0	0	0
4	164126862	4_164126862_G_A	G	A	6337	5951	6292	5951	0	0	NA	1	0	0	0
4	167027745	4_167027745_G_A	G	A	5415	5017	5388	5017	0	0	NA	0	0	0	0
4	167072076	4_167072076_T_A	T	A	5810	5536	5744	5488	51	48	NA	0	86	82	82
4	176677693	4_176677693_C_A	C	A	8791	7803	8717	7803	0	0	NA	0	0	0	0
4	177058107	4_177058107_G_T	G	T	7003	6544	6934	6544	0	0	NA	2	0	0	0
4	177549698	4_177549698_G_C	G	C	7242	6794	7214	6794	0	0	NA	0	0	0	0
4	178600624	4_178600624_A_C	A	C	8877	7914	8847	7914	0	0	NA	0	0	0	0
4	178635053	4_178635053_C_T	C	T	6560	6070	6538	6070	0	0	NA	0	0	0	0
4	181698037	4_181698037_G_T	G	T	8210	7290	8158	7290	0	0	NA	0	0	0	0
4	182526062	4_182526062_A_T	A	T	8212	7415	8176	7415	0	0	NA	0	0	0	0
4	186215214	4_186215214_C_T	C	T	8712	7423	8652	7423	1	0	NA	3	1	0	0
4	187389524	4_187389524_C_T	C	T	7197	6609	7134	6609	0	0	NA	0	1	1	1
4	188382446	4_188382446_T_C	T	C	5875	5415	5846	5415	0	0	NA	0	0	0	0
5	1409187	5_1409187_G_C	G	C	7447	6326	7412	6326	0	0	NA	0	0	0	0
5	4320393	5_4320393_G_T	G	T	6797	6435	6757	6435	0	0	NA	2	0	0	0
5	4460425	5_4460425_A_T	A	T	7452	6667	7428	6667	0	0	NA	0	0	0	0
5	5427764	5_5427764_G_T	G	T	8343	7321	8288	7321	0	0	NA	2	0	0	0
5	11607938	5_11607938_A_T	A	T	7882	6877	7840	6877	0	0	NA	1	0	0	0
5	15902463	5_15902463_G_A	G	A	7739	6814	7710	6813	1	1	NA	0	1	1	1
5	24478535	5_24478535_A_T	A	T	7336	6784	7303	6784	0	0	NA	1	0	0	0
5	24480259	5_24480259_G_T	G	T	7509	6812	7482	6812	0	0	NA	0	0	0	0
5	29262325	5_29262325_G_A	G	A	8373	7474	8318	7473	1	1	NA	2	2	2	2
5	35356395	5_35356395_C_T	C	T	7777	6882	7725	6882	0	0	NA	0	0	0	0
5	36440846	5_36440846_C_T	C	T	7623	6740	7580	6740	0	0	NA	0	0	0	0
5	39120706	5_39120706_A_T	A	T	7750	7167	7708	7167	0	0	NA	0	0	0	0
5	43236915	5_43236915_C_T	C	T	8227	7263	8195	7263	0	0	NA	1	0	0	0
5	43497919	5_43497919_C_A	C	A	7571	7021	7542	7021	0	0	NA	0	0	0	0
5	44963341	5_44963341_G_T	G	T	8456	7405	8413	7405	0	0	NA	1	0	0	0
5	45199274	5_45199274_A_T	A	T	7557	7221	7524	7221	0	0	NA	1	0	0	0
5	51021447	5_51021447_G_T	G	T	7660	6989	7634	6989	0	0	NA	1	0	0	0
5	56724071	5_56724071_G_A	G	A	7214	6478	7178	6478	0	0	NA	1	0	0	0
5	61555501	5_61555501_A_T	A	T	7562	6426	7525	6426	0	0	NA	0	0	0	0
5	67099986	5_67099986_T_C	T	C	8177	7196	8150	7196	0	0	NA	0	0	0	0
5	67650509	5_67650509_C_G	C	G	7737	6779	7693	6779	0	0	NA	0	0	0	0
5	78710769	5_78710769_T_A	T	A	7539	7181	7499	7181	0	0	NA	1	0	0	0
5	78933986	5_78933986_A_G	A	G	6939	6506	6872	6506	0	0	NA	0	0	0	0
5	81723455	5_81723455_C_T	C	T	8054	7223	8001	7223	0	0	NA	1	0	0	0
5	85723967	5_85723967_C_T	C	T	8082	7126	8022	7126	0	0	NA	0	0	0	0
5	85866422	5_85866422_C_T	C	T	7802	6705	7746	6705	0	0	NA	1	1	0	0
5	88339257	5_88339257_A_T	A	T	5841	5649	5824	5649	0	0	NA	0	0	0	0
5	89278493	5_89278493_A_C	A	C	7640	6916	7605	6916	0	0	NA	0	0	0	0
5	93823093	5_93823093_T_G	T	G	6810	6574	6794	6574	0	0	NA	0	1	0	0
5	97690140	5_97690140_A_G	A	G	8223	7197	8190	7197	0	0	NA	1	0	0	0
5	98373222	5_98373222_C_A	C	A	7882	6860	7830	6860	0	0	NA	0	0	0	0
5	100589057	5_100589057_G_T	G	T	6660	6240	6629	6240	0	0	NA	3	0	0	0
5	103618563	5_103618563_A_G	A	G	7916	7449	7887	7449	0	0	NA	0	0	0	0
5	105771960	5_105771960_G_A	G	A	6949	6517	6887	6517	0	0	NA	4	0	0	0
5	106140196	5_106140196_A_T	A	T	7547	6641	7514	6641	0	0	NA	0	0	0	0
5	118509646	5_118509646_T_A	T	A	6670	5727	6626	5727	0	0	NA	0	0	0	0
5	120244657	5_120244657_G_A	G	A	7962	7241	7879	7241	0	0	NA	1	0	0	0
5	124343912	5_124343912_G_A	G	A	7498	7085	7468	7085	0	0	NA	0	0	0	0
5	126358489	5_126358489_T_C	T	C	7830	7154	7807	7154	0	0	NA	1	0	0	0
5	127412039	5_127412039_T_C	T	C	6804	6536	6771	6536	0	0	NA	2	0	0	0
5	133404499	5_133404499_G_A	G	A	8515	7540	8466	7540	0	0	NA	0	0	0	0
5	136639632	5_136639632_T_C	T	C	8407	6839	8249	6839	0	0	NA	5	0	0	0
5	140818899	5_140818899_A_T	A	T	6563	6143	6544	6143	0	0	NA	1	0	0	0
5	143882577	5_143882577_C_T	C	T	7731	7013	7693	7013	0	0	NA	1	0	0	0
5	144174340	5_144174340_T_A	T	A	8393	7464	8363	7464	0	0	NA	0	0	0	0
5	147231820	5_147231820_T_C	T	C	8210	7203	8162	7203	0	0	NA	0	0	0	0
5	155707491	5_155707491_C_A	C	A	7333	6538	7285	6538	0	0	NA	0	0	0	0
5	159245701	5_159245701_C_A	C	A	8102	7102	8054	7102	0	0	NA	1	0	0	0
5	175156449	5_175156449_T_A	T	A	7302	6197	7208	6197	0	0	NA	2	0	0	0
5	178219302	5_178219302_C_T	C	T	8245	7024	8215	7024	0	0	NA	0	0	0	0
6	681407	6_681407_G_A	G	A	7463	6685	7419	6680	5	5	NA	2	9	8	8
6	5529881	6_5529881_G_T	G	T	6551	5927	6517	5927	0	0	NA	1	0	0	0
6	9826202	6_9826202_C_A	C	A	6635	6225	6605	6225	0	0	NA	0	0	0	0
6	10753730	6_10753730_T_G	T	G	6157	5090	6128	5090	0	0	NA	1	0	0	0
6	12460139	6_12460139_T_A	T	A	7507	6602	7445	6602	0	0	NA	0	0	0	0
6	16152751	6_16152751_A_T	A	T	6075	5326	6036	5326	0	0	NA	1	0	0	0
6	19968666	6_19968666_A_T	A	T	8143	7377	8111	7377	0	0	NA	1	0	0	0
6	25251499	6_25251499_C_T	C	T	7295	6313	7230	6313	0	0	NA	0	0	0	0
6	33902724	6_33902724_C_A	C	A	8253	7060	8197	7060	0	0	NA	1	0	0	0
6	35755667	6_35755667_G_A	G	A	11858	10730	11796	10730	0	0	NA	6	0	0	0
6	36645367	6_36645367_C_A	C	A	8502	7448	8435	7448	0	0	NA	1	0	0	0
6	40883460	6_40883460_T_A	T	A	7633	6747	7581	6747	0	0	NA	1	0	0	0
6	43531949	6_43531949_G_A	G	A	7013	5917	6965	5917	0	0	NA	1	0	0	0
6	46424766	6_46424766_C_A	C	A	7632	6551	7598	6551	0	0	NA	1	0	0	0
6	49918696	6_49918696_T_C	T	C	7107	6408	4033	3708	3036	2700	NA	4	5505	4975	4975
6	52044909	6_52044909_C_T	C	T	7273	6823	7240	6823	0	0	NA	1	0	0	0
6	53547124	6_53547124_G_T	G	T	8085	7161	8028	7161	0	0	NA	3	0	0	0
6	54917909	6_54917909_T_A	T	A	6554	6181	6537	6181	0	0	NA	0	0	0	0
6	55647541	6_55647541_G_A	G	A	8396	7445	8350	7445	0	0	NA	0	0	0	0
6	70566429	6_70566429_G_A	G	A	7630	7034	7606	7034	0	0	NA	0	1	0	0
6	72591419	6_72591419_A_C	A	C	8302	7157	8222	7157	0	0	NA	2	0	0	0
6	76103487	6_76103487_T_C	T	C	7861	7213	7823	7213	0	0	NA	1	0	0	0
6	103622128	6_103622128_G_A	G	A	7173	6816	7136	6816	0	0	NA	1	0	0	0
6	104605513	6_104605513_G_A	G	A	7514	6961	7485	6961	0	0	NA	0	0	0	0
6	104652935	6_104652935_T_C	T	C	7227	6527	7206	6527	0	0	NA	0	0	0	0
6	105806620	6_105806620_G_T	G	T	6863	6158	6821	6158	0	0	NA	0	0	0	0
6	110281950	6_110281950_A_C	A	C	6721	6269	6681	6269	0	0	NA	0	0	0	0
6	114320721	6_114320721_A_T	A	T	7787	6922	7751	6922	0	0	NA	0	0	0	0
6	118493566	6_118493566_G_A	G	A	7556	6848	7505	6848	0	0	NA	0	0	0	0
6	119569852	6_119569852_G_A	G	A	7762	6801	7717	6801	0	0	NA	2	0	0	0
6	121651239	6_121651239_C_T	C	T	6755	6435	6730	6435	0	0	NA	0	0	0	0
6	123760643	6_123760643_G_C	G	C	8017	7100	7946	7100	0	0	NA	0	0	0	0
6	124345578	6_124345578_A_T	A	T	8380	7507	8344	7507	0	0	NA	0	0	0	0
6	125005890	6_125005890_T_A	T	A	7083	6470	7052	6470	0	0	NA	0	0	0	0
6	133324570	6_133324570_G_A	G	A	7660	7139	7618	7139	0	0	NA	3	0	0	0
6	135077626	6_135077626_C_A	C	A	7592	6708	7539	6708	0	0	NA	0	0	0	0
6	138246521	6_138246521_A_T	A	T	8192	7069	8134	7069	0	0	NA	0	0	0	0
6	138641083	6_138641083_G_A	G	A	7327	6469	7281	6469	0	0	NA	1	0	0	0
6	142076745	6_142076745_G_T	G	T	6374	6052	6351	6052	0	0	NA	0	0	0	0
6	159448369	6_159448369_G_T	G	T	7893	7054	7853	7054	0	0	NA	1	0	0	0
6	166111936	6_166111936_G_A	G	A	6972	6585	6945	6585	0	0	NA	2	0	0	0
6	166278336	6_166278336_T_A	T	A	6964	6437	6926	6437	0	0	NA	0	0	0	0
6	168417580	6_168417580_G_T	G	T	7525	6451	7488	6450	2	1	NA	0	2	1	1
6	169328081	6_169328081_C_A	C	A	7672	6754	7621	6754	0	0	NA	0	0	0	0
6	169421176	6_169421176_C_G	C	G	7079	5922	7024	5922	0	0	NA	2	0	0	0
7	8675885	7_8675885_G_T	G	T	7901	7032	7860	7032	0	0	NA	0	0	0	0
7	9098112	7_9098112_C_A	C	A	7483	6802	7429	6802	0	0	NA	0	0	0	0
7	10900303	7_10900303_A_C	A	C	7105	6211	7061	6211	0	0	NA	0	0	0	0
7	22754756	7_22754756_C_T	C	T	4337	3339	4310	3339	0	0	NA	1	0	0	0
7	24198695	7_24198695_A_T	A	T	6712	5842	6683	5842	0	0	NA	0	0	0	0
7	24484031	7_24484031_A_T	A	T	5586	5413	5577	5413	0	0	NA	0	0	0	0
7	24694731	7_24694731_A_T	A	T	7931	7556	7912	7556	0	0	NA	0	0	0	0
7	24711515	7_24711515_C_A	C	A	6649	6423	6621	6423	0	0	NA	0	0	0	0
7	25560061	7_25560061_C_A	C	A	7489	6592	7447	6592	0	0	NA	1	0	0	0
7	27437117	7_27437117_G_A	G	A	6670	6239	6641	6239	0	0	NA	1	0	0	0
7	27989966	7_27989966_G_A	G	A	6995	6244	6961	6244	0	0	NA	0	0	0	0
7	28061777	7_28061777_A_T	A	T	7187	6611	7158	6611	0	0	NA	0	0	0	0
7	28928679	7_28928679_C_T	C	T	7754	6392	7708	6392	0	0	NA	0	0	0	0
7	31311484	7_31311484_G_T	G	T	8619	7565	8574	7565	0	0	NA	1	0	0	0
7	33851204	7_33851204_C_T	C	T	7867	7125	7826	7125	0	0	NA	0	0	0	0
7	42755804	7_42755804_T_A	T	A	7538	6903	7484	6903	0	0	NA	1	0	0	0
7	46292931	7_46292931_G_T	G	T	7697	7233	7656	7233	0	0	NA	0	0	0	0
7	50675543	7_50675543_C_A	C	A	8213	7128	8147	7128	0	0	NA	0	0	0	0
7	52812198	7_52812198_C_T	C	T	8734	7373	8672	7373	0	0	NA	0	0	0	0
7	70982332	7_70982332_C_T	C	T	7727	7113	7683	7113	0	0	NA	0	0	0	0
7	86985981	7_86985981_A_G	A	G	7290	6635	7262	6634	1	1	NA	0	1	1	1
7	91831200	7_91831200_C_T	C	T	8007	7228	7964	7228	0	0	NA	0	0	0	0
7	95718096	7_95718096_G_T	G	T	8553	7818	8501	7818	0	0	NA	0	0	0	0
7	103000000	7_103000000_A_C	A	C	7392	6892	7348	6892	0	0	NA	1	0	0	0
7	107945933	7_107945933_T_C	T	C	7606	6755	7584	6755	0	0	NA	0	0	0	0
7	109602837	7_109602837_G_T	G	T	5714	5244	5668	5244	0	0	NA	3	0	0	0
7	111892331	7_111892331_T_G	T	G	7209	6664	7166	6664	0	0	NA	2	0	0	0
7	113217777	7_113217777_A_T	A	T	6523	6207	6497	6207	0	0	NA	0	0	0	0
7	116478734	7_116478734_A_T	A	T	8179	7016	8146	7016	0	0	NA	0	0	0	0
7	127818690	7_127818690_G_T	G	T	8294	7223	8252	7223	0	0	NA	0	0	0	0
7	136294843	7_136294843_T_A	T	A	6596	6188	6566	6188	1	0	NA	1	1	0	0
7	138936694	7_138936694_C_A	C	A	8026	7239	7985	7239	0	0	NA	2	0	0	0
7	141228576	7_141228576_G_A	G	A	7414	6455	7376	6455	0	0	NA	1	0	0	0
7	141231069	7_141231069_G_A	G	A	4490	3190	4465	3190	0	0	NA	0	0	0	0
7	146623991	7_146623991_G_A	G	A	6771	6379	6734	6379	0	0	NA	1	0	0	0
7	154475973	7_154475973_C_A	C	A	5148	4266	5122	4266	0	0	NA	0	0	0	0
7	156247033	7_156247033_C_T	C	T	7292	6094	7253	6094	0	0	NA	0	2	2	2
7	156328595	7_156328595_T_A	T	A	7747	6778	7696	6778	0	0	NA	1	0	0	0
7	156755092	7_156755092_A_C	A	C	7552	6363	7494	6363	0	0	NA	0	0	0	0
7	157738917	7_157738917_C_A	C	A	6850	5878	6815	5878	0	0	NA	0	0	0	0
7	157935636	7_157935636_C_T	C	T	7493	6391	7453	6391	0	0	NA	0	2	2	2
8	2158032	8_2158032_G_T	G	T	7634	6892	7594	6892	0	0	NA	1	0	0	0
8	2364784	8_2364784_G_C	G	C	6780	5945	6715	5945	0	0	NA	2	0	0	0
8	5590286	8_5590286_G_A	G	A	8388	7221	8347	7221	0	0	NA	0	0	0	0
8	8471500	8_8471500_A_T	A	T	6708	6150	6679	6150	0	0	NA	0	0	0	0
8	13534551	8_13534551_T_C	T	C	8476	7397	8441	7397	0	0	NA	0	0	0	0
8	17576978	8_17576978_C_T	C	T	6778	6307	3703	3475	3039	2832	NA	3	5526	5248	5248
8	21884618	8_21884618_T_A	T	A	7775	7056	7726	7056	0	0	NA	0	0	0	0
8	24055217	8_24055217_T_A	T	A	8441	7609	8415	7609	0	0	NA	1	0	0	0
8	25502729	8_25502729_C_T	C	T	8158	7032	8105	7032	0	0	NA	3	1	1	1
8	26756209	8_26756209_G_A	G	A	7411	6675	7377	6675	0	0	NA	0	2	2	2
8	28068715	8_28068715_T_G	T	G	8316	7125	8261	7125	0	0	NA	1	0	0	0
8	31909019	8_31909019_A_G	A	G	8183	7544	8147	7544	0	0	NA	1	0	0	0
8	34517935	8_34517935_G_T	G	T	7593	6760	7567	6760	0	0	NA	0	1	1	1
8	35920340	8_35920340_T_C	T	C	7835	6940	7801	6940	0	0	NA	0	0	0	0
8	37804385	8_37804385_A_G	A	G	8006	6756	7957	6756	0	0	NA	1	0	0	0
8	42705740	8_42705740_T_G	T	G	7564	7030	7533	7030	0	0	NA	0	0	0	0
8	43263618	8_43263618_A_C	A	C	7908	6981	7853	6981	0	0	NA	1	1	0	0
8	49103068	8_49103068_C_G	C	G	7824	6878	7773	6878	0	0	NA	1	0	0	0
8	58729295	8_58729295_A_G	A	G	6097	5711	6079	5711	0	0	NA	0	0	0	0
8	66185022	8_66185022_G_A	G	A	7614	6652	7572	6652	0	0	NA	0	0	0	0
8	73574383	8_73574383_G_A	G	A	8088	7168	8040	7168	0	0	NA	1	0	0	0
8	74076044	8_74076044_T_A	T	A	7754	6841	7728	6841	0	0	NA	1	0	0	0
8	82450023	8_82450023_C_A	C	A	7874	6930	7817	6930	0	0	NA	1	0	0	0
8	83973299	8_83973299_A_T	A	T	7258	6361	7208	6361	0	0	NA	1	0	0	0
8	105374702	8_105374702_A_G	A	G	6782	6152	6741	6152	0	0	NA	1	0	0	0
8	115281717	8_115281717_C_T	C	T	7558	7008	7532	7008	0	0	NA	1	0	0	0
8	115319068	8_115319068_T_C	T	C	7449	6824	7404	6824	0	0	NA	1	0	0	0
8	117855960	8_117855960_A_C	A	C	8239	7210	8207	7210	0	0	NA	0	0	0	0
8	118763466	8_118763466_T_C	T	C	7056	6338	7030	6338	0	0	NA	0	0	0	0
8	120016596	8_120016596_T_A	T	A	8274	7268	8215	7268	0	0	NA	0	0	0	0
8	126815596	8_126815596_C_A	C	A	8268	7030	8213	7030	0	0	NA	0	0	0	0
8	128368224	8_128368224_G_C	G	C	8046	7182	7995	7182	0	0	NA	0	0	0	0
8	129310325	8_129310325_G_C	G	C	7504	6829	7470	6829	0	0	NA	0	0	0	0
8	130415449	8_130415449_C_A	C	A	6821	6433	6770	6433	0	0	NA	0	0	0	0
8	140198440	8_140198440_A_C	A	C	6944	6630	6917	6630	0	0	NA	0	0	0	0
8	140686488	8_140686488_A_C	A	C	7431	6611	7390	6611	0	0	NA	1	0	0	0
8	141116992	8_141116992_T_C	T	C	7923	7274	7881	7274	0	0	NA	1	0	0	0
9	10268680	9_10268680_T_A	T	A	8852	7713	8806	7713	0	0	NA	0	0	0	0
9	11806127	9_11806127_G_T	G	T	7800	7045	7766	7045	0	0	NA	0	0	0	0
9	16516280	9_16516280_C_T	C	T	6454	5578	6404	5578	0	0	NA	4	0	0	0
9	18344935	9_18344935_C_T	C	T	8030	6916	8002	6916	0	0	NA	1	0	0	0
9	23039259	9_23039259_G_T	G	T	7768	7225	7743	7225	0	0	NA	0	1	0	0
9	28226964	9_28226964_A_G	A	G	7485	6996	7447	6996	0	0	NA	1	0	0	0
9	30095011	9_30095011_T_G	T	G	7975	7214	7923	7214	0	0	NA	1	0	0	0
9	35526376	9_35526376_G_T	G	T	8101	7466	8042	7466	0	0	NA	0	0	0	0
9	38044547	9_38044547_A_T	A	T	7745	6666	7700	6666	0	0	NA	0	0	0	0
9	72015479	9_72015479_C_A	C	A	7617	6910	7587	6910	0	0	NA	0	0	0	0
9	81545237	9_81545237_G_T	G	T	7392	6715	7368	6715	0	0	NA	0	0	0	0
9	83959865	9_83959865_G_A	G	A	7448	6738	7420	6738	0	0	NA	0	0	0	0
9	85027773	9_85027773_T_C	T	C	7586	6834	7531	6827	10	7	NA	0	12	9	9
9	85986606	9_85986606_T_G	T	G	8012	6966	7973	6966	0	0	NA	0	0	0	0
9	86724454	9_86724454_T_A	T	A	7225	6603	7206	6603	0	0	NA	0	0	0	0
9	91687627	9_91687627_C_T	C	T	7376	6824	7321	6824	0	0	NA	3	2	2	2
9	93606746	9_93606746_G_A	G	A	8150	6815	8087	6815	0	0	NA	0	0	0	0
9	114939474	9_114939474_G_A	G	A	7680	6675	7629	6675	0	0	NA	0	1	1	1
9	126189316	9_126189316_A_C	A	C	8065	6888	8026	6888	0	0	NA	0	0	0	0
9	131136928	9_131136928_C_A	C	A	7019	6166	6994	6166	0	0	NA	0	0	0	0
10	1961897	10_1961897_A_T	A	T	8567	7677	8519	7677	0	0	NA	0	0	0	0
10	2270041	10_2270041_A_T	A	T	8190	7182	8168	7182	0	0	NA	1	0	0	0
10	3057079	10_3057079_T_A	T	A	7423	6803	7375	6803	0	0	NA	0	0	0	0
10	3798084	10_3798084_C_T	C	T	8370	7175	8324	7175	0	0	NA	1	1	1	1
10	4569567	10_4569567_C_T	C	T	7804	6907	7742	6907	0	0	NA	0	0	0	0
10	7256310	10_7256310_G_A	G	A	8359	7305	8316	7305	0	0	NA	1	0	0	0
10	11473917	10_11473917_C_A	C	A	7996	6912	7916	6912	0	0	NA	1	1	0	0
10	12894934	10_12894934_A_G	A	G	7577	6884	7530	6884	0	0	NA	1	0	0	0
10	17449662	10_17449662_T_C	T	C	8435	7221	8390	7221	0	0	NA	0	0	0	0
10	21797291	10_21797291_G_A	G	A	7052	6462	7021	6462	0	0	NA	0	0	0	0
10	24055946	10_24055946_C_A	C	A	8008	7283	7948	7283	0	0	NA	0	0	0	0
10	27257081	10_27257081_T_A	T	A	8218	7424	8182	7424	0	0	NA	0	0	0	0
10	31620347	10_31620347_T_G	T	G	7763	6736	7730	6736	0	0	NA	0	0	0	0
10	33654321	10_33654321_C_A	C	A	8545	7485	8504	7485	0	0	NA	0	0	0	0
10	55082235	10_55082235_A_G	A	G	7858	7243	7822	7243	0	0	NA	0	0	0	0
10	60168247	10_60168247_C_T	C	T	8081	6989	8023	6989	0	0	NA	4	0	0	0
10	61472718	10_61472718_A_T	A	T	6425	6094	6391	6094	0	0	NA	0	0	0	0
10	63258458	10_63258458_T_G	T	G	7961	7229	7927	7229	0	0	NA	1	0	0	0
10	64550450	10_64550450_T_A	T	A	8393	7155	8332	7155	0	0	NA	2	0	0	0
10	66315438	10_66315438_A_G	A	G	7017	6373	6988	6373	0	0	NA	0	0	0	0
10	73093048	10_73093048_T_A	T	A	7979	6766	7897	6766	0	0	NA	1	0	0	0
10	74671734	10_74671734_T_A	T	A	8193	7337	8148	7337	0	0	NA	0	0	0	0
10	75581745	10_75581745_T_A	T	A	8090	7247	8021	7247	0	0	NA	1	0	0	0
10	77550906	10_77550906_T_G	T	G	6918	6350	6892	6350	0	0	NA	2	0	0	0
10	84458827	10_84458827_G_A	G	A	7434	6628	7392	6628	0	0	NA	3	0	0	0
10	86438880	10_86438880_G_A	G	A	6565	6153	6534	6153	0	0	NA	0	0	0	0
10	106846450	10_106846450_C_A	C	A	8295	7259	8243	7259	0	0	NA	2	0	0	0
10	108279287	10_108279287_G_A	G	A	7139	6599	7096	6599	0	0	NA	3	1	1	1
10	114127241	10_114127241_C_T	C	T	8212	7298	8156	7298	0	0	NA	1	1	1	1
10	115011950	10_115011950_G_A	G	A	7824	6705	7796	6705	0	0	NA	0	1	0	0
10	123802678	10_123802678_A_T	A	T	6002	5718	5984	5718	0	0	NA	0	0	0	0
10	127272048	10_127272048_A_T	A	T	8246	7118	8207	7118	0	0	NA	0	0	0	0
10	127291575	10_127291575_C_A	C	A	8170	6930	8100	6930	0	0	NA	0	0	0	0
10	129639752	10_129639752_G_A	G	A	7271	6613	7247	6612	1	1	NA	0	2	2	2
10	130159936	10_130159936_G_A	G	A	7514	6741	7462	6738	3	3	NA	5	6	6	6
11	7984729	11_7984729_T_C	T	C	8634	7242	8506	7242	0	0	NA	3	1	0	0
11	8459025	11_8459025_G_T	G	T	7720	7224	7687	7224	0	0	NA	0	0	0	0
11	11007767	11_11007767_T_G	T	G	7280	6220	7226	6220	0	0	NA	0	0	0	0
11	11518367	11_11518367_A_C	A	C	8218	7277	8165	7277	0	0	NA	0	0	0	0
11	15793278	11_15793278_G_A	G	A	8347	7263	8301	7262	1	1	NA	1	1	1	1
11	21390815	11_21390815_G_A	G	A	7264	6328	7227	6328	0	0	NA	1	0	0	0
11	26856090	11_26856090_T_A	T	A	7220	6479	7191	6479	0	0	NA	0	0	0	0
11	27971030	11_27971030_T_A	T	A	7998	6974	7956	6974	0	0	NA	0	0	0	0
11	35533876	11_35533876_C_A	C	A	7103	6706	7063	6706	0	0	NA	0	0	0	0
11	35669032	11_35669032_G_A	G	A	8291	7398	8255	7398	0	0	NA	0	0	0	0
11	37036482	11_37036482_G_C	G	C	6513	6242	6470	6242	0	0	NA	0	0	0	0
11	41235268	11_41235268_C_T	C	T	8192	7509	8105	7508	1	1	NA	4	1	1	1
11	42624326	11_42624326_T_A	T	A	8461	7628	8410	7628	0	0	NA	0	0	0	0
11	46455056	11_46455056_G_T	G	T	7687	6833	7642	6833	0	0	NA	1	1	1	1
11	56080304	11_56080304_C_T	C	T	8143	7182	8092	7182	0	0	NA	0	0	0	0
11	58723307	11_58723307_G_A	G	A	6604	6036	6569	6036	0	0	NA	1	0	0	0
11	59161585	11_59161585_G_T	G	T	7705	7042	7672	7042	0	0	NA	0	0	0	0
11	63332665	11_63332665_A_T	A	T	8379	7146	8322	7146	0	0	NA	0	0	0	0
11	64555955	11_64555955_C_T	C	T	6946	6184	6891	6184	0	0	NA	2	1	1	1
11	65883319	11_65883319_G_T	G	T	7855	6951	7822	6951	0	0	NA	0	0	0	0
11	68959684	11_68959684_T_G	T	G	7162	6287	7109	6287	0	0	NA	2	0	0	0
11	74881423	11_74881423_G_T	G	T	7702	6920	7668	6919	0	0	NA	1	0	0	0
11	75138342	11_75138342_G_A	G	A	7827	6820	7770	6820	0	0	NA	1	0	0	0
11	75960624	11_75960624_G_A	G	A	8053	6969	7992	6969	0	0	NA	2	0	0	0
11	76438194	11_76438194_A_G	A	G	8242	7372	8210	7372	0	0	NA	0	0	0	0
11	79695545	11_79695545_G_T	G	T	8101	7324	8048	7324	0	0	NA	1	0	0	0
11	80527855	11_80527855_T_C	T	C	6872	6243	6850	6243	0	0	NA	0	0	0	0
11	81837425	11_81837425_T_A	T	A	6662	6263	6637	6263	0	0	NA	0	0	0	0
11	83179093	11_83179093_A_C	A	C	7152	6511	7132	6511	0	0	NA	0	0	0	0
11	85608151	11_85608151_C_T	C	T	7746	7055	7691	7055	0	0	NA	3	2	2	2
11	86123536	11_86123536_C_T	C	T	8235	7199	8177	7199	0	0	NA	0	1	1	1
11	87389433	11_87389433_G_A	G	A	8278	7334	8229	7334	0	0	NA	4	1	1	1
11	88422060	11_88422060_T_C	T	C	7677	7095	7659	7094	1	1	NA	1	1	1	1
11	90112343	11_90112343_T_A	T	A	6619	5913	6596	5913	0	0	NA	0	0	0	0
11	100548653	11_100548653_C_A	C	A	7772	6930	7712	6930	0	0	NA	0	0	0	0
11	100693135	11_100693135_A_G	A	G	7986	7360	7955	7358	2	2	NA	1	2	2	2
11	106652778	11_106652778_A_C	A	C	7641	6695	7610	6695	0	0	NA	0	0	0	0
11	112259966	11_112259966_G_C	G	C	8739	7575	8700	7575	0	0	NA	0	0	0	0
11	113656969	11_113656969_C_A	C	A	6411	5763	6355	5763	0	0	NA	0	0	0	0
11	113815381	11_113815381_C_T	C	T	7854	6845	7792	6845	0	0	NA	3	0	0	0
11	120722483	11_120722483_G_A	G	A	4367	3698	4344	3698	0	0	NA	0	0	0	0
11	127628551	11_127628551_T_G	T	G	7823	6963	7798	6963	0	0	NA	2	0	0	0
11	128712838	11_128712838_G_A	G	A	8101	7462	8064	7462	0	0	NA	0	0	0	0
11	130054550	11_130054550_C_T	C	T	7966	6921	7879	6921	0	0	NA	1	0	0	0
11	131571363	11_131571363_T_C	T	C	7812	6950	7780	6950	0	0	NA	1	0	0	0
11	131943274	11_131943274_G_T	G	T	8644	7660	8597	7660	0	0	NA	1	0	0	0
11	133848115	11_133848115_G_T	G	T	7900	6838	7861	6838	0	0	NA	0	0	0	0
12	5550166	12_5550166_C_T	C	T	8251	7193	8199	7193	0	0	NA	1	0	0	0
12	7613075	12_7613075_G_A	G	A	7920	6799	7873	6799	0	0	NA	0	0	0	0
12	11664471	12_11664471_G_A	G	A	8592	7630	8528	7630	0	0	NA	4	1	1	1
12	14251503	12_14251503_C_G	C	G	8517	7506	8485	7506	0	0	NA	0	0	0	0
12	18204629	12_18204629_T_G	T	G	7998	7091	7967	7091	0	0	NA	0	0	0	0
12	24497982	12_24497982_T_A	T	A	7890	7196	7865	7196	0	0	NA	1	0	0	0
12	26166055	12_26166055_A_T	A	T	7945	6815	7911	6815	0	0	NA	0	0	0	0
12	26732966	12_26732966_G_T	G	T	7914	7146	7876	7145	3	1	NA	1	5	2	2
12	39389322	12_39389322_C_T	C	T	6839	5815	6783	5815	0	0	NA	0	1	1	1
12	43069386	12_43069386_T_C	T	C	8089	7285	8050	7285	0	0	NA	0	0	0	0
12	43403946	12_43403946_G_A	G	A	8039	7073	7986	7073	0	0	NA	0	0	0	0
12	43733361	12_43733361_C_A	C	A	7997	7325	7973	7325	0	0	NA	0	0	0	0
12	50362345	12_50362345_C_T	C	T	7450	6660	7412	6660	0	0	NA	0	0	0	0
12	52331907	12_52331907_T_G	T	G	7495	6702	7453	6702	0	0	NA	0	0	0	0
12	59632638	12_59632638_G_T	G	T	8068	7096	7999	7096	0	0	NA	2	0	0	0
12	63851770	12_63851770_A_G	A	G	7589	7157	7567	7157	0	0	NA	0	0	0	0
12	70249334	12_70249334_C_A	C	A	8022	7321	7990	7321	0	0	NA	1	0	0	0
12	76669654	12_76669654_A_C	A	C	8785	7235	8730	7235	0	0	NA	1	0	0	0
12	85066259	12_85066259_C_G	C	G	8342	7086	8280	7086	0	0	NA	0	0	0	0
12	85315381	12_85315381_T_C	T	C	7770	6949	7716	6949	0	0	NA	0	1	1	1
12	85316228	12_85316228_G_T	G	T	7507	6651	7459	6651	0	0	NA	1	0	0	0
12	85333719	12_85333719_G_T	G	T	6894	6601	6881	6601	0	0	NA	0	0	0	0
12	92193675	12_92193675_A_T	A	T	7347	6866	7324	6866	0	0	NA	0	1	1	1
12	96053445	12_96053445_C_T	C	T	6879	6443	6828	6443	0	0	NA	0	1	0	0
12	103870296	12_103870296_T_A	T	A	7947	7269	7890	7269	0	0	NA	1	0	0	0
12	104504726	12_104504726_T_G	T	G	8171	7299	8138	7299	0	0	NA	0	0	0	0
12	106628015	12_106628015_A_G	A	G	8131	7091	8105	7091	0	0	NA	0	0	0	0
12	107912860	12_107912860_T_A	T	A	7209	6655	7187	6655	0	0	NA	0	0	0	0
12	111404432	12_111404432_C_T	C	T	7920	6774	7842	6774	0	0	NA	2	0	0	0
12	112139443	12_112139443_T_A	T	A	7161	6290	7130	6290	0	0	NA	0	0	0	0
12	116383896	12_116383896_G_A	G	A	7964	7001	7903	7001	0	0	NA	3	0	0	0
12	118305511	12_118305511_G_C	G	C	8391	7153	8356	7153	0	0	NA	0	0	0	0
12	119371916	12_119371916_C_T	C	T	7016	6196	6972	6196	0	0	NA	2	0	0	0
12	131138418	12_131138418_A_G	A	G	8119	7160	8080	7160	0	0	NA	1	0	0	0
12	131406360	12_131406360_T_C	T	C	7906	6913	7857	6913	0	0	NA	1	0	0	0
12	131477541	12_131477541_C_A	C	A	8294	7097	8224	7097	0	0	NA	0	0	0	0
13	20748274	13_20748274_G_A	G	A	7628	6576	7597	6576	0	0	NA	0	0	0	0
13	29607772	13_29607772_G_T	G	T	7397	6775	7359	6775	0	0	NA	0	0	0	0
13	30160265	13_30160265_T_A	T	A	7363	6834	7328	6834	0	0	NA	0	0	0	0
13	30302795	13_30302795_G_T	G	T	8111	7228	8045	7228	0	0	NA	1	0	0	0
13	31599844	13_31599844_G_A	G	A	7473	6678	7442	6678	0	0	NA	4	0	0	0
13	31696641	13_31696641_A_T	A	T	7888	6945	7865	6945	0	0	NA	0	0	0	0
13	36706247	13_36706247_A_C	A	C	7975	6771	7925	6771	0	0	NA	0	0	0	0
13	39821600	13_39821600_T_C	T	C	7533	6601	7501	6601	0	0	NA	2	0	0	0
13	44253606	13_44253606_A_C	A	C	7777	7297	7748	7297	0	0	NA	0	0	0	0
13	56789439	13_56789439_C_T	C	T	7565	6946	7509	6946	0	0	NA	1	0	0	0
13	58937417	13_58937417_G_A	G	A	6654	6104	6622	6104	0	0	NA	0	0	0	0
13	59662950	13_59662950_T_A	T	A	8421	7148	8348	7148	0	0	NA	1	0	0	0
13	59957160	13_59957160_A_G	A	G	7945	6871	7900	6871	0	0	NA	1	0	0	0
13	65937324	13_65937324_G_T	G	T	7587	6985	7548	6985	0	0	NA	0	0	0	0
13	67150777	13_67150777_A_G	A	G	7152	6677	7118	6677	0	0	NA	0	0	0	0
13	71930277	13_71930277_C_T	C	T	7580	6649	7542	6649	0	0	NA	1	0	0	0
13	72255975	13_72255975_G_A	G	A	8129	7394	8084	7394	0	0	NA	2	0	0	0
13	72950190	13_72950190_A_C	A	C	7305	6846	7273	6846	0	0	NA	0	0	0	0
13	78207866	13_78207866_G_A	G	A	7834	7009	7799	7009	0	0	NA	0	0	0	0
13	79061572	13_79061572_T_G	T	G	8167	7529	8140	7529	0	0	NA	0	0	0	0
13	80502234	13_80502234_C_A	C	A	6970	6149	6919	6149	0	0	NA	0	0	0	0
13	81634047	13_81634047_A_G	A	G	7642	7109	7615	7109	0	0	NA	1	0	0	0
13	87006562	13_87006562_A_G	A	G	8228	7347	8183	7347	0	0	NA	0	0	0	0
13	94857022	13_94857022_A_G	A	G	7950	7361	7908	7361	0	0	NA	0	0	0	0
13	94912533	13_94912533_A_C	A	C	8076	7182	8043	7182	0	0	NA	0	0	0	0
13	98056177	13_98056177_T_A	T	A	7935	7120	7906	7120	0	0	NA	1	1	0	0
13	101298571	13_101298571_G_T	G	T	7709	6745	7684	6745	0	0	NA	0	0	0	0
13	107712753	13_107712753_C_T	C	T	7666	6564	7614	6564	0	0	NA	0	0	0	0
13	111629016	13_111629016_A_T	A	T	7513	6474	7455	6474	0	0	NA	0	0	0	0
13	112145775	13_112145775_T_C	T	C	7862	6741	7835	6741	0	0	NA	0	2	1	1
14	23616184	14_23616184_G_T	G	T	8095	6275	8040	6275	0	0	NA	1	0	0	0
14	26066134	14_26066134_T_C	T	C	8606	7562	8565	7562	0	0	NA	0	0	0	0
14	35875194	14_35875194_G_A	G	A	7727	6984	7689	6984	0	0	NA	0	0	0	0
14	42484294	14_42484294_G_A	G	A	7812	7123	7771	7123	0	0	NA	0	0	0	0
14	42579830	14_42579830_G_A	G	A	7783	6776	7739	6776	0	0	NA	1	0	0	0
14	45371105	14_45371105_A_T	A	T	8015	7205	7981	7205	0	0	NA	0	0	0	0
14	47070194	14_47070194_A_C	A	C	6865	6385	6826	6385	0	0	NA	0	0	0	0
14	47494194	14_47494194_A_G	A	G	7928	7073	7903	7073	0	0	NA	1	0	0	0
14	52310548	14_52310548_T_A	T	A	8261	7092	8198	7092	0	0	NA	0	0	0	0
14	53783288	14_53783288_C_A	C	A	8280	7124	8228	7124	0	0	NA	1	0	0	0
14	64929560	14_64929560_G_T	G	T	8299	7375	8260	7375	0	0	NA	1	0	0	0
14	72986250	14_72986250_G_A	G	A	7411	6800	7357	6800	0	0	NA	0	0	0	0
14	78906469	14_78906469_C_A	C	A	7390	6445	7362	6445	0	0	NA	0	1	1	1
14	79152476	14_79152476_C_A	C	A	7747	6961	7704	6961	0	0	NA	0	0	0	0
14	84197401	14_84197401_A_T	A	T	8782	7702	8749	7702	0	0	NA	0	0	0	0
14	86120009	14_86120009_G_T	G	T	8119	7107	8087	7107	0	0	NA	1	0	0	0
14	87119863	14_87119863_G_A	G	A	7404	6873	7347	6873	0	0	NA	2	0	0	0
14	88172658	14_88172658_C_A	C	A	8346	7492	8315	7492	0	0	NA	0	0	0	0
14	91815684	14_91815684_C_T	C	T	7780	6859	7705	6859	0	0	NA	3	0	0	0
14	93665220	14_93665220_C_T	C	T	7028	6675	6987	6675	0	0	NA	1	0	0	0
14	97281265	14_97281265_C_T	C	T	7509	6955	7476	6955	0	0	NA	0	1	1	1
14	99627582	14_99627582_G_A	G	A	8164	7543	8131	7543	0	0	NA	0	0	0	0
14	99896674	14_99896674_G_A	G	A	8009	7125	7970	7125	0	0	NA	0	0	0	0
14	105073239	14_105073239_T_C	T	C	7135	6436	7094	6436	0	0	NA	0	0	0	0
15	27188759	15_27188759_C_T	C	T	7564	6921	7500	6921	0	0	NA	1	0	0	0
15	27917481	15_27917481_T_G	T	G	8591	7481	8536	7481	0	0	NA	0	0	0	0
15	29273010	15_29273010_C_G	C	G	8031	6908	7993	6908	0	0	NA	1	0	0	0
15	33673689	15_33673689_G_A	G	A	8812	7746	8756	7746	0	0	NA	0	0	0	0
15	38371261	15_38371261_A_G	A	G	7429	6982	7403	6982	0	0	NA	0	0	0	0
15	39455633	15_39455633_G_A	G	A	7472	6868	7424	6868	0	0	NA	3	0	0	0
15	41901672	15_41901672_A_T	A	T	6581	6162	6557	6162	0	0	NA	1	0	0	0
15	46333302	15_46333302_G_T	G	T	8729	7518	8676	7518	0	0	NA	1	0	0	0
15	47326009	15_47326009_A_T	A	T	6142	4636	6140	4636	0	0	NA	0	0	0	0
15	49339790	15_49339790_T_A	T	A	9110	8038	9045	8038	0	0	NA	0	0	0	0
15	51556904	15_51556904_A_T	A	T	8521	7534	8478	7534	0	0	NA	0	0	0	0
15	53648907	15_53648907_T_G	T	G	8773	7563	8732	7563	0	0	NA	0	0	0	0
15	59876866	15_59876866_C_T	C	T	5951	4441	5915	4440	2	1	NA	0	2	1	1
15	60564834	15_60564834_C_G	C	G	8272	7315	8211	7315	0	0	NA	0	0	0	0
15	61980229	15_61980229_A_T	A	T	8297	7593	8263	7593	0	0	NA	0	0	0	0
15	63403113	15_63403113_T_G	T	G	8211	7194	8165	7194	0	0	NA	0	0	0	0
15	67559365	15_67559365_T_A	T	A	8002	6846	7942	6846	0	0	NA	1	0	0	0
15	70169256	15_70169256_G_A	G	A	7149	6092	7102	6092	0	0	NA	4	1	1	1
15	71626662	15_71626662_G_C	G	C	8014	7137	7962	7137	0	0	NA	0	0	0	0
15	72140677	15_72140677_C_A	C	A	7577	6825	7539	6825	0	0	NA	0	0	0	0
15	72268026	15_72268026_A_T	A	T	7730	7045	7682	7045	0	0	NA	0	0	0	0
15	75330455	15_75330455_T_A	T	A	7487	6827	7451	6827	0	0	NA	0	0	0	0
15	77318426	15_77318426_G_A	G	A	7043	6349	7021	6349	0	0	NA	0	0	0	0
15	79292109	15_79292109_G_T	G	T	7753	6807	7710	6807	1	0	NA	0	1	0	0
15	80592164	15_80592164_C_A	C	A	7646	6871	7611	6871	0	0	NA	0	0	0	0
15	88192867	15_88192867_C_T	C	T	6987	6087	6942	6087	0	0	NA	0	0	0	0
15	94096973	15_94096973_C_A	C	A	8002	6999	7956	6999	0	0	NA	0	0	0	0
15	95313094	15_95313094_T_A	T	A	6771	6410	6749	6410	0	0	NA	0	0	0	0
15	101645323	15_101645323_G_T	G	T	8364	7269	8302	7269	0	0	NA	1	0	0	0
16	6241844	16_6241844_C_G	C	G	6585	5907	6564	5907	0	0	NA	1	0	0	0
16	6815962	16_6815962_A_G	A	G	7578	7082	7550	7081	1	1	NA	0	1	1	1
16	9164000	16_9164000_G_T	G	T	7208	6294	7171	6294	0	0	NA	0	0	0	0
16	12618534	16_12618534_G_A	G	A	6171	5442	6154	5442	0	0	NA	0	0	0	0
16	34614986	16_34614986_G_T	G	T	7543	6784	7513	6784	0	0	NA	1	0	0	0
16	54531764	16_54531764_C_T	C	T	7151	6397	7096	6397	0	0	NA	1	0	0	0
16	57795085	16_57795085_T_G	T	G	7273	6271	7215	6271	0	0	NA	1	0	0	0
16	59228702	16_59228702_C_T	C	T	8239	7100	8182	7100	0	0	NA	0	0	0	0
16	62560683	16_62560683_A_T	A	T	8194	7156	8157	7156	0	0	NA	0	1	0	0
16	63766571	16_63766571_T_C	T	C	8093	7319	8064	7319	0	0	NA	0	1	1	1
16	74344639	16_74344639_G_T	G	T	7365	6649	7334	6649	0	0	NA	1	0	0	0
16	76907394	16_76907394_G_A	G	A	7531	6706	7491	6706	0	0	NA	0	0	0	0
16	78972173	16_78972173_T_A	T	A	8019	7097	7973	7097	0	0	NA	0	0	0	0
16	80517522	16_80517522_A_T	A	T	8586	7490	8550	7490	0	0	NA	0	0	0	0
16	82593802	16_82593802_G_A	G	A	7489	6795	7445	6795	0	0	NA	0	0	0	0
16	85688747	16_85688747_C_G	C	G	7788	6993	7740	6993	0	0	NA	1	0	0	0
16	86679926	16_86679926_A_C	A	C	8147	6964	8092	6963	1	1	NA	0	4	3	3
17	720089	17_720089_G_T	G	T	7942	7059	7890	7059	0	0	NA	1	0	0	0
17	1396837	17_1396837_C_A	C	A	7544	6505	7519	6505	0	0	NA	1	0	0	0
17	3688959	17_3688959_G_A	G	A	7278	6626	7246	6626	0	0	NA	3	0	0	0
17	3701275	17_3701275_G_A	G	A	8203	7000	8128	7000	0	0	NA	3	0	0	0
17	4441107	17_4441107_C_T	C	T	7411	6445	7373	6444	1	1	NA	0	1	1	1
17	4983888	17_4983888_A_G	A	G	6318	6015	6301	6015	0	0	NA	2	0	0	0
17	6006620	17_6006620_A_T	A	T	8031	6952	7975	6952	0	0	NA	0	0	0	0
17	6014184	17_6014184_G_A	G	A	7891	6705	7832	6705	0	0	NA	2	3	2	2
17	11156054	17_11156054_C_A	C	A	7528	6656	7505	6656	0	0	NA	0	0	0	0
17	11528791	17_11528791_C_T	C	T	7320	6442	7238	6442	0	0	NA	1	2	2	2
17	14475193	17_14475193_G_T	G	T	7059	6576	7034	6576	0	0	NA	1	0	0	0
17	15065173	17_15065173_C_T	C	T	7915	7112	7876	7112	0	0	NA	0	0	0	0
17	15338559	17_15338559_G_A	G	A	7315	6272	7200	6272	0	0	NA	2	2	2	2
17	16493939	17_16493939_G_A	G	A	6984	6402	6939	6402	0	0	NA	0	0	0	0
17	17009859	17_17009859_G_A	G	A	6899	6135	6866	6135	0	0	NA	0	0	0	0
17	17301717	17_17301717_C_T	C	T	7651	6745	7622	6745	0	0	NA	2	0	0	0
17	28024579	17_28024579_G_T	G	T	7261	6642	7224	6642	0	0	NA	2	0	0	0
17	29717435	17_29717435_G_A	G	A	7549	7089	7512	7089	0	0	NA	1	0	0	0
17	32446077	17_32446077_T_C	T	C	8455	7301	8414	7298	3	3	NA	0	4	4	4
17	32569131	17_32569131_A_T	A	T	8321	7261	8276	7261	0	0	NA	0	0	0	0
17	33100251	17_33100251_T_A	T	A	7489	6583	7364	6583	0	0	NA	3	0	0	0
17	39467639	17_39467639_G_C	G	C	8137	7096	8113	7096	0	0	NA	0	0	0	0
17	42998213	17_42998213_G_A	G	A	7474	6701	7448	6701	0	0	NA	0	0	0	0
17	43085412	17_43085412_G_T	G	T	8476	7317	8405	7317	0	0	NA	0	0	0	0
17	43470055	17_43470055_C_T	C	T	7900	6740	7861	6740	0	0	NA	0	0	0	0
17	44927857	17_44927857_T_A	T	A	7430	6834	7403	6834	0	0	NA	1	0	0	0
17	46056008	17_46056008_G_T	G	T	7773	7026	7719	7026	0	0	NA	0	0	0	0
17	50866762	17_50866762_G_T	G	T	9153	7998	9096	7998	0	0	NA	1	0	0	0
17	50905910	17_50905910_C_A	C	A	7405	6429	7360	6429	0	0	NA	1	0	0	0
17	52118259	17_52118259_C_T	C	T	7664	7227	7621	7227	0	0	NA	1	0	0	0
17	60898629	17_60898629_C_T	C	T	6734	6497	6703	6497	0	0	NA	0	0	0	0
17	71934293	17_71934293_A_T	A	T	8070	7032	8018	7032	0	0	NA	0	0	0	0
17	76222871	17_76222871_G_A	G	A	6808	5918	6773	5918	0	0	NA	0	0	0	0
17	76917088	17_76917088_C_A	C	A	7875	6740	7833	6740	0	0	NA	0	0	0	0
17	80960218	17_80960218_T_G	T	G	7852	6620	7797	6620	0	0	NA	0	0	0	0
17	81150845	17_81150845_G_A	G	A	7035	6283	7006	6283	0	0	NA	2	0	0	0
18	2199340	18_2199340_A_T	A	T	8356	7560	8298	7560	0	0	NA	0	1	0	0
18	3219279	18_3219279_T_G	T	G	7985	6950	7947	6950	0	0	NA	1	1	0	0
18	4999640	18_4999640_G_A	G	A	8151	7184	8097	7184	0	0	NA	0	0	0	0
18	12475920	18_12475920_T_C	T	C	7854	6876	7820	6876	0	0	NA	0	0	0	0
18	25360422	18_25360422_G_A	G	A	7569	7092	7537	7092	0	0	NA	0	0	0	0
18	26057877	18_26057877_A_C	A	C	6770	6316	6739	6316	0	0	NA	0	0	0	0
18	30256585	18_30256585_A_T	A	T	7980	7126	7956	7126	0	0	NA	0	0	0	0
18	30450968	18_30450968_T_G	T	G	7505	6599	7427	6599	0	0	NA	4	0	0	0
18	31212872	18_31212872_A_C	A	C	7721	6938	7680	6938	0	0	NA	2	0	0	0
18	34884411	18_34884411_A_G	A	G	8316	7097	8281	7097	0	0	NA	3	4	2	2
18	34920737	18_34920737_C_T	C	T	8106	7124	8055	7124	0	0	NA	0	0	0	0
18	35116487	18_35116487_C_T	C	T	7782	6650	7744	6650	0	0	NA	0	0	0	0
18	35599784	18_35599784_A_C	A	C	7144	6667	7106	6667	0	0	NA	0	0	0	0
18	44027328	18_44027328_C_A	C	A	7398	6922	7361	6922	0	0	NA	3	0	0	0
18	44583895	18_44583895_C_T	C	T	7898	7450	7858	7450	0	0	NA	2	1	1	1
18	46515526	18_46515526_G_C	G	C	7470	6594	7437	6594	0	0	NA	0	0	0	0
18	47690060	18_47690060_G_A	G	A	8028	7020	7983	7019	1	1	NA	0	1	1	1
18	49134414	18_49134414_G_A	G	A	7713	6936	7683	6936	0	0	NA	0	0	0	0
18	53754583	18_53754583_A_T	A	T	8211	7326	8158	7326	0	0	NA	0	0	0	0
18	64061172	18_64061172_A_G	A	G	6279	6105	6262	6105	0	0	NA	0	0	0	0
18	65049158	18_65049158_C_A	C	A	7928	6879	7874	6879	0	0	NA	0	0	0	0
18	66394885	18_66394885_C_T	C	T	8311	7225	8255	7225	0	0	NA	1	0	0	0
18	74250027	18_74250027_C_T	C	T	8134	7209	8079	7209	0	0	NA	0	1	1	1
18	75051003	18_75051003_C_T	C	T	7523	6559	7469	6559	0	0	NA	1	0	0	0
18	76263578	18_76263578_C_G	C	G	7337	5968	7274	5968	0	0	NA	0	0	0	0
18	77901346	18_77901346_A_T	A	T	7998	6948	7962	6948	0	0	NA	0	0	0	0
19	1293671	19_1293671_G_T	G	T	7436	6627	7391	6627	0	0	NA	0	0	0	0
19	1312508	19_1312508_A_C	A	C	7312	6066	7257	6066	0	0	NA	1	0	0	0
19	4967415	19_4967415_G_A	G	A	8185	7042	8132	7042	0	0	NA	0	0	0	0
19	4981886	19_4981886_C_T	C	T	7754	6649	7645	6649	0	0	NA	4	0	0	0
19	9094429	19_9094429_A_C	A	C	8465	7546	8430	7546	0	0	NA	0	0	0	0
19	9360230	19_9360230_G_A	G	A	7700	7091	7650	7091	0	0	NA	1	0	0	0
19	9392737	19_9392737_C_T	C	T	6940	6473	6903	6473	0	0	NA	0	0	0	0
19	10252343	19_10252343_G_T	G	T	7591	6626	7565	6626	0	0	NA	0	0	0	0
19	20143124	19_20143124_T_C	T	C	7355	6716	7322	6716	0	0	NA	0	0	0	0
19	29202355	19_29202355_G_T	G	T	7876	7202	7830	7202	0	0	NA	2	0	0	0
19	42049064	19_42049064_G_T	G	T	7835	6996	7779	6996	0	0	NA	3	0	0	0
19	44430401	19_44430401_G_T	G	T	7526	6914	7484	6914	0	0	NA	0	0	0	0
19	54136232	19_54136232_C_T	C	T	7959	6798	7905	6798	0	0	NA	0	0	0	0
19	54614310	19_54614310_G_A	G	A	7977	6980	7939	6980	0	0	NA	2	0	0	0
20	378302	20_378302_T_A	T	A	8177	7040	8115	7040	0	0	NA	0	0	0	0
20	4536302	20_4536302_G_A	G	A	8164	7011	8122	7011	0	0	NA	2	1	1	1
20	7852796	20_7852796_C_T	C	T	7484	6911	7459	6911	0	0	NA	0	0	0	0
20	9715341	20_9715341_A_C	A	C	7306	6656	7278	6656	0	0	NA	0	0	0	0
20	10591873	20_10591873_G_T	G	T	7392	6862	7332	6862	0	0	NA	4	0	0	0
20	11454467	20_11454467_C_T	C	T	7303	6618	7259	6618	0	0	NA	0	0	0	0
20	12921471	20_12921471_G_T	G	T	8057	7044	8002	7044	0	0	NA	1	0	0	0
20	19241709	20_19241709_A_C	A	C	7377	6559	7344	6559	0	0	NA	1	0	0	0
20	23424885	20_23424885_T_G	T	G	7754	7008	7710	7008	0	0	NA	0	0	0	0
20	24840118	20_24840118_T_G	T	G	8189	7111	8157	7111	0	0	NA	0	0	0	0
20	33823747	20_33823747_G_T	G	T	8194	6852	8135	6852	0	0	NA	1	0	0	0
20	35243922	20_35243922_C_G	C	G	8072	7013	8028	7013	0	0	NA	0	0	0	0
20	38282412	20_38282412_C_T	C	T	7580	6629	7534	6629	0	0	NA	0	0	0	0
20	40601808	20_40601808_A_T	A	T	7708	6885	7663	6885	0	0	NA	0	0	0	0
20	41267742	20_41267742_T_A	T	A	7151	6721	7125	6721	0	0	NA	0	0	0	0
20	47339488	20_47339488_G_A	G	A	7736	6781	7670	6781	0	0	NA	4	0	0	0
20	48860822	20_48860822_T_A	T	A	7208	6409	7176	6409	0	0	NA	0	0	0	0
20	51318806	20_51318806_G_T	G	T	7761	7120	7720	7120	0	0	NA	0	0	0	0
20	58002848	20_58002848_A_G	A	G	7442	6868	7400	6867	1	1	NA	0	1	1	1
20	59234051	20_59234051_C_T	C	T	7362	6299	7314	6299	0	0	NA	0	0	0	0
20	59760475	20_59760475_G_A	G	A	6678	5817	6663	5817	0	0	NA	1	0	0	0
20	60721295	20_60721295_C_A	C	A	8592	7320	8522	7320	0	0	NA	0	0	0	0
21	21471610	21_21471610_C_T	C	T	3225	2366	3153	2366	0	0	NA	1	1	1	1
21	31288839	21_31288839_A_T	A	T	6546	6269	6518	6269	0	0	NA	0	0	0	0
21	35256830	21_35256830_C_G	C	G	7864	6625	7788	6625	0	0	NA	0	0	0	0
21	35432187	21_35432187_C_A	C	A	6934	6335	6890	6335	0	0	NA	3	0	0	0
21	37499190	21_37499190_G_A	G	A	7933	6816	7881	6816	0	0	NA	1	1	1	1
21	40055013	21_40055013_A_G	A	G	7283	6883	7261	6883	0	0	NA	0	0	0	0
21	41383166	21_41383166_T_C	T	C	7908	7034	7877	7034	0	0	NA	0	0	0	0
21	45440683	21_45440683_A_C	A	C	7964	6755	7941	6755	0	0	NA	1	0	0	0
21	45995317	21_45995317_C_T	C	T	7246	6340	7204	6340	0	0	NA	0	0	0	0
22	24175009	22_24175009_A_C	A	C	6344	5265	6273	5265	2	0	NA	16	5	0	0
22	27671452	22_27671452_A_G	A	G	7188	6603	7158	6603	0	0	NA	0	0	0	0
22	29269471	22_29269471_A_C	A	C	8435	7523	8402	7523	0	0	NA	0	0	0	0
22	34279553	22_34279553_C_A	C	A	8112	7193	8051	7193	0	0	NA	2	0	0	0
22	35413015	22_35413015_T_A	T	A	8044	7220	8000	7220	0	0	NA	0	0	0	0
22	37581443	22_37581443_A_C	A	C	7102	6356	7086	6356	0	0	NA	0	0	0	0
22	38994626	22_38994626_G_A	G	A	6351	5908	6330	5908	0	0	NA	3	0	0	0
22	50216926	22_50216926_T_C	T	C	7279	6352	7241	6352	0	0	NA	0	0	0	0
X	3705349	X_3705349_T_C	T	C	7143	6346	7104	6346	0	0	NA	0	1	1	1
X	4977455	X_4977455_G_C	G	C	7613	6818	7588	6818	0	0	NA	0	0	0	0
X	6456100	X_6456100_A_T	A	T	7708	6918	7671	6918	0	0	NA	0	0	0	0
X	10871905	X_10871905_C_T	C	T	7884	7130	7814	7130	0	0	NA	0	0	0	0
X	11970724	X_11970724_T_C	T	C	7058	6194	7008	6194	0	0	NA	2	0	0	0
X	13184227	X_13184227_G_T	G	T	7168	6598	7114	6598	0	0	NA	0	0	0	0
X	13888497	X_13888497_T_A	T	A	7977	6160	7933	6160	0	0	NA	0	0	0	0
X	14849529	X_14849529_A_T	A	T	6984	6594	6970	6594	0	0	NA	0	0	0	0
X	17807548	X_17807548_A_T	A	T	8024	7083	7973	7083	0	0	NA	0	0	0	0
X	18050570	X_18050570_T_G	T	G	7193	6434	7159	6434	0	0	NA	0	0	0	0
X	19309772	X_19309772_G_A	G	A	7205	6511	7179	6511	0	0	NA	1	0	0	0
X	20352852	X_20352852_C_G	C	G	8143	7400	8108	7400	0	0	NA	0	0	0	0
X	21343527	X_21343527_A_T	A	T	6493	6124	6466	6124	0	0	NA	0	0	0	0
X	24397822	X_24397822_C_T	C	T	7469	6757	7445	6757	0	0	NA	0	0	0	0
X	25870422	X_25870422_G_T	G	T	7554	6746	7520	6746	0	0	NA	1	0	0	0
X	29976562	X_29976562_A_T	A	T	6054	5808	6030	5808	0	0	NA	0	0	0	0
X	37789753	X_37789753_C_A	C	A	4745	4527	4707	4527	0	0	NA	0	0	0	0
X	39244441	X_39244441_C_T	C	T	6340	5878	6309	5878	0	0	NA	0	0	0	0
X	39497146	X_39497146_A_T	A	T	5964	5793	5949	5793	0	0	NA	0	0	0	0
X	40302393	X_40302393_T_G	T	G	6984	6459	6957	6459	0	0	NA	0	0	0	0
X	42793672	X_42793672_C_T	C	T	5854	5407	5814	5407	0	0	NA	2	0	0	0
X	44276269	X_44276269_A_G	A	G	7670	6944	7626	6944	0	0	NA	0	0	0	0
X	50645006	X_50645006_G_A	G	A	7627	6741	7603	6741	0	0	NA	2	0	0	0
X	53102860	X_53102860_A_T	A	T	6209	5769	6179	5769	0	0	NA	1	0	0	0
X	64122950	X_64122950_C_A	C	A	8099	7067	8056	7067	0	0	NA	0	0	0	0
X	72592946	X_72592946_T_A	T	A	6874	6229	6830	6229	0	0	NA	0	0	0	0
X	79037083	X_79037083_C_A	C	A	7122	6590	7069	6590	0	0	NA	0	0	0	0
X	82095343	X_82095343_T_C	T	C	6425	6048	6398	6048	0	0	NA	0	0	0	0
X	85707489	X_85707489_C_G	C	G	7707	6686	7669	6686	0	0	NA	1	0	0	0
X	87241026	X_87241026_T_G	T	G	6719	6417	6691	6412	5	5	NA	0	7	7	7
X	87936036	X_87936036_G_A	G	A	5942	5585	5913	5585	0	0	NA	1	0	0	0
X	93569436	X_93569436_C_A	C	A	6235	5969	6200	5969	0	0	NA	1	0	0	0
X	97669417	X_97669417_G_T	G	T	6221	5872	6184	5872	0	0	NA	1	0	0	0
X	98006813	X_98006813_T_A	T	A	6526	6073	6498	6073	0	0	NA	2	0	0	0
X	100646289	X_100646289_A_G	A	G	6406	6004	6380	6004	0	0	NA	1	0	0	0
X	102132743	X_102132743_G_A	G	A	7643	6917	7593	6917	0	0	NA	4	1	1	1
X	104221452	X_104221452_C_T	C	T	6925	6000	6877	6000	0	0	NA	0	0	0	0
X	105950136	X_105950136_C_A	C	A	9321	8093	9269	8093	0	0	NA	0	0	0	0
X	113216474	X_113216474_C_T	C	T	7006	6400	6983	6400	0	0	NA	0	0	0	0
X	114264823	X_114264823_T_A	T	A	7158	6577	7130	6577	0	0	NA	0	0	0	0
X	116994526	X_116994526_C_T	C	T	7741	7185	7708	7185	0	0	NA	1	0	0	0
X	117740845	X_117740845_C_G	C	G	6780	6271	6738	6271	0	0	NA	0	0	0	0
X	118235484	X_118235484_G_T	G	T	6753	5945	6735	5945	0	0	NA	1	0	0	0
X	118703072	X_118703072_C_G	C	G	7499	6699	7464	6699	0	0	NA	0	0	0	0
X	124267146	X_124267146_C_T	C	T	7388	6628	7347	6628	0	0	NA	1	0	0	0
X	125916704	X_125916704_A_G	A	G	5438	5271	5416	5271	0	0	NA	0	0	0	0
X	134217753	X_134217753_G_A	G	A	7381	6540	7340	6540	0	0	NA	1	0	0	0
X	140990280	X_140990280_C_G	C	G	7728	6944	7689	6943	1	1	NA	0	3	3	3
X	141197297	X_141197297_A_T	A	T	7583	6863	7558	6863	0	0	NA	1	0	0	0
X	144630622	X_144630622_T_C	T	C	7910	7018	7874	7018	0	0	NA	0	0	0	0
X	146811505	X_146811505_C_A	C	A	7459	6921	7427	6921	0	0	NA	0	0	0	0
X	149321033	X_149321033_A_C	A	C	7941	6761	7894	6761	0	0	NA	0	0	0	0
