contig	position	id	ref_allele	alt_allele	depth	depth_pass	n_ref_total	n_ref_pass	n_alt_total	n_alt_pass	seen_in_norm	n_alt_dsc_suppressed	n_alt_ssc_total	n_alt_ssc_pass	n_alt_ssc_only
1	6683813	1_6683813_A_G	A	G	6850	5614	6793	5614	0	0	NA	1	0	0	0
1	11022745	1_11022745_A_T	A	T	6882	5859	6786	5859	0	0	NA	0	0	0	0
1	17631305	1_17631305_A_C	A	C	6557	5372	6505	5372	0	0	NA	0	0	0	0
1	18022798	1_18022798_T_G	T	G	5282	4370	5227	4370	0	0	NA	1	0	0	0
1	22593620	1_22593620_A_T	A	T	6432	5444	6381	5444	0	0	NA	0	0	0	0
1	22836829	1_22836829_G_T	G	T	7087	6105	6999	6105	0	0	NA	0	0	0	0
1	23416871	1_23416871_T_A	T	A	6911	6049	6848	6049	0	0	NA	0	0	0	0
1	23989519	1_23989519_C_A	C	A	6533	6072	6496	6072	0	0	NA	0	0	0	0
1	24903064	1_24903064_G_T	G	T	6457	5739	6407	5739	0	0	NA	0	0	0	0
1	27294510	1_27294510_G_C	G	C	6250	5457	6204	5457	0	0	NA	0	0	0	0
1	27657551	1_27657551_A_T	A	T	5801	5236	5758	5236	0	0	NA	0	0	0	0
1	29694879	1_29694879_C_T	C	T	6772	5647	6695	5647	0	0	NA	0	1	1	1
1	30618636	1_30618636_A_G	A	G	6957	5704	6867	5704	0	0	NA	0	0	0	0
1	34817123	1_34817123_G_T	G	T	7277	6063	7191	6063	0	0	NA	0	0	0	0
1	35158835	1_35158835_T_A	T	A	6781	5566	6734	5566	0	0	NA	0	0	0	0
1	39082447	1_39082447_G_T	G	T	6898	6070	6841	6070	0	0	NA	0	0	0	0
1	42327382	1_42327382_T_A	T	A	7120	6090	7064	6090	0	0	NA	0	0	0	0
1	47487735	1_47487735_A_C	A	C	6309	5131	6270	5131	0	0	NA	0	0	0	0
1	49594317	1_49594317_A_G	A	G	7184	6442	7147	6442	0	0	NA	0	0	0	0
1	52394702	1_52394702_A_T	A	T	6500	5777	6430	5777	0	0	NA	0	0	0	0
1	59525563	1_59525563_C_T	C	T	6236	4934	6141	4934	0	0	NA	0	0	0	0
1	60448370	1_60448370_G_T	G	T	6723	5933	6619	5933	0	0	NA	1	0	0	0
1	61803613	1_61803613_A_G	A	G	6638	5472	6504	5472	0	0	NA	0	0	0	0
1	66861200	1_66861200_A_G	A	G	7305	6127	7193	6127	0	0	NA	0	0	0	0
1	73887834	1_73887834_G_T	G	T	6824	6122	6749	6122	0	0	NA	0	0	0	0
1	74308917	1_74308917_G_A	G	A	6650	5867	6579	5867	0	0	NA	0	0	0	0
1	74539163	1_74539163_C_G	C	G	5962	3974	5905	3974	0	0	NA	1	1	1	1
1	75650364	1_75650364_T_C	T	C	6175	5317	6110	5317	0	0	NA	0	0	0	0
1	86686722	1_86686722_G_A	G	A	7223	6381	7163	6381	0	0	NA	0	0	0	0
1	88574447	1_88574447_G_T	G	T	6956	6445	6875	6445	0	0	NA	2	0	0	0
1	94429304	1_94429304_C_A	C	A	6196	5128	6124	5128	0	0	NA	0	0	0	0
1	95155784	1_95155784_T_A	T	A	6939	5888	6875	5888	0	0	NA	1	0	0	0
1	96540049	1_96540049_A_T	A	T	6707	6003	6617	6003	0	0	NA	0	0	0	0
1	96704641	1_96704641_T_C	T	C	6561	5667	6455	5667	0	0	NA	0	0	0	0
1	106320165	1_106320165_C_A	C	A	6932	5812	6859	5811	1	1	NA	1	2	2	2
1	108331884	1_108331884_C_A	C	A	7100	6127	7033	6127	0	0	NA	0	0	0	0
1	152472192	1_152472192_T_A	T	A	6565	5298	6514	5298	0	0	NA	0	0	0	0
1	160788152	1_160788152_T_G	T	G	6769	5432	6698	5432	0	0	NA	0	0	0	0
1	166810789	1_166810789_T_A	T	A	7231	6493	7152	6493	0	0	NA	0	0	0	0
1	168388077	1_168388077_A_G	A	G	7020	5874	6955	5874	0	0	NA	0	0	0	0
1	171736235	1_171736235_T_G	T	G	3171	2729	3143	2729	0	0	NA	0	0	0	0
1	176038019	1_176038019_A_G	A	G	6790	5819	6755	5819	0	0	NA	0	0	0	0
1	183529541	1_183529541_T_A	T	A	6753	6080	6713	6080	0	0	NA	0	0	0	0
1	187123099	1_187123099_C_A	C	A	6943	5953	6860	5953	0	0	NA	1	0	0	0
1	188740937	1_188740937_A_T	A	T	6320	5633	6273	5633	0	0	NA	0	0	0	0
1	197198619	1_197198619_T_G	T	G	6479	5016	6427	5016	0	0	NA	0	0	0	0
1	203047117	1_203047117_T_A	T	A	7266	6101	7170	6101	0	0	NA	0	0	0	0
1	203599759	1_203599759_T_C	T	C	6055	5427	6008	5427	0	0	NA	0	0	0	0
1	203613788	1_203613788_C_A	C	A	6824	5739	6736	5739	0	0	NA	1	0	0	0
1	214151919	1_214151919_A_T	A	T	7440	6335	7367	6335	0	0	NA	0	0	0	0
1	217243275	1_217243275_G_C	G	C	6955	5768	6837	5768	0	0	NA	0	0	0	0
1	220394338	1_220394338_C_A	C	A	7074	6049	6994	6049	0	0	NA	0	0	0	0
1	221604860	1_221604860_C_A	C	A	6691	5635	6607	5635	0	0	NA	0	0	0	0
1	224690820	1_224690820_T_G	T	G	5215	4205	5154	4205	0	0	NA	1	0	0	0
1	226138591	1_226138591_T_C	T	C	6858	5768	6759	5768	0	0	NA	0	0	0	0
1	228358433	1_228358433_G_T	G	T	6714	5736	6674	5736	0	0	NA	0	0	0	0
1	231411740	1_231411740_T_A	T	A	7714	6800	7622	6800	0	0	NA	0	0	0	0
1	234052551	1_234052551_A_G	A	G	7642	6523	7590	6523	0	0	NA	0	0	0	0
1	246113205	1_246113205_C_A	C	A	3353	2840	3317	2840	0	0	NA	0	0	0	0
2	859237	2_859237_G_T	G	T	6186	5219	6113	5219	0	0	NA	1	0	0	0
2	1552726	2_1552726_C_T	C	T	6403	5421	6331	5421	0	0	NA	0	0	0	0
2	2268110	2_2268110_G_C	G	C	5153	4075	5071	4075	0	0	NA	0	0	0	0
2	3756871	2_3756871_G_C	G	C	6893	6050	6812	6050	0	0	NA	0	0	0	0
2	12130724	2_12130724_A_T	A	T	6386	5723	6322	5723	0	0	NA	0	0	0	0
2	12630276	2_12630276_T_C	T	C	7208	6254	7171	6254	0	0	NA	1	0	0	0
2	18647460	2_18647460_G_A	G	A	7248	6238	7165	6238	0	0	NA	0	0	0	0
2	24689431	2_24689431_T_G	T	G	6738	5475	6666	5475	0	0	NA	3	0	0	0
2	28078203	2_28078203_T_A	T	A	7084	5896	7011	5896	0	0	NA	0	0	0	0
2	30431838	2_30431838_C_A	C	A	7064	5786	6992	5786	0	0	NA	0	0	0	0
2	41629048	2_41629048_T_G	T	G	6787	5855	6703	5855	0	0	NA	0	0	0	0
2	47074864	2_47074864_T_C	T	C	6775	5710	6713	5710	0	0	NA	0	0	0	0
2	51195077	2_51195077_C_A	C	A	6613	5950	6507	5950	0	0	NA	1	0	0	0
2	51832487	2_51832487_C_G	C	G	6823	5956	6758	5956	0	0	NA	1	0	0	0
2	58084312	2_58084312_G_T	G	T	6797	5876	6694	5876	0	0	NA	0	0	0	0
2	58751974	2_58751974_T_A	T	A	6891	6228	6849	6228	0	0	NA	0	0	0	0
2	59162851	2_59162851_T_A	T	A	7098	6019	7062	6019	0	0	NA	0	1	1	1
2	64525642	2_64525642_G_C	G	C	4889	3484	4813	3484	0	0	NA	0	0	0	0
2	66467464	2_66467464_C_T	C	T	6673	5329	6601	5329	0	0	NA	1	1	0	0
2	66736856	2_66736856_C_A	C	A	7100	6372	7035	6372	0	0	NA	0	0	0	0
2	67608742	2_67608742_C_T	C	T	6944	6010	6855	6010	0	0	NA	0	0	0	0
2	69093184	2_69093184_A_G	A	G	7015	5913	6943	5913	0	0	NA	0	0	0	0
2	71205081	2_71205081_A_G	A	G	6930	5567	6881	5567	0	0	NA	0	1	0	0
2	75515255	2_75515255_G_A	G	A	7012	5863	6930	5863	0	0	NA	0	0	0	0
2	75656069	2_75656069_G_A	G	A	6957	5907	6911	5907	0	0	NA	0	0	0	0
2	85047019	2_85047019_C_A	C	A	6906	5942	6843	5942	0	0	NA	2	0	0	0
2	86527559	2_86527559_C_A	C	A	6665	5748	6594	5748	0	0	NA	0	0	0	0
2	97012046	2_97012046_G_A	G	A	6305	5629	6252	5629	0	0	NA	0	0	0	0
2	107578844	2_107578844_T_G	T	G	7027	6079	6979	6079	0	0	NA	0	0	0	0
2	108735454	2_108735454_C_T	C	T	6425	6042	6347	6042	0	0	NA	0	0	0	0
2	118454885	2_118454885_G_T	G	T	6498	6006	6438	6006	0	0	NA	1	0	0	0
2	118493851	2_118493851_T_G	T	G	7142	6468	7093	6468	0	0	NA	0	0	0	0
2	119564471	2_119564471_A_G	A	G	6653	5590	6565	5590	0	0	NA	0	0	0	0
2	121520985	2_121520985_G_A	G	A	7102	5963	7013	5963	0	0	NA	0	0	0	0
2	122015792	2_122015792_T_G	T	G	6623	5549	6537	5549	0	0	NA	0	0	0	0
2	122204454	2_122204454_C_T	C	T	7075	5886	7010	5886	0	0	NA	0	0	0	0
2	130250375	2_130250375_A_T	A	T	6611	5390	6540	5390	0	0	NA	0	0	0	0
2	134471074	2_134471074_T_A	T	A	6839	6090	6786	6090	0	0	NA	0	0	0	0
2	134666505	2_134666505_G_T	G	T	6297	3125	6257	3125	0	0	NA	0	0	0	0
2	139278187	2_139278187_C_A	C	A	7066	6036	6990	6036	0	0	NA	0	0	0	0
2	142323580	2_142323580_G_A	G	A	5580	4774	5523	4774	0	0	NA	0	0	0	0
2	146136746	2_146136746_A_G	A	G	7431	6598	7391	6598	0	0	NA	0	0	0	0
2	158399210	2_158399210_C_T	C	T	6997	6104	6926	6104	0	0	NA	0	0	0	0
2	168441728	2_168441728_A_C	A	C	6971	6006	6909	6006	0	0	NA	0	0	0	0
2	174019478	2_174019478_T_A	T	A	6616	6245	6557	6245	0	0	NA	0	0	0	0
2	182819712	2_182819712_C_A	C	A	7131	6208	7038	6208	0	0	NA	1	0	0	0
2	183503445	2_183503445_T_G	T	G	6692	5619	6583	5619	0	0	NA	0	0	0	0
2	184339073	2_184339073_G_T	G	T	7184	6571	7112	6571	0	0	NA	0	0	0	0
2	193878984	2_193878984_C_A	C	A	6188	5293	6086	5293	0	0	NA	1	0	0	0
2	194544797	2_194544797_A_C	A	C	7140	5860	7084	5860	0	0	NA	0	0	0	0
2	197272666	2_197272666_A_T	A	T	6999	6279	6940	6279	0	0	NA	0	0	0	0
2	197795040	2_197795040_T_G	T	G	6931	5934	6872	5934	0	0	NA	0	0	0	0
2	198567165	2_198567165_G_A	G	A	6419	5299	6307	5299	0	0	NA	2	2	2	2
2	212812319	2_212812319_T_C	T	C	7516	6424	7450	6424	0	0	NA	0	0	0	0
2	218513812	2_218513812_T_G	T	G	7296	6024	7253	6024	0	0	NA	0	0	0	0
2	219601147	2_219601147_G_C	G	C	7109	5964	7053	5964	0	0	NA	1	0	0	0
2	220377100	2_220377100_A_T	A	T	5615	4828	5593	4828	0	0	NA	0	0	0	0
2	220461500	2_220461500_A_C	A	C	6833	5677	6750	5677	0	0	NA	1	0	0	0
2	222939020	2_222939020_A_C	A	C	6952	6179	6856	6179	0	0	NA	0	0	0	0
2	224223538	2_224223538_A_T	A	T	7528	6470	7448	6470	0	0	NA	0	0	0	0
2	229141342	2_229141342_C_T	C	T	6704	6062	6656	6062	0	0	NA	0	0	0	0
2	229639775	2_229639775_A_T	A	T	7240	6225	7200	6225	0	0	NA	0	0	0	0
2	231023016	2_231023016_T_G	T	G	6314	5187	6213	5187	0	0	NA	0	0	0	0
2	232476957	2_232476957_T_G	T	G	6754	5505	6704	5505	0	0	NA	0	0	0	0
2	239918629	2_239918629_G_C	G	C	6639	5435	6549	5435	0	0	NA	0	0	0	0
2	241686011	2_241686011_C_G	C	G	6352	5301	6302	5301	0	0	NA	0	0	0	0
2	242407561	2_242407561_A_C	A	C	6437	5257	6389	5257	0	0	NA	0	0	0	0
3	2655649	3_2655649_C_T	C	T	7247	6242	7152	6242	0	0	NA	0	1	1	1
3	3481737	3_3481737_A_C	A	C	6084	5458	6031	5458	0	0	NA	0	0	0	0
3	4454944	3_4454944_C_A	C	A	6605	5429	6514	5429	0	0	NA	1	0	0	0
3	5431118	3_5431118_A_G	A	G	6520	5914	6488	5914	0	0	NA	0	0	0	0
3	6364399	3_6364399_G_T	G	T	7416	6294	7358	6294	0	0	NA	0	0	0	0
3	6739568	3_6739568_G_T	G	T	5519	3668	5435	3668	0	0	NA	0	0	0	0
3	7116997	3_7116997_G_T	G	T	7228	6132	7174	6132	0	0	NA	1	0	0	0
3	8908273	3_8908273_G_T	G	T	7115	5683	7051	5683	0	0	NA	0	0	0	0
3	11059040	3_11059040_A_C	A	C	6013	4799	5947	4799	0	0	NA	0	0	0	0
3	11548259	3_11548259_T_G	T	G	6223	5012	6122	5012	0	0	NA	0	0	0	0
3	18801483	3_18801483_A_T	A	T	7141	5269	7069	5269	0	0	NA	0	0	0	0
3	20832859	3_20832859_C_T	C	T	7007	5877	6955	5877	0	0	NA	0	0	0	0
3	22182742	3_22182742_C_A	C	A	6434	5526	6340	5526	0	0	NA	0	0	0	0
3	24448583	3_24448583_A_T	A	T	7185	5948	7145	5948	0	0	NA	1	1	0	0
3	36081146	3_36081146_T_G	T	G	7055	6445	7021	6445	0	0	NA	0	0	0	0
3	39153219	3_39153219_G_A	G	A	6549	5961	6436	5926	41	35	NA	0	61	55	55
3	44622318	3_44622318_C_T	C	T	6243	5143	6196	5143	0	0	NA	0	1	1	1
3	46201414	3_46201414_C_A	C	A	6978	5819	6861	5819	0	0	NA	0	0	0	0
3	48004974	3_48004974_A_G	A	G	7283	6207	7231	6207	0	0	NA	0	0	0	0
3	48242075	3_48242075_C_A	C	A	6602	5666	6507	5666	0	0	NA	1	0	0	0
3	49899893	3_49899893_G_T	G	T	6466	5271	6385	5271	0	0	NA	0	0	0	0
3	50239486	3_50239486_G_A	G	A	6649	5490	6563	5490	0	0	NA	0	0	0	0
3	52034362	3_52034362_T_A	T	A	7168	6150	7100	6150	0	0	NA	0	0	0	0
3	55348013	3_55348013_C_T	C	T	3238	2692	3186	2692	0	0	NA	0	0	0	0
3	57476205	3_57476205_G_A	G	A	6715	6155	6485	6013	157	142	NA	1	252	232	232
3	65815010	3_65815010_A_G	A	G	6783	5775	6702	5775	0	0	NA	1	0	0	0
3	77202639	3_77202639_A_G	A	G	6489	6001	6441	6001	0	0	NA	0	0	0	0
3	77635185	3_77635185_C_T	C	T	6910	5768	6804	5768	0	0	NA	0	0	0	0
3	80671586	3_80671586_T_A	T	A	6803	5500	6731	5500	1	0	NA	1	1	0	0
3	86193176	3_86193176_A_C	A	C	6948	5925	6795	5925	0	0	NA	0	0	0	0
3	87185026	3_87185026_A_T	A	T	6934	6379	6869	6379	0	0	NA	0	0	0	0
3	99656729	3_99656729_T_G	T	G	6234	5441	6189	5441	0	0	NA	1	0	0	0
3	104110043	3_104110043_T_A	T	A	6918	5662	6860	5662	0	0	NA	0	1	0	0
3	107709495	3_107709495_C_T	C	T	6934	5772	6851	5772	0	0	NA	2	1	0	0
3	110108593	3_110108593_G_T	G	T	6129	5391	6032	5391	0	0	NA	0	0	0	0
3	111062874	3_111062874_A_G	A	G	6560	5701	6494	5701	0	0	NA	0	0	0	0
3	111960500	3_111960500_C_A	C	A	7270	6092	7192	6092	0	0	NA	1	0	0	0
3	122042258	3_122042258_T_G	T	G	7037	6059	6983	6059	0	0	NA	1	0	0	0
3	127600470	3_127600470_A_T	A	T	6984	6004	6898	6004	0	0	NA	1	0	0	0
3	132612028	3_132612028_C_A	C	A	6521	5865	6457	5865	0	0	NA	1	0	0	0
3	137543807	3_137543807_A_T	A	T	6919	5919	6859	5919	0	0	NA	0	0	0	0
3	139961329	3_139961329_T_G	T	G	6996	6211	6961	6211	0	0	NA	0	0	0	0
3	147829145	3_147829145_A_G	A	G	6885	6471	6868	6471	0	0	NA	0	0	0	0
3	151360465	3_151360465_C_G	C	G	6949	6071	6847	6064	7	7	NA	1	18	17	17
3	161926144	3_161926144_A_T	A	T	7138	5886	7044	5886	0	0	NA	0	0	0	0
3	162131169	3_162131169_G_A	G	A	6692	6101	6615	6101	0	0	NA	0	0	0	0
3	162715186	3_162715186_A_G	A	G	6461	5884	6391	5884	0	0	NA	0	0	0	0
3	163817718	3_163817718_G_A	G	A	7192	6134	7137	6133	1	1	NA	0	1	1	1
3	172463983	3_172463983_G_T	G	T	6923	6029	6842	6029	0	0	NA	1	0	0	0
3	184374312	3_184374312_C_A	C	A	6227	5131	6158	5131	0	0	NA	0	0	0	0
3	184986533	3_184986533_C_T	C	T	7298	6069	7211	6069	0	0	NA	1	0	0	0
3	189830611	3_189830611_G_A	G	A	5375	4397	5315	4397	0	0	NA	0	0	0	0
3	192778897	3_192778897_G_A	G	A	5930	5136	5844	5136	0	0	NA	4	0	0	0
4	6025569	4_6025569_G_A	G	A	6566	5122	6477	5122	0	0	NA	0	0	0	0
4	8400687	4_8400687_C_T	C	T	6728	5625	6615	5625	0	0	NA	0	1	1	1
4	10430463	4_10430463_C_A	C	A	6866	5589	6759	5589	0	0	NA	1	0	0	0
4	11109757	4_11109757_C_T	C	T	6863	5770	6795	5770	0	0	NA	0	0	0	0
4	13990778	4_13990778_C_G	C	G	6888	5922	6817	5922	0	0	NA	0	0	0	0
4	15921095	4_15921095_C_T	C	T	6682	5622	6594	5621	2	1	NA	1	3	2	2
4	21518847	4_21518847_T_A	T	A	6897	6216	6841	6216	0	0	NA	0	0	0	0
4	34890633	4_34890633_G_A	G	A	6534	5887	6474	5887	0	0	NA	0	0	0	0
4	35660657	4_35660657_A_T	A	T	7256	6394	7183	6394	0	0	NA	0	0	0	0
4	39266166	4_39266166_T_G	T	G	7092	6021	7033	6021	0	0	NA	0	0	0	0
4	45668029	4_45668029_C_T	C	T	7069	5721	7005	5721	0	0	NA	0	0	0	0
4	53557857	4_53557857_C_T	C	T	7063	5786	6974	5786	0	0	NA	0	0	0	0
4	56720662	4_56720662_G_A	G	A	6754	6119	6678	6119	0	0	NA	1	0	0	0
4	57687498	4_57687498_T_A	T	A	6629	5415	6560	5415	0	0	NA	0	0	0	0
4	73271446	4_73271446_A_G	A	G	7136	6340	7104	6340	0	0	NA	0	0	0	0
4	75781819	4_75781819_T_C	T	C	6355	5972	6315	5972	0	0	NA	0	0	0	0
4	76245917	4_76245917_A_G	A	G	6489	5927	6455	5927	0	0	NA	0	0	0	0
4	76640807	4_76640807_T_A	T	A	6947	5968	6892	5968	0	0	NA	0	0	0	0
4	82425935	4_82425935_T_A	T	A	6391	5608	6354	5608	0	0	NA	1	0	0	0
4	92165950	4_92165950_G_T	G	T	7020	6262	6939	6262	0	0	NA	1	0	0	0
4	93104723	4_93104723_C_T	C	T	6882	5601	6785	5601	0	0	NA	0	0	0	0
4	98014294	4_98014294_A_C	A	C	6160	5888	6119	5888	0	0	NA	0	0	0	0
4	98499491	4_98499491_C_A	C	A	5662	5031	5547	5031	0	0	NA	2	0	0	0
4	100383293	4_100383293_C_A	C	A	6770	6115	6683	6115	0	0	NA	0	0	0	0
4	104280566	4_104280566_A_C	A	C	6587	5790	6525	5790	0	0	NA	1	0	0	0
4	105514329	4_105514329_C_A	C	A	7156	5734	7066	5734	0	0	NA	0	0	0	0
4	105775621	4_105775621_C_G	C	G	7665	6452	7589	6452	0	0	NA	0	0	0	0
4	115133225	4_115133225_A_G	A	G	7142	6468	7096	6468	0	0	NA	0	0	0	0
4	115994265	4_115994265_T_C	T	C	7155	6239	7069	6239	0	0	NA	0	0	0	0
4	116937259	4_116937259_G_A	G	A	7144	6005	7049	6005	0	0	NA	0	0	0	0
4	117358483	4_117358483_G_A	G	A	7117	6165	7029	6165	0	0	NA	0	0	0	0
4	124440759	4_124440759_C_A	C	A	7270	6259	7173	6258	0	0	NA	0	0	0	0
4	124623230	4_124623230_T_G	T	G	6704	5484	6636	5484	0	0	NA	1	0	0	0
4	136519577	4_136519577_T_A	T	A	7210	6368	7165	6368	0	0	NA	0	0	0	0
4	143244326	4_143244326_C_T	C	T	6802	6003	6734	6003	0	0	NA	1	0	0	0
4	157313818	4_157313818_C_T	C	T	7279	6283	7187	6283	0	0	NA	1	1	1	1
4	157919089	4_157919089_C_A	C	A	6409	5571	6344	5571	0	0	NA	1	0	0	0
4	162645782	4_162645782_G_T	G	T	6951	6509	6879	6509	0	0	NA	1	0	0	0
4	166228111	4_166228111_A_T	A	T	6553	5840	6507	5840	0	0	NA	0	0	0	0
4	168392502	4_168392502_T_C	T	C	7459	6530	7397	6530	0	0	NA	1	0	0	0
4	171096060	4_171096060_T_C	T	C	5726	5180	5697	5180	0	0	NA	0	0	0	0
4	182618316	4_182618316_A_T	A	T	6925	5760	6854	5760	0	0	NA	2	0	0	0
4	184023930	4_184023930_T_G	T	G	5284	4278	5246	4278	0	0	NA	0	0	0	0
4	187278413	4_187278413_A_G	A	G	6758	5828	6728	5828	0	0	NA	0	0	0	0
4	187406794	4_187406794_A_G	A	G	4306	3608	4281	3608	0	0	NA	0	0	0	0
4	188867161	4_188867161_T_G	T	G	6917	5495	6775	5495	0	0	NA	0	0	0	0
4	189464538	4_189464538_T_A	T	A	7495	6438	7441	6438	0	0	NA	0	0	0	0
5	1296537	5_1296537_C_A	C	A	6679	5498	6589	5498	0	0	NA	0	1	0	0
5	3010518	5_3010518_A_G	A	G	6276	5527	6232	5527	0	0	NA	0	0	0	0
5	4146148	5_4146148_G_A	G	A	7156	5926	7073	5926	0	0	NA	1	0	0	0
5	27640647	5_27640647_A_T	A	T	6343	5466	6265	5466	0	0	NA	0	0	0	0
5	28674153	5_28674153_C_T	C	T	5956	5546	5904	5546	0	0	NA	0	0	0	0
5	36797002	5_36797002_A_G	A	G	7182	6205	7124	6205	0	0	NA	1	0	0	0
5	51150475	5_51150475_T_C	T	C	7224	6210	7156	6210	0	0	NA	1	0	0	0
5	56047091	5_56047091_T_A	T	A	7269	6331	7191	6331	0	0	NA	1	0	0	0
5	67739697	5_67739697_A_G	A	G	6498	5825	6465	5825	0	0	NA	1	0	0	0
5	75800246	5_75800246_C_A	C	A	6566	5670	6498	5670	0	0	NA	1	0	0	0
5	82640854	5_82640854_T_G	T	G	7090	6111	7034	6111	0	0	NA	0	0	0	0
5	85484766	5_85484766_T_G	T	G	7425	6281	7280	6281	0	0	NA	2	0	0	0
5	87313245	5_87313245_T_C	T	C	6895	5726	6856	5726	0	0	NA	0	0	0	0
5	90903943	5_90903943_T_C	T	C	7431	6327	7372	6327	0	0	NA	0	0	0	0
5	98169414	5_98169414_A_C	A	C	7260	5991	7208	5991	0	0	NA	1	0	0	0
5	101944816	5_101944816_G_T	G	T	6596	5718	6536	5718	0	0	NA	1	0	0	0
5	103195471	5_103195471_C_G	C	G	6790	6010	6684	6010	0	0	NA	0	0	0	0
5	103863840	5_103863840_A_G	A	G	6614	6193	6589	6193	0	0	NA	0	0	0	0
5	104955357	5_104955357_C_G	C	G	6928	5937	6869	5937	0	0	NA	0	0	0	0
5	107056313	5_107056313_A_C	A	C	6802	6022	6766	6022	0	0	NA	0	0	0	0
5	107507814	5_107507814_T_C	T	C	6159	5633	6096	5633	0	0	NA	1	0	0	0
5	112403437	5_112403437_G_A	G	A	6972	5874	6913	5874	0	0	NA	0	0	0	0
5	119050558	5_119050558_T_C	T	C	6159	5958	6133	5958	0	0	NA	0	0	0	0
5	123158002	5_123158002_C_A	C	A	6549	6100	6495	6100	0	0	NA	0	0	0	0
5	126370888	5_126370888_C_A	C	A	6397	5953	6338	5953	0	0	NA	0	0	0	0
5	127616023	5_127616023_A_C	A	C	6199	5700	6155	5700	0	0	NA	1	0	0	0
5	138476339	5_138476339_A_C	A	C	7159	6010	7082	6010	0	0	NA	0	0	0	0
5	139119223	5_139119223_C_A	C	A	6963	5606	6894	5606	0	0	NA	0	0	0	0
5	139276014	5_139276014_T_G	T	G	7016	6101	6948	6101	0	0	NA	1	0	0	0
5	143651878	5_143651878_A_G	A	G	6123	5202	6071	5202	0	0	NA	0	0	0	0
5	149891288	5_149891288_A_T	A	T	5555	4541	5518	4541	0	0	NA	0	0	0	0
5	152093763	5_152093763_T_A	T	A	6700	6166	6667	6166	0	0	NA	0	0	0	0
5	153543372	5_153543372_G_T	G	T	7054	5842	6979	5842	0	0	NA	0	0	0	0
5	153616474	5_153616474_T_A	T	A	6942	5814	6873	5814	0	0	NA	0	0	0	0
5	160395205	5_160395205_C_A	C	A	6856	5671	6789	5671	0	0	NA	0	0	0	0
5	164017056	5_164017056_C_A	C	A	6359	5899	6293	5899	0	0	NA	0	0	0	0
5	166385410	5_166385410_G_T	G	T	6856	6221	6785	6221	0	0	NA	0	0	0	0
5	169832584	5_169832584_T_A	T	A	6818	5543	6758	5543	0	0	NA	0	0	0	0
5	172629977	5_172629977_G_A	G	A	6671	5613	6576	5613	0	0	NA	1	0	0	0
5	174248467	5_174248467_A_T	A	T	7073	6028	7009	6028	0	0	NA	0	0	0	0
5	174290537	5_174290537_T_A	T	A	6734	6067	6705	6067	0	0	NA	0	0	0	0
6	879921	6_879921_A_G	A	G	6980	5749	6869	5749	0	0	NA	0	1	0	0
6	4050001	6_4050001_A_C	A	C	7235	5815	7165	5815	0	0	NA	0	0	0	0
6	4775401	6_4775401_T_G	T	G	6493	5310	6410	5310	0	0	NA	0	0	0	0
6	6757023	6_6757023_C_G	C	G	6267	5247	6190	5247	0	0	NA	0	0	0	0
6	7860632	6_7860632_G_T	G	T	6870	5816	6758	5816	0	0	NA	0	0	0	0
6	10366905	6_10366905_G_T	G	T	5780	4617	5696	4617	0	0	NA	1	0	0	0
6	10452396	6_10452396_T_G	T	G	6686	5330	6614	5330	0	0	NA	1	0	0	0
6	10490462	6_10490462_C_A	C	A	6659	5495	6602	5495	0	0	NA	0	0	0	0
6	11260808	6_11260808_G_C	G	C	7758	6570	7679	6570	0	0	NA	0	0	0	0
6	16052637	6_16052637_G_A	G	A	6694	5833	6636	5833	0	0	NA	0	0	0	0
6	21859765	6_21859765_T_C	T	C	7352	6098	7296	6098	0	0	NA	2	0	0	0
6	23029108	6_23029108_A_T	A	T	7277	6198	7201	6198	0	0	NA	0	0	0	0
6	24604698	6_24604698_A_G	A	G	6952	6038	6892	6038	0	0	NA	0	0	0	0
6	27216939	6_27216939_T_G	T	G	4687	3940	4624	3940	0	0	NA	0	0	0	0
6	33920640	6_33920640_C_T	C	T	6906	5731	6853	5731	0	0	NA	0	0	0	0
6	39832249	6_39832249_A_T	A	T	6140	4954	6085	4954	0	0	NA	0	0	0	0
6	40728716	6_40728716_A_T	A	T	6899	5835	6828	5835	0	0	NA	0	0	0	0
6	48984385	6_48984385_A_G	A	G	7002	6235	6961	6235	0	0	NA	1	0	0	0
6	49206211	6_49206211_G_T	G	T	6549	5380	6480	5380	0	0	NA	1	0	0	0
6	50992223	6_50992223_A_T	A	T	6484	5748	6443	5748	0	0	NA	0	0	0	0
6	51438197	6_51438197_C_A	C	A	6486	5693	6404	5693	0	0	NA	0	0	0	0
6	54050801	6_54050801_A_T	A	T	7482	6136	7435	6136	0	0	NA	0	0	0	0
6	66449320	6_66449320_A_T	A	T	6938	6237	6859	6237	0	0	NA	0	0	0	0
6	68164286	6_68164286_T_A	T	A	7235	6360	7177	6360	0	0	NA	0	0	0	0
6	68718712	6_68718712_T_C	T	C	5988	5196	5945	5196	0	0	NA	0	0	0	0
6	76460867	6_76460867_C_T	C	T	7013	5900	6935	5900	0	0	NA	1	0	0	0
6	83924138	6_83924138_T_A	T	A	7096	6265	7025	6265	0	0	NA	0	0	0	0
6	87095029	6_87095029_A_G	A	G	6462	5975	6424	5975	0	0	NA	1	0	0	0
6	92901229	6_92901229_T_C	T	C	6605	5793	6565	5793	0	0	NA	0	0	0	0
6	97804726	6_97804726_G_T	G	T	7233	6083	7162	6083	0	0	NA	0	0	0	0
6	100665110	6_100665110_C_T	C	T	6589	5790	6512	5790	0	0	NA	1	0	0	0
6	102040194	6_102040194_T_G	T	G	6723	5953	6664	5953	0	0	NA	0	0	0	0
6	107292935	6_107292935_T_C	T	C	7260	6006	7211	6006	0	0	NA	0	0	0	0
6	110995600	6_110995600_G_A	G	A	7368	6198	7311	6198	0	0	NA	0	0	0	0
6	113744319	6_113744319_C_A	C	A	6872	5657	6791	5657	0	0	NA	0	0	0	0
6	113905369	6_113905369_G_A	G	A	7141	6078	7035	6078	0	0	NA	0	0	0	0
6	118061055	6_118061055_G_A	G	A	6561	5388	6479	5388	0	0	NA	2	0	0	0
6	118251014	6_118251014_G_C	G	C	7276	6221	7201	6221	0	0	NA	0	0	0	0
6	124331344	6_124331344_A_T	A	T	7090	6135	7024	6135	0	0	NA	0	0	0	0
6	130746974	6_130746974_T_A	T	A	6835	6027	6768	6027	0	0	NA	0	0	0	0
6	134306059	6_134306059_A_C	A	C	6024	5433	5963	5433	0	0	NA	0	0	0	0
6	135848421	6_135848421_G_A	G	A	6882	5794	6796	5794	0	0	NA	0	1	0	0
6	136813391	6_136813391_C_A	C	A	6959	6528	6897	6528	0	0	NA	1	0	0	0
6	142191238	6_142191238_T_G	T	G	7140	6309	7087	6309	0	0	NA	0	0	0	0
6	142360035	6_142360035_A_T	A	T	6849	6145	6790	6145	0	0	NA	0	0	0	0
6	158913727	6_158913727_A_C	A	C	7203	6154	7132	6154	0	0	NA	0	0	0	0
6	166162109	6_166162109_C_A	C	A	6571	5815	6498	5815	0	0	NA	2	0	0	0
6	168062441	6_168062441_G_C	G	C	6554	5379	6483	5379	0	0	NA	0	0	0	0
6	168841381	6_168841381_A_G	A	G	5689	5065	5620	5065	0	0	NA	0	0	0	0
6	169492582	6_169492582_G_A	G	A	7306	5964	7235	5964	0	0	NA	0	0	0	0
7	500048	7_500048_C_A	C	A	6504	5445	6457	5445	0	0	NA	0	0	0	0
7	4888096	7_4888096_T_G	T	G	6379	5432	6315	5432	0	0	NA	2	0	0	0
7	8982929	7_8982929_G_T	G	T	7131	6328	7093	6328	0	0	NA	0	0	0	0
7	9583642	7_9583642_T_A	T	A	6946	5538	6878	5538	0	0	NA	0	0	0	0
7	12853903	7_12853903_A_T	A	T	6572	5565	6504	5565	0	0	NA	0	0	0	0
7	20868437	7_20868437_T_A	T	A	6822	5595	6775	5595	0	0	NA	0	0	0	0
7	31766053	7_31766053_G_T	G	T	6316	5589	6230	5589	0	0	NA	0	0	0	0
7	34940399	7_34940399_C_T	C	T	6807	5737	6666	5737	0	0	NA	2	0	0	0
7	47499897	7_47499897_A_C	A	C	6378	3029	6318	3029	0	0	NA	1	0	0	0
7	50858490	7_50858490_T_G	T	G	6822	5815	6775	5815	0	0	NA	0	0	0	0
7	51177090	7_51177090_C_G	C	G	6728	5589	6670	5589	0	0	NA	0	0	0	0
7	53447188	7_53447188_A_T	A	T	6480	5631	6413	5631	0	0	NA	0	0	0	0
7	56096407	7_56096407_T_G	T	G	7287	6288	7230	6288	0	0	NA	0	0	0	0
7	67241282	7_67241282_C_A	C	A	6770	5728	6693	5728	0	0	NA	0	0	0	0
7	83393466	7_83393466_T_C	T	C	7398	6366	7356	6366	0	0	NA	0	0	0	0
7	101622061	7_101622061_G_A	G	A	6709	5492	6613	5492	0	0	NA	0	0	0	0
7	112813226	7_112813226_A_C	A	C	6398	5248	6318	5248	0	0	NA	0	0	0	0
7	121008463	7_121008463_A_C	A	C	6913	6036	6840	6036	0	0	NA	0	0	0	0
7	122335072	7_122335072_C_A	C	A	7495	6297	7396	6297	0	0	NA	0	0	0	0
7	125841971	7_125841971_G_A	G	A	6249	5654	6193	5654	0	0	NA	0	0	0	0
7	128513048	7_128513048_G_T	G	T	6333	5377	6285	5377	0	0	NA	1	0	0	0
7	131670592	7_131670592_T_A	T	A	6888	5933	6837	5933	0	0	NA	0	0	0	0
7	131736243	7_131736243_T_A	T	A	6976	5755	6928	5755	0	0	NA	0	0	0	0
7	131838304	7_131838304_C_T	C	T	6649	5433	6561	5433	0	0	NA	0	0	0	0
7	133775865	7_133775865_A_T	A	T	6781	5770	6727	5770	0	0	NA	0	0	0	0
7	135397378	7_135397378_G_C	G	C	6985	5765	6931	5765	0	0	NA	0	0	0	0
7	137514255	7_137514255_G_T	G	T	7081	6150	6991	6150	0	0	NA	2	0	0	0
7	140595384	7_140595384_C_A	C	A	6968	6450	6885	6450	0	0	NA	0	0	0	0
7	141478576	7_141478576_C_A	C	A	7187	5653	7113	5653	0	0	NA	0	0	0	0
7	142020925	7_142020925_T_A	T	A	6910	5800	6833	5800	0	0	NA	0	0	0	0
7	144669235	7_144669235_A_C	A	C	7213	6307	7181	6307	0	0	NA	0	0	0	0
7	146214756	7_146214756_A_G	A	G	6486	5623	6430	5623	0	0	NA	0	0	0	0
7	146804545	7_146804545_A_G	A	G	6833	5893	6775	5893	0	0	NA	2	0	0	0
7	148043056	7_148043056_A_C	A	C	6023	4957	5960	4957	0	0	NA	0	0	0	0
7	155700289	7_155700289_T_C	T	C	6698	5501	6650	5501	0	0	NA	1	0	0	0
7	156213996	7_156213996_T_A	T	A	7042	5876	6966	5876	0	0	NA	0	0	0	0
7	157056652	7_157056652_A_G	A	G	5537	4487	5467	4487	0	0	NA	2	1	1	1
8	1490445	8_1490445_C_T	C	T	7174	6021	7079	6021	0	0	NA	3	0	0	0
8	4763486	8_4763486_T_A	T	A	6150	4537	6121	4537	0	0	NA	0	0	0	0
8	5032027	8_5032027_C_T	C	T	6294	5697	6207	5697	0	0	NA	0	0	0	0
8	6025103	8_6025103_G_A	G	A	7526	6357	7428	6357	0	0	NA	1	0	0	0
8	6331972	8_6331972_A_T	A	T	6495	5496	6430	5496	0	0	NA	0	0	0	0
8	9149938	8_9149938_A_G	A	G	6858	6303	6810	6303	0	0	NA	0	0	0	0
8	10547586	8_10547586_C_G	C	G	5951	5439	5909	5439	0	0	NA	0	0	0	0
8	11460008	8_11460008_C_G	C	G	6730	5736	6671	5736	0	0	NA	0	0	0	0
8	13411413	8_13411413_T_A	T	A	6542	5617	6504	5617	0	0	NA	0	0	0	0
8	16395522	8_16395522_G_T	G	T	6333	4945	6277	4945	0	0	NA	0	0	0	0
8	20188230	8_20188230_G_T	G	T	6394	5332	6319	5332	0	0	NA	0	0	0	0
8	21348884	8_21348884_C_A	C	A	6700	5382	3380	2828	3265	2554	NA	2	4957	3966	3966
8	25500203	8_25500203_C_G	C	G	7027	5703	6953	5703	0	0	NA	0	0	0	0
8	29267582	8_29267582_C_T	C	T	7194	6205	7116	6205	0	0	NA	0	0	0	0
8	41274023	8_41274023_A_C	A	C	6715	5925	6660	5925	0	0	NA	0	0	0	0
8	41836223	8_41836223_A_G	A	G	7246	5956	7169	5956	0	0	NA	0	0	0	0
8	42345351	8_42345351_C_A	C	A	7030	5820	6931	5820	0	0	NA	0	0	0	0
8	47587498	8_47587498_A_G	A	G	6003	5551	5962	5551	0	0	NA	0	0	0	0
8	48555400	8_48555400_G_T	G	T	6824	5990	6745	5990	0	0	NA	0	0	0	0
8	57196388	8_57196388_T_A	T	A	6694	5677	6656	5677	0	0	NA	0	0	0	0
8	57781833	8_57781833_G_A	G	A	6935	5775	6830	5775	0	0	NA	1	0	0	0
8	60531005	8_60531005_A_T	A	T	6145	5571	6093	5571	0	0	NA	0	0	0	0
8	60739495	8_60739495_A_G	A	G	7129	6159	7064	6159	0	0	NA	0	0	0	0
8	65572967	8_65572967_T_C	T	C	6702	6037	6650	6037	0	0	NA	0	0	0	0
8	71784260	8_71784260_A_T	A	T	6390	5644	6311	5644	0	0	NA	0	0	0	0
8	73402914	8_73402914_G_T	G	T	7261	6427	7184	6427	0	0	NA	0	0	0	0
8	73866723	8_73866723_C_T	C	T	6899	5997	6809	5997	0	0	NA	0	0	0	0
8	96212906	8_96212906_C_T	C	T	6724	5470	6634	5470	0	0	NA	2	0	0	0
8	96865887	8_96865887_A_G	A	G	6495	5870	6439	5870	0	0	NA	0	0	0	0
8	98921583	8_98921583_C_A	C	A	6968	5980	6893	5980	0	0	NA	0	0	0	0
8	100150272	8_100150272_G_T	G	T	7006	5849	6914	5849	0	0	NA	3	0	0	0
8	102504150	8_102504150_C_A	C	A	6847	5816	6747	5816	0	0	NA	1	0	0	0
8	102806248	8_102806248_A_C	A	C	7196	6003	7119	6003	0	0	NA	1	0	0	0
8	103209034	8_103209034_A_T	A	T	7013	5845	6940	5845	0	0	NA	0	0	0	0
8	108110045	8_108110045_T_C	T	C	4508	3645	4465	3645	0	0	NA	1	0	0	0
8	108924465	8_108924465_T_G	T	G	6786	5823	6741	5823	0	0	NA	0	0	0	0
8	109715833	8_109715833_C_A	C	A	7261	6406	7193	6406	0	0	NA	0	0	0	0
8	110506585	8_110506585_C_T	C	T	7110	6407	7039	6407	0	0	NA	1	0	0	0
8	112547080	8_112547080_T_C	T	C	6378	5599	6341	5599	0	0	NA	0	0	0	0
8	115773698	8_115773698_T_C	T	C	6992	6461	6936	6461	0	0	NA	0	0	0	0
8	117305057	8_117305057_C_T	C	T	6546	5951	6418	5951	0	0	NA	0	0	0	0
8	117873370	8_117873370_T_C	T	C	6652	6173	6598	6173	0	0	NA	0	0	0	0
8	119262343	8_119262343_A_C	A	C	5993	5543	5951	5543	0	0	NA	0	0	0	0
8	127190737	8_127190737_T_A	T	A	6463	5747	6418	5747	0	0	NA	1	0	0	0
8	129641811	8_129641811_G_A	G	A	6513	5921	6446	5921	0	0	NA	1	0	0	0
8	130965834	8_130965834_G_T	G	T	6716	5393	6640	5393	0	0	NA	0	0	0	0
8	133074397	8_133074397_G_A	G	A	7055	6054	6965	6054	0	0	NA	0	0	0	0
8	135016683	8_135016683_G_T	G	T	4202	3004	4134	3004	0	0	NA	1	0	0	0
8	142094727	8_142094727_A_T	A	T	6294	5051	6247	5051	0	0	NA	0	0	0	0
8	143229697	8_143229697_A_G	A	G	6272	4173	6192	4173	0	0	NA	0	0	0	0
9	998187	9_998187_C_G	C	G	6656	5913	6574	5913	0	0	NA	0	0	0	0
9	4997771	9_4997771_A_T	A	T	6953	6292	6911	6292	0	0	NA	0	0	0	0
9	5270351	9_5270351_A_G	A	G	6355	6111	6323	6111	0	0	NA	1	0	0	0
9	7189135	9_7189135_C_A	C	A	7024	6059	6950	6059	0	0	NA	0	0	0	0
9	26098813	9_26098813_G_T	G	T	6262	5703	6182	5703	0	0	NA	0	0	0	0
9	28842133	9_28842133_G_T	G	T	7378	6526	7328	6526	0	0	NA	0	0	0	0
9	32140321	9_32140321_G_T	G	T	6026	5625	5970	5625	0	0	NA	1	0	0	0
9	32569869	9_32569869_T_A	T	A	6163	5820	6131	5820	0	0	NA	0	0	0	0
9	37211302	9_37211302_G_T	G	T	7210	6368	7149	6368	0	0	NA	0	0	0	0
9	76748785	9_76748785_C_T	C	T	6738	5726	6683	5726	0	0	NA	1	0	0	0
9	85861739	9_85861739_C_A	C	A	7052	5978	6938	5977	1	1	NA	1	3	2	2
9	93104197	9_93104197_G_A	G	A	7408	6218	7339	6218	0	0	NA	0	0	0	0
9	101242534	9_101242534_T_A	T	A	6768	5675	6699	5675	0	0	NA	0	0	0	0
9	104608921	9_104608921_C_A	C	A	6932	6215	6858	6215	0	0	NA	0	0	0	0
9	105638623	9_105638623_G_A	G	A	6755	6113	6686	6113	0	0	NA	1	0	0	0
9	106264638	9_106264638_T_C	T	C	6988	6484	6957	6484	0	0	NA	1	0	0	0
9	109353695	9_109353695_A_C	A	C	6923	6006	6860	6006	0	0	NA	0	0	0	0
9	114935000	9_114935000_C_A	C	A	6651	5581	6613	5581	0	0	NA	0	0	0	0
9	116974519	9_116974519_C_G	C	G	7115	6062	7037	6062	0	0	NA	0	0	0	0
9	117853678	9_117853678_A_C	A	C	5731	5316	5700	5316	0	0	NA	0	0	0	0
9	118127525	9_118127525_T_C	T	C	6660	5383	6618	5383	0	0	NA	0	0	0	0
9	123346364	9_123346364_A_C	A	C	6761	5903	6709	5903	0	0	NA	0	0	0	0
9	125198953	9_125198953_A_G	A	G	6520	6086	6489	6086	0	0	NA	0	0	0	0
9	126582411	9_126582411_G_T	G	T	6806	5969	6729	5969	0	0	NA	0	0	0	0
9	130036641	9_130036641_A_C	A	C	7048	6026	7017	6026	0	0	NA	0	0	0	0
9	130129403	9_130129403_C_T	C	T	6740	5686	6654	5686	0	0	NA	0	0	0	0
9	133908568	9_133908568_C_T	C	T	6749	5846	6692	5846	0	0	NA	1	0	0	0
9	135325056	9_135325056_A_G	A	G	6678	5331	6592	5331	0	0	NA	0	0	0	0
9	136198301	9_136198301_G_A	G	A	6617	5377	6528	5377	0	0	NA	3	1	1	1
9	136328811	9_136328811_C_A	C	A	6604	5422	6545	5422	0	0	NA	1	0	0	0
10	14064517	10_14064517_T_A	T	A	6476	5531	6430	5531	0	0	NA	0	0	0	0
10	21282330	10_21282330_A_G	A	G	6837	6249	6775	6249	0	0	NA	0	0	0	0
10	24010226	10_24010226_A_C	A	C	6923	6036	6866	6036	0	0	NA	0	0	0	0
10	25869797	10_25869797_G_C	G	C	6406	4629	6354	4629	0	0	NA	0	0	0	0
10	35999532	10_35999532_T_A	T	A	7128	6179	7064	6179	0	0	NA	0	0	0	0
10	36630486	10_36630486_C_T	C	T	7201	6100	7121	6100	0	0	NA	0	0	0	0
10	38228504	10_38228504_T_G	T	G	6315	5611	6265	5611	0	0	NA	0	0	0	0
10	45211826	10_45211826_C_T	C	T	7357	6281	7256	6281	0	0	NA	2	0	0	0
10	56620919	10_56620919_C_T	C	T	6911	6532	6841	6532	0	0	NA	0	0	0	0
10	62112175	10_62112175_G_T	G	T	7341	6327	7288	6327	0	0	NA	0	0	0	0
10	63147465	10_63147465_A_T	A	T	6952	5808	6877	5808	0	0	NA	0	0	0	0
10	71401448	10_71401448_G_C	G	C	6452	5345	6372	5345	0	0	NA	0	0	0	0
10	77718107	10_77718107_G_A	G	A	6605	5943	6516	5943	0	0	NA	0	1	1	1
10	79331163	10_79331163_C_A	C	A	7165	5996	7068	5996	0	0	NA	0	0	0	0
10	80527762	10_80527762_T_A	T	A	7082	5906	7013	5906	0	0	NA	1	0	0	0
10	83046628	10_83046628_G_A	G	A	6774	5580	6684	5580	0	0	NA	1	0	0	0
10	83538872	10_83538872_A_G	A	G	7472	6323	7428	6323	0	0	NA	0	0	0	0
10	84560100	10_84560100_A_T	A	T	7193	6511	7147	6511	0	0	NA	0	0	0	0
10	86131837	10_86131837_T_A	T	A	7234	6030	7165	6030	0	0	NA	0	0	0	0
10	86883511	10_86883511_G_T	G	T	7014	6159	6954	6159	0	0	NA	0	0	0	0
10	94474138	10_94474138_C_A	C	A	7068	5980	6997	5980	0	0	NA	0	0	0	0
10	102624437	10_102624437_C_T	C	T	2697	2136	2671	2136	0	0	NA	0	0	0	0
10	104229735	10_104229735_C_A	C	A	6056	5580	6012	5580	0	0	NA	1	0	0	0
10	106351460	10_106351460_C_A	C	A	6756	6086	6672	6086	0	0	NA	0	0	0	0
10	110671676	10_110671676_C_A	C	A	6597	5597	6527	5597	0	0	NA	0	0	0	0
10	112159952	10_112159952_C_A	C	A	6791	5924	6703	5924	0	0	NA	1	0	0	0
10	117844041	10_117844041_T_G	T	G	6893	5539	6825	5539	0	0	NA	0	0	0	0
10	120293268	10_120293268_C_A	C	A	6615	5695	6508	5695	0	0	NA	0	0	0	0
10	125274037	10_125274037_A_T	A	T	6890	5746	6830	5746	0	0	NA	0	0	0	0
10	127218844	10_127218844_A_C	A	C	7019	5677	6842	5677	0	0	NA	0	0	0	0
10	135378051	10_135378051_A_G	A	G	7176	5990	7111	5990	0	0	NA	0	0	0	0
11	1722644	11_1722644_C_T	C	T	6454	5404	6409	5404	0	0	NA	0	0	0	0
11	6577997	11_6577997_T_A	T	A	7004	5799	6961	5799	0	0	NA	0	0	0	0
11	11058554	11_11058554_A_G	A	G	7396	6028	7352	6026	5	2	NA	0	9	4	4
11	14040205	11_14040205_T_A	T	A	7022	5776	6894	5776	0	0	NA	0	0	0	0
11	15716610	11_15716610_A_G	A	G	6675	6258	6627	6258	0	0	NA	0	0	0	0
11	15809146	11_15809146_T_G	T	G	7184	6010	7107	6010	0	0	NA	1	0	0	0
11	28921159	11_28921159_A_G	A	G	6214	5750	6152	5750	0	0	NA	1	0	0	0
11	29052222	11_29052222_A_C	A	C	6499	5392	6461	5392	0	0	NA	0	0	0	0
11	36315724	11_36315724_C_T	C	T	6999	5940	6921	5940	0	0	NA	2	0	0	0
11	37240542	11_37240542_G_T	G	T	6748	6101	6702	6101	0	0	NA	0	0	0	0
11	38360943	11_38360943_A_G	A	G	6742	6047	6682	6047	0	0	NA	0	0	0	0
11	40613600	11_40613600_A_G	A	G	7071	5998	7032	5998	0	0	NA	0	0	0	0
11	43471238	11_43471238_T_A	T	A	7321	6451	7262	6451	0	0	NA	0	0	0	0
11	47752029	11_47752029_G_A	G	A	7455	6625	7387	6625	0	0	NA	0	0	0	0
11	59091734	11_59091734_T_G	T	G	6939	6103	6870	6103	0	0	NA	0	0	0	0
11	61425656	11_61425656_C_G	C	G	6253	5581	6166	5581	0	0	NA	0	0	0	0
11	65312799	11_65312799_A_T	A	T	6092	5067	6041	5067	0	0	NA	0	0	0	0
11	65362764	11_65362764_T_G	T	G	6513	5386	6395	5386	0	0	NA	4	1	0	0
11	66264864	11_66264864_C_A	C	A	6469	5254	6398	5254	0	0	NA	1	0	0	0
11	69795429	11_69795429_C_A	C	A	6321	5677	6241	5677	0	0	NA	1	0	0	0
11	71118768	11_71118768_C_A	C	A	6454	5077	6373	5077	0	0	NA	0	0	0	0
11	71158875	11_71158875_C_T	C	T	6506	5321	6400	5321	0	0	NA	0	0	0	0
11	72287537	11_72287537_T_G	T	G	6060	5300	6014	5300	0	0	NA	0	0	0	0
11	74741630	11_74741630_A_T	A	T	6901	5801	6851	5801	0	0	NA	0	0	0	0
11	91083638	11_91083638_G_C	G	C	6336	5935	6261	5935	0	0	NA	0	0	0	0
11	97454681	11_97454681_G_A	G	A	6669	5458	6595	5458	0	0	NA	0	0	0	0
11	100316174	11_100316174_T_C	T	C	6977	6188	6932	6188	0	0	NA	0	0	0	0
11	101588958	11_101588958_G_A	G	A	7361	6026	7285	6026	0	0	NA	1	0	0	0
11	117888034	11_117888034_A_G	A	G	7405	6222	7312	6222	0	0	NA	0	0	0	0
11	120867811	11_120867811_A_G	A	G	6531	5926	6494	5926	0	0	NA	0	1	0	0
11	131804384	11_131804384_T_A	T	A	7002	6099	6889	6099	0	0	NA	0	0	0	0
11	134785247	11_134785247_G_A	G	A	6697	5415	6623	5412	3	3	NA	2	6	6	6
12	643045	12_643045_C_T	C	T	5301	4137	5264	4137	0	0	NA	0	0	0	0
12	5944758	12_5944758_T_A	T	A	7057	6226	6990	6226	0	0	NA	1	0	0	0
12	7278561	12_7278561_G_A	G	A	5702	4481	5634	4481	0	0	NA	0	0	0	0
12	11799586	12_11799586_T_G	T	G	7043	6278	7007	6278	0	0	NA	1	0	0	0
12	20513070	12_20513070_G_A	G	A	7148	6137	7088	6137	0	0	NA	0	0	0	0
12	21766985	12_21766985_A_T	A	T	7463	6404	7331	6372	38	32	NA	0	59	51	51
12	23330675	12_23330675_C_A	C	A	6978	6242	6917	6241	1	1	NA	0	1	1	1
12	25321084	12_25321084_A_T	A	T	6385	5558	6329	5558	0	0	NA	0	0	0	0
12	27858634	12_27858634_T_C	T	C	6894	5808	6824	5808	0	0	NA	0	0	0	0
12	31360019	12_31360019_C_T	C	T	6863	6047	6795	6047	0	0	NA	2	0	0	0
12	32600613	12_32600613_A_C	A	C	7562	6595	7510	6595	0	0	NA	1	0	0	0
12	33448115	12_33448115_C_T	C	T	6781	5902	6678	5902	0	0	NA	0	0	0	0
12	49022738	12_49022738_A_C	A	C	6994	5937	6938	5937	0	0	NA	1	0	0	0
12	50874684	12_50874684_A_T	A	T	6124	5065	6058	5065	0	0	NA	0	0	0	0
12	53166656	12_53166656_C_A	C	A	6952	5685	6887	5685	0	0	NA	1	0	0	0
12	53522710	12_53522710_T_G	T	G	6966	5668	6898	5668	0	0	NA	0	0	0	0
12	54967223	12_54967223_T_C	T	C	7263	6004	7199	6004	0	0	NA	0	0	0	0
12	59626296	12_59626296_A_G	A	G	7381	6269	7319	6269	0	0	NA	0	0	0	0
12	61994042	12_61994042_A_T	A	T	6877	5798	6795	5798	0	0	NA	0	0	0	0
12	63861934	12_63861934_T_A	T	A	7422	6326	7345	6326	0	0	NA	0	0	0	0
12	65026145	12_65026145_C_A	C	A	6737	5619	6654	5619	0	0	NA	0	0	0	0
12	72897156	12_72897156_G_A	G	A	7693	6627	7582	6627	0	0	NA	2	0	0	0
12	73168898	12_73168898_G_T	G	T	6137	5324	6097	5324	0	0	NA	0	0	0	0
12	88276983	12_88276983_C_A	C	A	6674	5933	6573	5933	0	0	NA	0	0	0	0
12	93529076	12_93529076_C_A	C	A	6829	5962	6769	5962	0	0	NA	0	0	0	0
12	109163199	12_109163199_C_A	C	A	6475	3209	6365	3209	0	0	NA	1	0	0	0
12	114429153	12_114429153_G_C	G	C	6676	5920	6613	5920	0	0	NA	0	0	0	0
12	117762805	12_117762805_T_C	T	C	6304	4912	3139	2539	3052	2373	NA	1	4626	3691	3691
12	120491204	12_120491204_A_G	A	G	7090	5972	6996	5972	0	0	NA	0	0	0	0
12	123687876	12_123687876_T_A	T	A	6760	6109	6713	6109	0	0	NA	0	0	0	0
12	127981004	12_127981004_G_T	G	T	6770	5924	6718	5924	0	0	NA	0	0	0	0
12	131490437	12_131490437_T_G	T	G	5935	4905	5906	4905	0	0	NA	1	0	0	0
12	132238371	12_132238371_C_T	C	T	6597	5399	6493	5399	0	0	NA	3	0	0	0
13	25571022	13_25571022_G_T	G	T	6744	5879	6689	5879	0	0	NA	0	1	0	0
13	25991353	13_25991353_C_A	C	A	7073	5789	7007	5789	0	0	NA	0	0	0	0
13	34036856	13_34036856_A_C	A	C	7169	5850	7107	5850	0	0	NA	0	0	0	0
13	38708189	13_38708189_G_T	G	T	7547	6656	7463	6656	0	0	NA	0	0	0	0
13	41238699	13_41238699_G_C	G	C	5669	4579	5581	4579	0	0	NA	0	0	0	0
13	41526843	13_41526843_T_C	T	C	5207	4708	5180	4708	0	0	NA	0	0	0	0
13	51203716	13_51203716_C_A	C	A	6950	5858	6894	5858	0	0	NA	0	0	0	0
13	54491128	13_54491128_C_A	C	A	7024	6353	6943	6353	0	0	NA	0	0	0	0
13	62712563	13_62712563_A_T	A	T	5516	4855	5470	4855	0	0	NA	1	0	0	0
13	62837176	13_62837176_C_A	C	A	7041	6432	6962	6432	0	0	NA	0	0	0	0
13	78212867	13_78212867_C_A	C	A	6898	6055	6815	6055	0	0	NA	1	0	0	0
13	86149967	13_86149967_G_T	G	T	6493	5329	6383	5329	0	0	NA	0	0	0	0
13	93473806	13_93473806_A_T	A	T	7268	6176	7204	6176	0	0	NA	0	0	0	0
13	99011372	13_99011372_T_G	T	G	7122	5855	7056	5855	0	0	NA	1	0	0	0
13	102073980	13_102073980_C_T	C	T	6908	5750	6817	5750	0	0	NA	0	0	0	0
13	103818207	13_103818207_T_A	T	A	7239	6067	7182	6067	0	0	NA	0	0	0	0
13	103965473	13_103965473_G_A	G	A	6408	5816	6359	5816	0	0	NA	0	0	0	0
13	113716411	13_113716411_G_T	G	T	5434	4650	5385	4650	0	0	NA	0	0	0	0
14	23436251	14_23436251_T_A	T	A	7453	6380	7372	6380	0	0	NA	1	0	0	0
14	25557106	14_25557106_T_G	T	G	4984	3800	4928	3800	0	0	NA	0	0	0	0
14	28168657	14_28168657_G_T	G	T	7102	6519	7055	6519	0	0	NA	1	0	0	0
14	42665943	14_42665943_G_A	G	A	7296	6399	7203	6398	1	1	NA	0	1	1	1
14	45077607	14_45077607_A_C	A	C	6509	5461	6405	5461	0	0	NA	0	0	0	0
14	49879714	14_49879714_A_T	A	T	7065	6190	6995	6190	0	0	NA	0	0	0	0
14	56761551	14_56761551_G_T	G	T	6411	4919	6251	4919	0	0	NA	2	0	0	0
14	65781028	14_65781028_G_C	G	C	6707	5875	6624	5875	0	0	NA	0	0	0	0
14	67435391	14_67435391_T_A	T	A	7013	6410	6951	6410	0	0	NA	0	0	0	0
14	70264628	14_70264628_A_T	A	T	6824	5799	6761	5799	0	0	NA	0	0	0	0
14	71127823	14_71127823_C_G	C	G	6994	5788	6911	5788	0	0	NA	0	0	0	0
14	72742388	14_72742388_T_G	T	G	7458	6507	7390	6507	0	0	NA	0	0	0	0
14	80049954	14_80049954_T_A	T	A	6793	5852	6743	5852	0	0	NA	0	0	0	0
14	81142848	14_81142848_T_C	T	C	6473	5582	6419	5582	0	0	NA	0	0	0	0
14	83545169	14_83545169_A_C	A	C	7154	6398	7102	6398	0	0	NA	0	0	0	0
14	85140306	14_85140306_C_A	C	A	7470	6806	7388	6806	0	0	NA	0	0	0	0
14	85931909	14_85931909_T_A	T	A	6383	5765	6337	5765	0	0	NA	0	0	0	0
14	87129492	14_87129492_T_C	T	C	6463	5954	6390	5954	0	0	NA	0	0	0	0
14	92719823	14_92719823_C_G	C	G	6687	5476	6601	5476	0	0	NA	0	0	0	0
14	93202344	14_93202344_A_T	A	T	6274	5287	6216	5287	0	0	NA	0	0	0	0
14	98975495	14_98975495_T_C	T	C	6858	5662	6778	5662	0	0	NA	0	0	0	0
14	101368080	14_101368080_G_T	G	T	6533	5454	6456	5454	0	0	NA	0	0	0	0
14	101580821	14_101580821_G_A	G	A	6010	5388	5961	5388	0	0	NA	0	1	1	1
14	104769170	14_104769170_T_A	T	A	6833	5795	6778	5795	0	0	NA	0	0	0	0
15	26890763	15_26890763_A_G	A	G	7058	6115	7031	6115	0	0	NA	0	0	0	0
15	32974500	15_32974500_A_C	A	C	6993	6104	6940	6104	0	0	NA	1	0	0	0
15	36564192	15_36564192_C_T	C	T	7272	6077	7169	6077	0	0	NA	3	1	1	1
15	38803438	15_38803438_A_G	A	G	7557	6478	7508	6478	0	0	NA	1	0	0	0
15	39885337	15_39885337_A_C	A	C	6988	5849	6905	5849	0	0	NA	0	0	0	0
15	40747873	15_40747873_T_G	T	G	7119	5801	7043	5801	0	0	NA	0	0	0	0
15	58208939	15_58208939_T_G	T	G	6472	5432	6419	5432	0	0	NA	0	0	0	0
15	61855655	15_61855655_A_G	A	G	7224	5882	7164	5882	0	0	NA	0	0	0	0
15	62691645	15_62691645_C_A	C	A	5112	4505	5051	4505	0	0	NA	0	0	0	0
15	65696257	15_65696257_A_G	A	G	6571	5641	6514	5641	0	0	NA	1	0	0	0
15	68252323	15_68252323_A_G	A	G	7196	6265	7149	6265	0	0	NA	0	0	0	0
15	69847122	15_69847122_A_T	A	T	6903	6032	6854	6032	0	0	NA	0	0	0	0
15	70610796	15_70610796_T_C	T	C	6939	5746	3509	2981	3371	2765	NA	3	5044	4205	4205
15	70753002	15_70753002_T_C	T	C	6146	3118	6105	3118	0	0	NA	0	0	0	0
15	73235363	15_73235363_G_T	G	T	7239	6486	7176	6486	0	0	NA	1	0	0	0
15	73291639	15_73291639_G_T	G	T	6502	5582	6445	5582	0	0	NA	0	0	0	0
15	86992851	15_86992851_A_G	A	G	6677	6064	6624	6064	0	0	NA	0	0	0	0
15	87815765	15_87815765_G_T	G	T	7284	6155	7169	6155	0	0	NA	1	0	0	0
15	89805373	15_89805373_A_T	A	T	6390	6031	6344	6031	0	0	NA	0	0	0	0
15	94316335	15_94316335_G_C	G	C	6181	5164	6121	5164	0	0	NA	0	0	0	0
16	218711	16_218711_A_C	A	C	6458	5099	6380	5099	0	0	NA	0	0	0	0
16	688474	16_688474_G_T	G	T	4508	3896	4478	3896	0	0	NA	0	0	0	0
16	12625491	16_12625491_T_A	T	A	6681	5392	6525	5392	0	0	NA	0	0	0	0
16	17674708	16_17674708_G_C	G	C	6856	6149	6781	6149	0	0	NA	0	0	0	0
16	18154049	16_18154049_A_T	A	T	6697	5797	6642	5797	0	0	NA	0	0	0	0
16	25968013	16_25968013_A_C	A	C	6462	5057	6329	5057	0	0	NA	0	0	0	0
16	27341186	16_27341186_T_G	T	G	5668	5137	5606	5137	0	0	NA	1	0	0	0
16	29755465	16_29755465_G_T	G	T	6240	5382	6183	5382	0	0	NA	0	0	0	0
16	49611588	16_49611588_A_C	A	C	6963	5794	6887	5794	0	0	NA	0	0	0	0
16	53458162	16_53458162_A_G	A	G	6703	6122	6635	6122	0	0	NA	0	0	0	0
16	63773093	16_63773093_C_T	C	T	6612	6245	6524	6245	0	0	NA	0	0	0	0
16	64941657	16_64941657_C_T	C	T	6903	6169	6837	6167	2	2	NA	0	2	2	2
16	66273634	16_66273634_A_T	A	T	7217	5969	7160	5969	0	0	NA	0	0	0	0
16	71930476	16_71930476_C_A	C	A	5489	5057	5428	5057	0	0	NA	0	0	0	0
16	79357892	16_79357892_C_T	C	T	6940	5844	6876	5844	0	0	NA	0	0	0	0
16	82450204	16_82450204_G_A	G	A	7359	6046	7276	6046	0	0	NA	0	0	0	0
16	86114457	16_86114457_T_A	T	A	6947	5871	6884	5871	0	0	NA	0	0	0	0
16	86146074	16_86146074_T_C	T	C	6885	6033	6812	6033	0	0	NA	0	0	0	0
16	87873477	16_87873477_A_T	A	T	6416	5185	6318	5185	0	0	NA	0	0	0	0
17	727774	17_727774_C_T	C	T	6378	5284	6301	5284	0	0	NA	1	0	0	0
17	4599142	17_4599142_C_T	C	T	4766	3772	4722	3772	0	0	NA	0	0	0	0
17	8866645	17_8866645_T_C	T	C	6556	5343	6481	5343	0	0	NA	0	0	0	0
17	9341088	17_9341088_C_T	C	T	6840	5614	6711	5614	0	0	NA	0	1	1	1
17	10075669	17_10075669_C_A	C	A	6228	5100	6162	5100	0	0	NA	0	0	0	0
17	11725496	17_11725496_C_T	C	T	7104	5954	6930	5953	1	1	NA	3	1	1	1
17	12421492	17_12421492_A_T	A	T	6766	6187	6709	6187	0	0	NA	0	0	0	0
17	13303749	17_13303749_C_G	C	G	6950	5782	6874	5782	0	0	NA	1	0	0	0
17	13535027	17_13535027_C_A	C	A	7240	6227	7181	6227	0	0	NA	0	0	0	0
17	17252317	17_17252317_G_T	G	T	6356	5480	6322	5480	0	0	NA	0	0	0	0
17	19436773	17_19436773_C_A	C	A	6461	5404	6390	5404	0	0	NA	1	0	0	0
17	26159382	17_26159382_A_T	A	T	6492	5404	6439	5404	0	0	NA	0	0	0	0
17	32780665	17_32780665_T_G	T	G	7473	6242	7371	6242	0	0	NA	0	0	0	0
17	34825014	17_34825014_G_A	G	A	6974	5749	6917	5749	0	0	NA	0	0	0	0
17	37991592	17_37991592_C_T	C	T	6784	5676	6695	5676	0	0	NA	1	1	1	1
17	46521939	17_46521939_C_A	C	A	6538	5775	6462	5775	0	0	NA	0	0	0	0
17	47956439	17_47956439_G_A	G	A	6925	5760	6870	5760	0	0	NA	0	0	0	0
17	48294211	17_48294211_C_A	C	A	6870	5724	6784	5724	0	0	NA	0	0	0	0
17	55112252	17_55112252_C_A	C	A	6771	5446	6670	5446	0	0	NA	2	0	0	0
17	55472384	17_55472384_C_T	C	T	6997	5723	6907	5723	0	0	NA	0	0	0	0
17	56855444	17_56855444_G_T	G	T	6027	4782	5952	4782	0	0	NA	0	0	0	0
17	64936575	17_64936575_A_G	A	G	6622	5691	6566	5691	0	0	NA	0	0	0	0
17	69371932	17_69371932_G_T	G	T	7142	6265	7044	6265	0	0	NA	0	0	0	0
17	70249977	17_70249977_A_G	A	G	6851	5942	6803	5942	0	0	NA	0	0	0	0
17	70871032	17_70871032_C_T	C	T	6731	6009	6669	6009	0	0	NA	0	2	0	0
17	74211013	17_74211013_C_T	C	T	6745	5781	6655	5781	0	0	NA	2	1	0	0
18	2451219	18_2451219_A_G	A	G	6915	5894	6829	5894	0	0	NA	0	0	0	0
18	3747166	18_3747166_T_G	T	G	6838	5911	6769	5911	0	0	NA	0	0	0	0
18	7627648	18_7627648_A_C	A	C	6897	5777	6853	5777	0	0	NA	0	0	0	0
18	9631169	18_9631169_G_T	G	T	6493	5735	6433	5735	0	0	NA	0	0	0	0
18	10451161	18_10451161_C_T	C	T	6941	6005	6866	6005	0	0	NA	2	0	0	0
18	18969655	18_18969655_T_A	T	A	6621	5850	6572	5850	0	0	NA	0	0	0	0
18	19014945	18_19014945_T_A	T	A	7053	6048	7003	6048	0	0	NA	0	0	0	0
18	21372434	18_21372434_C_A	C	A	6501	5505	6457	5505	0	0	NA	0	0	0	0
18	31086573	18_31086573_A_G	A	G	6898	5938	6803	5938	0	0	NA	0	0	0	0
18	37232461	18_37232461_C_A	C	A	7049	6427	6969	6427	0	0	NA	0	0	0	0
18	38146835	18_38146835_G_T	G	T	6764	6243	6716	6243	0	0	NA	0	0	0	0
18	39812898	18_39812898_G_T	G	T	6720	6033	6652	6033	0	0	NA	2	0	0	0
18	42836467	18_42836467_T_G	T	G	7233	6319	7179	6319	0	0	NA	1	0	0	0
18	43646629	18_43646629_G_T	G	T	6483	5457	6418	5457	0	0	NA	0	0	0	0
18	46910380	18_46910380_A_T	A	T	5725	5295	5637	5295	0	0	NA	0	0	0	0
18	48000411	18_48000411_T_G	T	G	6917	5872	6844	5872	0	0	NA	0	0	0	0
18	50318343	18_50318343_T_G	T	G	7008	6151	6956	6151	0	0	NA	0	0	0	0
18	53643322	18_53643322_A_T	A	T	6818	6039	6740	6039	0	0	NA	1	0	0	0
18	59708743	18_59708743_G_A	G	A	6383	5208	6300	5208	0	0	NA	1	0	0	0
18	60948440	18_60948440_G_T	G	T	6689	4334	6638	4334	0	0	NA	0	0	0	0
18	61704622	18_61704622_T_G	T	G	7366	6093	7320	6093	0	0	NA	0	0	0	0
18	67133372	18_67133372_T_G	T	G	7349	6167	7295	6167	0	0	NA	0	0	0	0
18	68445800	18_68445800_T_A	T	A	7283	6200	7226	6200	0	0	NA	1	0	0	0
18	71094527	18_71094527_T_C	T	C	7010	5996	6912	5996	0	0	NA	0	0	0	0
18	72577061	18_72577061_C_G	C	G	7662	6507	7614	6507	0	0	NA	0	0	0	0
18	73976182	18_73976182_T_A	T	A	6718	5550	6636	5550	0	0	NA	0	0	0	0
18	77354563	18_77354563_A_G	A	G	6877	6024	6806	6024	0	0	NA	1	1	1	1
19	5137255	19_5137255_G_A	G	A	4378	3301	4310	3301	0	0	NA	1	0	0	0
19	6176947	19_6176947_G_A	G	A	6041	4946	5951	4946	0	0	NA	4	1	0	0
19	8639135	19_8639135_A_C	A	C	7070	5854	6969	5854	0	0	NA	0	0	0	0
19	8653442	19_8653442_T_C	T	C	6574	5580	6510	5580	0	0	NA	0	0	0	0
19	9333963	19_9333963_A_C	A	C	7322	5911	7258	5911	0	0	NA	0	0	0	0
19	31909107	19_31909107_A_T	A	T	7082	5916	7040	5916	0	0	NA	1	0	0	0
19	32087448	19_32087448_C_A	C	A	6894	5586	6822	5586	0	0	NA	0	0	0	0
19	34717448	19_34717448_G_A	G	A	5339	4501	5286	4501	0	0	NA	1	0	0	0
19	37157556	19_37157556_T_C	T	C	6260	5017	6255	5017	0	0	NA	0	0	0	0
19	40443552	19_40443552_C_A	C	A	6946	5777	6863	5777	0	0	NA	0	0	0	0
19	41930228	19_41930228_C_T	C	T	6221	5063	6139	5063	0	0	NA	1	0	0	0
19	45557472	19_45557472_A_T	A	T	6598	5383	6519	5383	0	0	NA	0	0	0	0
19	52003476	19_52003476_A_T	A	T	6758	5653	6723	5653	0	0	NA	0	0	0	0
20	2107609	20_2107609_G_C	G	C	6696	5903	6645	5903	0	0	NA	0	0	0	0
20	3172027	20_3172027_A_C	A	C	6548	5700	6483	5700	0	0	NA	0	0	0	0
20	4685639	20_4685639_T_G	T	G	6857	5733	6763	5733	0	0	NA	0	0	0	0
20	19749923	20_19749923_A_T	A	T	5985	4928	5893	4928	0	0	NA	0	0	0	0
20	20913002	20_20913002_T_G	T	G	7201	6073	7145	6073	0	0	NA	0	0	0	0
20	20984535	20_20984535_T_A	T	A	7016	6181	6929	6181	0	0	NA	0	1	0	0
20	22311411	20_22311411_C_T	C	T	7240	6198	7193	6198	0	0	NA	1	0	0	0
20	22979755	20_22979755_C_A	C	A	6438	5638	6389	5638	0	0	NA	2	0	0	0
20	35977078	20_35977078_T_G	T	G	6556	5526	6515	5526	0	0	NA	0	0	0	0
20	37328437	20_37328437_C_A	C	A	7067	6092	6990	6092	0	0	NA	1	0	0	0
20	38080661	20_38080661_T_A	T	A	6676	6202	6632	6202	0	0	NA	0	0	0	0
20	40172613	20_40172613_T_G	T	G	6446	5273	6371	5273	0	0	NA	0	0	0	0
20	43159868	20_43159868_C_A	C	A	6483	5644	6444	5644	0	0	NA	0	0	0	0
20	47649438	20_47649438_C_A	C	A	4796	3861	4748	3861	0	0	NA	0	0	0	0
20	51769938	20_51769938_A_T	A	T	7312	6400	7255	6400	0	0	NA	0	0	0	0
20	56068688	20_56068688_G_A	G	A	6451	5437	6378	5437	0	0	NA	1	1	1	1
20	57056079	20_57056079_T_A	T	A	6934	5677	6880	5677	0	0	NA	1	0	0	0
20	59833071	20_59833071_A_T	A	T	6372	5501	6337	5501	0	0	NA	0	0	0	0
21	16977480	21_16977480_T_A	T	A	6313	5807	6269	5807	0	0	NA	0	0	0	0
21	21498149	21_21498149_A_G	A	G	5911	5616	5875	5616	0	0	NA	1	0	0	0
21	24978934	21_24978934_A_C	A	C	6546	5879	6499	5879	0	0	NA	0	0	0	0
21	26709151	21_26709151_A_C	A	C	7022	6408	6979	6408	0	0	NA	0	0	0	0
21	29898795	21_29898795_A_G	A	G	6302	6027	6272	6027	0	0	NA	0	0	0	0
21	31787195	21_31787195_T_G	T	G	7043	6088	6979	6088	0	0	NA	0	0	0	0
21	38782437	21_38782437_G_T	G	T	7216	6187	7129	6187	0	0	NA	0	0	0	0
21	42059691	21_42059691_A_C	A	C	6333	5271	6239	5271	0	0	NA	0	0	0	0
21	43288431	21_43288431_C_G	C	G	6663	5409	6579	5409	0	0	NA	0	0	0	0
21	43586900	21_43586900_A_G	A	G	5801	5306	5755	5306	0	0	NA	0	0	0	0
22	18626321	22_18626321_A_T	A	T	7131	6433	7089	6433	0	0	NA	0	0	0	0
22	19265162	22_19265162_A_T	A	T	6953	6119	6892	6119	0	0	NA	0	0	0	0
22	24177973	22_24177973_A_G	A	G	6962	5611	6719	5611	0	0	NA	0	0	0	0
22	26112288	22_26112288_A_G	A	G	6164	5350	6122	5350	0	0	NA	2	0	0	0
22	29150735	22_29150735_A_G	A	G	6018	4981	5995	4981	0	0	NA	0	0	0	0
22	41430698	22_41430698_G_A	G	A	6258	5208	6209	5207	0	0	NA	0	0	0	0
22	47470072	22_47470072_A_T	A	T	6919	5935	6877	5935	0	0	NA	0	0	0	0
22	48089490	22_48089490_T_A	T	A	6463	5485	6402	5485	0	0	NA	0	0	0	0
22	48151287	22_48151287_A_T	A	T	7072	6201	7021	6201	0	0	NA	0	0	0	0
22	49628437	22_49628437_C_A	C	A	6800	5736	6728	5736	0	0	NA	0	0	0	0
22	51028244	22_51028244_C_T	C	T	6819	6049	6755	6049	0	0	NA	1	0	0	0
X	8036915	X_8036915_A_G	A	G	6854	5801	6794	5801	0	0	NA	0	0	0	0
X	12373115	X_12373115_T_G	T	G	7053	6189	6985	6189	0	0	NA	0	0	0	0
X	14328003	X_14328003_A_G	A	G	6395	5357	6316	5357	0	0	NA	0	0	0	0
X	19810992	X_19810992_C_T	C	T	4792	3882	4734	3882	0	0	NA	0	0	0	0
X	30684418	X_30684418_A_T	A	T	6517	5938	6487	5938	0	0	NA	0	0	0	0
X	36748348	X_36748348_T_A	T	A	6912	5741	6856	5741	0	0	NA	0	0	0	0
X	40277691	X_40277691_C_A	C	A	3709	2974	3685	2974	0	0	NA	0	0	0	0
X	40688013	X_40688013_T_G	T	G	7026	6244	6974	6244	0	0	NA	0	0	0	0
X	49653570	X_49653570_T_C	T	C	6961	5842	6880	5842	0	0	NA	0	0	0	0
X	49923119	X_49923119_G_T	G	T	6947	6014	6851	6014	0	0	NA	0	0	0	0
X	50873536	X_50873536_T_C	T	C	7065	5928	6992	5928	0	0	NA	0	0	0	0
X	55787771	X_55787771_G_A	G	A	6258	5811	6200	5811	0	0	NA	0	0	0	0
X	81177319	X_81177319_C_A	C	A	7076	6655	7000	6655	0	0	NA	0	0	0	0
X	82509279	X_82509279_A_G	A	G	6884	6252	6831	6252	0	0	NA	1	0	0	0
X	86266020	X_86266020_A_G	A	G	6425	5797	6383	5797	0	0	NA	0	0	0	0
X	87360963	X_87360963_A_C	A	C	6653	5927	6590	5927	0	0	NA	0	0	0	0
X	92717431	X_92717431_C_A	C	A	6192	5142	6150	5142	0	0	NA	0	0	0	0
X	93489020	X_93489020_G_T	G	T	7049	5934	6966	5934	0	0	NA	1	0	0	0
X	99780269	X_99780269_G_T	G	T	6516	5345	6449	5345	0	0	NA	1	0	0	0
X	100906717	X_100906717_T_G	T	G	6509	5742	6473	5742	0	0	NA	0	0	0	0
X	104663664	X_104663664_G_A	G	A	7272	6429	7230	6429	0	0	NA	1	0	0	0
X	108567332	X_108567332_T_G	T	G	5630	4690	5563	4690	0	0	NA	0	0	0	0
X	115496423	X_115496423_T_G	T	G	7373	6048	7316	6048	0	0	NA	0	0	0	0
X	118699448	X_118699448_C_T	C	T	6459	5343	6394	5343	0	0	NA	0	0	0	0
X	121117616	X_121117616_A_T	A	T	7514	6373	7460	6373	0	0	NA	0	0	0	0
X	134785583	X_134785583_A_C	A	C	6780	5949	6717	5949	0	0	NA	0	0	0	0
X	139176422	X_139176422_C_T	C	T	3967	3095	3898	3095	0	0	NA	0	0	0	0
X	142324574	X_142324574_T_C	T	C	4443	3678	4417	3678	0	0	NA	1	0	0	0
X	144241149	X_144241149_C_G	C	G	6815	6036	6703	6036	0	0	NA	0	0	0	0
X	151365896	X_151365896_A_T	A	T	6771	5952	6715	5952	0	0	NA	1	0	0	0
X	151437796	X_151437796_G_A	G	A	6199	5736	6150	5736	0	0	NA	0	0	0	0
X	153383519	X_153383519_A_G	A	G	6947	6155	6887	6155	0	0	NA	0	0	0	0
