contig	position	id	ref_allele	alt_allele	depth	depth_pass	n_ref_total	n_ref_pass	n_alt_total	n_alt_pass	seen_in_norm	n_alt_dsc_suppressed	n_alt_ssc_total	n_alt_ssc_pass	n_alt_ssc_only
1	6683813	1_6683813_A_G	A	G	10732	9550	10694	9550	0	0	NA	3	0	0	0
1	11022745	1_11022745_A_T	A	T	10354	9498	10290	9498	0	0	NA	1	0	0	0
1	17631305	1_17631305_A_C	A	C	10665	9647	10621	9647	0	0	NA	1	0	0	0
1	18022798	1_18022798_T_G	T	G	7275	6491	7242	6491	0	0	NA	0	0	0	0
1	22593620	1_22593620_A_T	A	T	9187	8249	9152	8249	0	0	NA	0	0	0	0
1	22836829	1_22836829_G_T	G	T	10443	9600	10374	9600	0	0	NA	4	0	0	0
1	23416871	1_23416871_T_A	T	A	10615	10072	10578	10072	0	0	NA	0	0	0	0
1	23989519	1_23989519_C_A	C	A	8456	8154	8428	8154	0	0	NA	1	0	0	0
1	24903064	1_24903064_G_T	G	T	8995	8471	8965	8471	0	0	NA	0	0	0	0
1	27294510	1_27294510_G_C	G	C	8395	7852	8372	7852	0	0	NA	0	0	0	0
1	27657551	1_27657551_A_T	A	T	7659	7359	7643	7359	0	0	NA	0	0	0	0
1	29694879	1_29694879_C_T	C	T	11527	10315	11451	10314	0	0	NA	2	0	0	0
1	30618636	1_30618636_A_G	A	G	11735	10542	11673	10542	0	0	NA	2	0	0	0
1	34817123	1_34817123_G_T	G	T	11663	10551	11590	10551	0	0	NA	3	0	0	0
1	35158835	1_35158835_T_A	T	A	11608	10400	11546	10400	0	0	NA	1	0	0	0
1	39082447	1_39082447_G_T	G	T	9573	9059	9530	9059	0	0	NA	2	0	0	0
1	42327382	1_42327382_T_A	T	A	11681	10659	11626	10659	0	0	NA	0	0	0	0
1	47487735	1_47487735_A_C	A	C	10859	9819	10823	9819	0	0	NA	0	0	0	0
1	49594317	1_49594317_A_G	A	G	10748	10262	10722	10262	0	0	NA	0	0	0	0
1	52394702	1_52394702_A_T	A	T	10567	10123	10523	10123	0	0	NA	0	0	0	0
1	59525563	1_59525563_C_T	C	T	9971	9138	9899	9138	0	0	NA	0	0	0	0
1	60448370	1_60448370_G_T	G	T	10916	10405	10847	10405	0	0	NA	2	0	0	0
1	61803613	1_61803613_A_G	A	G	10424	9445	10319	9445	0	0	NA	1	0	0	0
1	66861200	1_66861200_A_G	A	G	11974	11005	11903	11005	0	0	NA	1	0	0	0
1	73887834	1_73887834_G_T	G	T	9424	8922	9377	8922	0	0	NA	2	0	0	0
1	74308917	1_74308917_G_A	G	A	9892	9436	9836	9436	0	0	NA	0	0	0	0
1	74539163	1_74539163_C_G	C	G	8918	6479	8894	6479	0	0	NA	0	0	0	0
1	75650364	1_75650364_T_C	T	C	10487	9815	10426	9815	0	0	NA	1	0	0	0
1	86686722	1_86686722_G_A	G	A	10676	10102	10649	10102	0	0	NA	0	0	0	0
1	88574447	1_88574447_G_T	G	T	8636	8404	8588	8404	0	0	NA	2	0	0	0
1	94429304	1_94429304_C_A	C	A	9699	8858	9659	8858	0	0	NA	0	0	0	0
1	95155784	1_95155784_T_A	T	A	10950	10153	10910	10153	0	0	NA	0	0	0	0
1	96540049	1_96540049_A_T	A	T	10225	9819	10175	9819	0	0	NA	0	0	0	0
1	96704641	1_96704641_T_C	T	C	11373	10658	11269	10658	0	0	NA	0	0	0	0
1	106320165	1_106320165_C_A	C	A	11499	10463	11419	10460	3	3	NA	0	3	3	3
1	108331884	1_108331884_C_A	C	A	10503	9613	10463	9613	0	0	NA	0	0	0	0
1	152472192	1_152472192_T_A	T	A	10855	9514	10802	9514	0	0	NA	0	0	0	0
1	160788152	1_160788152_T_G	T	G	11726	10194	11656	10194	0	0	NA	0	0	0	0
1	166810789	1_166810789_T_A	T	A	8702	8184	8648	8184	0	0	NA	1	0	0	0
1	168388077	1_168388077_A_G	A	G	10572	9700	10522	9700	0	0	NA	1	0	0	0
1	171736235	1_171736235_T_G	T	G	4113	3666	4081	3666	0	0	NA	1	1	0	0
1	176038019	1_176038019_A_G	A	G	10407	9551	10379	9551	0	0	NA	1	0	0	0
1	183529541	1_183529541_T_A	T	A	8731	8234	8698	8234	0	0	NA	0	0	0	0
1	187123099	1_187123099_C_A	C	A	10705	9952	10635	9952	0	0	NA	3	1	1	1
1	188740937	1_188740937_A_T	A	T	9670	9191	9652	9191	0	0	NA	0	0	0	0
1	197198619	1_197198619_T_G	T	G	10710	9615	10663	9615	0	0	NA	1	0	0	0
1	203047117	1_203047117_T_A	T	A	11026	9835	10972	9835	0	0	NA	0	0	0	0
1	203599759	1_203599759_T_C	T	C	9628	9273	9602	9273	0	0	NA	1	0	0	0
1	203613788	1_203613788_C_A	C	A	11036	10212	10960	10212	0	0	NA	2	0	0	0
1	214151919	1_214151919_A_T	A	T	11577	10637	11529	10637	0	0	NA	1	0	0	0
1	217243275	1_217243275_G_C	G	C	11727	10765	11621	10765	0	0	NA	0	0	0	0
1	220394338	1_220394338_C_A	C	A	11889	10876	11818	10876	0	0	NA	1	0	0	0
1	221604860	1_221604860_C_A	C	A	11758	10864	11695	10864	0	0	NA	0	0	0	0
1	224690820	1_224690820_T_G	T	G	8293	7435	8245	7435	0	0	NA	1	0	0	0
1	226138591	1_226138591_T_C	T	C	10363	9446	10293	9446	0	0	NA	3	0	0	0
1	228358433	1_228358433_G_T	G	T	10259	9223	10236	9223	0	0	NA	0	0	0	0
1	231411740	1_231411740_T_A	T	A	11084	10330	11018	10330	0	0	NA	2	0	0	0
1	234052551	1_234052551_A_G	A	G	10870	10063	10826	10063	0	0	NA	3	0	0	0
1	246113205	1_246113205_C_A	C	A	4807	4455	4776	4455	0	0	NA	0	0	0	0
2	859237	2_859237_G_T	G	T	9530	8747	9475	8747	0	0	NA	2	0	0	0
2	1552726	2_1552726_C_T	C	T	10179	9291	10133	9291	0	0	NA	0	0	0	0
2	2268110	2_2268110_G_C	G	C	9227	8119	9148	8119	0	0	NA	0	0	0	0
2	3756871	2_3756871_G_C	G	C	10985	10438	10928	10438	0	0	NA	0	0	0	0
2	12130724	2_12130724_A_T	A	T	10296	9821	10253	9821	0	0	NA	0	0	0	0
2	12630276	2_12630276_T_C	T	C	9851	9124	9825	9124	0	0	NA	1	0	0	0
2	18647460	2_18647460_G_A	G	A	11681	10790	11625	10790	0	0	NA	1	1	1	1
2	24689431	2_24689431_T_G	T	G	10713	9734	10661	9734	0	0	NA	0	0	0	0
2	28078203	2_28078203_T_A	T	A	12499	11224	12430	11224	0	0	NA	0	0	0	0
2	30431838	2_30431838_C_A	C	A	12685	11411	12606	11411	0	0	NA	1	0	0	0
2	41629048	2_41629048_T_G	T	G	9878	9324	9815	9324	0	0	NA	0	0	0	0
2	47074864	2_47074864_T_C	T	C	11612	10553	11572	10553	0	0	NA	0	0	0	0
2	51195077	2_51195077_C_A	C	A	9379	8989	9328	8989	0	0	NA	2	0	0	0
2	51832487	2_51832487_C_G	C	G	9618	9002	9573	9002	0	0	NA	0	0	0	0
2	58084312	2_58084312_G_T	G	T	9996	9392	9936	9392	0	0	NA	5	0	0	0
2	58751974	2_58751974_T_A	T	A	10148	9751	10116	9751	0	0	NA	0	0	0	0
2	59162851	2_59162851_T_A	T	A	11745	10876	11715	10876	0	0	NA	0	0	0	0
2	64525642	2_64525642_G_C	G	C	8239	6865	8172	6865	0	0	NA	1	0	0	0
2	66467464	2_66467464_C_T	C	T	10809	9616	10720	9616	0	0	NA	2	0	0	0
2	66736856	2_66736856_C_A	C	A	9115	8566	9082	8566	0	0	NA	5	0	0	0
2	67608742	2_67608742_C_T	C	T	10875	10234	10812	10234	0	0	NA	1	0	0	0
2	69093184	2_69093184_A_G	A	G	12396	11223	12330	11223	0	0	NA	0	0	0	0
2	71205081	2_71205081_A_G	A	G	12260	10502	12208	10502	0	0	NA	3	0	0	0
2	75515255	2_75515255_G_A	G	A	12195	11078	12129	11078	0	0	NA	0	0	0	0
2	75656069	2_75656069_G_A	G	A	10154	9350	10100	9350	0	0	NA	2	0	0	0
2	85047019	2_85047019_C_A	C	A	10664	9833	10625	9833	0	0	NA	2	0	0	0
2	86527559	2_86527559_C_A	C	A	9903	9263	9858	9263	0	0	NA	0	0	0	0
2	97012046	2_97012046_G_A	G	A	9479	8955	9446	8955	0	0	NA	2	1	0	0
2	107578844	2_107578844_T_G	T	G	10249	9576	10222	9576	0	0	NA	0	0	0	0
2	108735454	2_108735454_C_T	C	T	7841	7628	7792	7628	0	0	NA	2	0	0	0
2	118454885	2_118454885_G_T	G	T	9608	9289	9579	9289	0	0	NA	3	0	0	0
2	118493851	2_118493851_T_G	T	G	9804	9463	9772	9463	0	0	NA	5	0	0	0
2	119564471	2_119564471_A_G	A	G	11181	10355	11116	10355	0	0	NA	0	0	0	0
2	121520985	2_121520985_G_A	G	A	12654	11548	12584	11548	0	0	NA	0	0	0	0
2	122015792	2_122015792_T_G	T	G	11388	10251	11321	10251	0	0	NA	4	0	0	0
2	122204454	2_122204454_C_T	C	T	12696	11564	12618	11564	0	0	NA	1	0	0	0
2	130250375	2_130250375_A_T	A	T	11005	9766	10954	9766	0	0	NA	0	0	0	0
2	134471074	2_134471074_T_A	T	A	10431	9828	10403	9828	0	0	NA	0	0	0	0
2	134666505	2_134666505_G_T	G	T	9796	5161	9758	5161	0	0	NA	1	0	0	0
2	139278187	2_139278187_C_A	C	A	11386	10609	11334	10609	0	0	NA	0	0	0	0
2	142323580	2_142323580_G_A	G	A	9300	8715	9252	8715	0	0	NA	0	0	0	0
2	146136746	2_146136746_A_G	A	G	10116	9509	10086	9509	0	0	NA	2	0	0	0
2	158399210	2_158399210_C_T	C	T	10582	9952	10533	9952	0	0	NA	2	0	0	0
2	168441728	2_168441728_A_C	A	C	10684	9951	10634	9951	0	0	NA	0	0	0	0
2	174019478	2_174019478_T_A	T	A	8518	8326	8500	8326	0	0	NA	0	0	0	0
2	182819712	2_182819712_C_A	C	A	10127	9587	10051	9587	0	0	NA	2	1	0	0
2	183503445	2_183503445_T_G	T	G	10519	9867	10442	9867	0	0	NA	0	0	0	0
2	184339073	2_184339073_G_T	G	T	9723	9351	9691	9351	0	0	NA	0	1	1	1
2	193878984	2_193878984_C_A	C	A	9784	9089	9708	9089	0	0	NA	2	0	0	0
2	194544797	2_194544797_A_C	A	C	11092	10274	11066	10274	0	0	NA	0	0	0	0
2	197272666	2_197272666_A_T	A	T	11731	11128	11694	11128	0	0	NA	0	0	0	0
2	197795040	2_197795040_T_G	T	G	12249	11154	12197	11154	0	0	NA	0	0	0	0
2	198567165	2_198567165_G_A	G	A	10341	9491	10221	9491	0	0	NA	15	1	1	1
2	212812319	2_212812319_T_C	T	C	11632	10664	11594	10664	0	0	NA	0	0	0	0
2	218513812	2_218513812_T_G	T	G	11305	10219	11278	10219	0	0	NA	1	0	0	0
2	219601147	2_219601147_G_C	G	C	12309	11115	12263	11115	0	0	NA	0	0	0	0
2	220377100	2_220377100_A_T	A	T	9161	8436	9142	8436	0	0	NA	0	0	0	0
2	220461500	2_220461500_A_C	A	C	10110	9100	10050	9100	0	0	NA	1	0	0	0
2	222939020	2_222939020_A_C	A	C	9643	9217	9607	9217	0	0	NA	0	0	0	0
2	224223538	2_224223538_A_T	A	T	11756	10933	11693	10933	0	0	NA	0	0	0	0
2	229141342	2_229141342_C_T	C	T	9065	8641	9035	8641	0	0	NA	0	0	0	0
2	229639775	2_229639775_A_T	A	T	10623	9785	10588	9785	0	0	NA	0	0	0	0
2	231023016	2_231023016_T_G	T	G	10463	9543	10375	9543	0	0	NA	0	0	0	0
2	232476957	2_232476957_T_G	T	G	11016	9782	10978	9782	0	0	NA	1	0	0	0
2	239918629	2_239918629_G_C	G	C	12023	10349	11920	10349	0	0	NA	2	1	1	1
2	241686011	2_241686011_C_G	C	G	10815	9861	10769	9861	0	0	NA	1	0	0	0
2	242407561	2_242407561_A_C	A	C	11501	10263	11435	10263	0	0	NA	1	0	0	0
3	2655649	3_2655649_C_T	C	T	12063	11118	11977	11118	0	0	NA	3	1	1	1
3	3481737	3_3481737_A_C	A	C	8975	8587	8943	8587	0	0	NA	0	0	0	0
3	4454944	3_4454944_C_A	C	A	10798	9743	10728	9743	0	0	NA	0	0	0	0
3	5431118	3_5431118_A_G	A	G	10137	9747	10089	9747	0	0	NA	0	0	0	0
3	6364399	3_6364399_G_T	G	T	12305	11344	12243	11344	0	0	NA	0	0	0	0
3	6739568	3_6739568_G_T	G	T	9616	7352	9566	7352	0	0	NA	1	0	0	0
3	7116997	3_7116997_G_T	G	T	12175	10847	12121	10847	0	0	NA	0	0	0	0
3	8908273	3_8908273_G_T	G	T	12590	11122	12526	11122	0	0	NA	0	0	0	0
3	11059040	3_11059040_A_C	A	C	10140	8814	10082	8814	0	0	NA	0	0	0	0
3	11548259	3_11548259_T_G	T	G	8811	7999	8732	7999	0	0	NA	2	0	0	0
3	18801483	3_18801483_A_T	A	T	10512	8727	10476	8727	0	0	NA	1	0	0	0
3	20832859	3_20832859_C_T	C	T	10967	10069	10914	10069	0	0	NA	0	0	0	0
3	22182742	3_22182742_C_A	C	A	8810	8207	8763	8207	0	0	NA	3	0	0	0
3	24448583	3_24448583_A_T	A	T	11458	10389	11429	10389	0	0	NA	0	0	0	0
3	36081146	3_36081146_T_G	T	G	10990	10603	10971	10603	0	0	NA	0	0	0	0
3	39153219	3_39153219_G_A	G	A	10891	10496	10774	10437	61	59	NA	2	94	91	91
3	44622318	3_44622318_C_T	C	T	11339	9644	11254	9644	0	0	NA	4	0	0	0
3	46201414	3_46201414_C_A	C	A	11289	10347	11196	10347	0	0	NA	2	0	0	0
3	48004974	3_48004974_A_G	A	G	12180	11108	12138	11108	0	0	NA	0	0	0	0
3	48242075	3_48242075_C_A	C	A	10887	10142	10831	10142	0	0	NA	0	0	0	0
3	49899893	3_49899893_G_T	G	T	11872	10427	11803	10427	0	0	NA	1	0	0	0
3	50239486	3_50239486_G_A	G	A	10629	9752	10568	9752	0	0	NA	1	0	0	0
3	52034362	3_52034362_T_A	T	A	10900	10028	10834	10028	0	0	NA	0	0	0	0
3	55348013	3_55348013_C_T	C	T	5364	4903	5330	4903	0	0	NA	0	0	0	0
3	57476205	3_57476205_G_A	G	A	8934	8599	8691	8411	194	188	NA	4	347	339	339
3	65815010	3_65815010_A_G	A	G	9577	8968	9542	8968	0	0	NA	0	0	0	0
3	77202639	3_77202639_A_G	A	G	8714	8448	8674	8448	0	0	NA	0	0	0	0
3	77635185	3_77635185_C_T	C	T	10315	9660	10241	9659	1	1	NA	0	1	1	1
3	80671586	3_80671586_T_A	T	A	11168	10057	11121	10057	0	0	NA	0	0	0	0
3	86193176	3_86193176_A_C	A	C	10793	10095	10701	10095	0	0	NA	2	0	0	0
3	87185026	3_87185026_A_T	A	T	10835	10506	10792	10506	0	0	NA	0	0	0	0
3	99656729	3_99656729_T_G	T	G	9396	8827	9369	8827	0	0	NA	1	0	0	0
3	104110043	3_104110043_T_A	T	A	11742	10419	11700	10419	0	0	NA	0	0	0	0
3	107709495	3_107709495_C_T	C	T	11783	10631	11720	10631	0	0	NA	5	1	1	1
3	110108593	3_110108593_G_T	G	T	10677	10031	10603	10031	0	0	NA	1	0	0	0
3	111062874	3_111062874_A_G	A	G	10339	9496	10287	9496	0	0	NA	1	0	0	0
3	111960500	3_111960500_C_A	C	A	12318	11308	12242	11308	0	0	NA	2	0	0	0
3	122042258	3_122042258_T_G	T	G	11701	10800	11649	10800	0	0	NA	0	0	0	0
3	127600470	3_127600470_A_T	A	T	10394	9636	10331	9636	0	0	NA	4	0	0	0
3	132612028	3_132612028_C_A	C	A	9270	8804	9218	8804	0	0	NA	1	0	0	0
3	137543807	3_137543807_A_T	A	T	9959	9232	9927	9232	0	0	NA	0	0	0	0
3	139961329	3_139961329_T_G	T	G	8988	8519	8964	8519	0	0	NA	0	0	0	0
3	147829145	3_147829145_A_G	A	G	7865	7679	7851	7679	0	0	NA	2	0	0	0
3	151360465	3_151360465_C_G	C	G	10071	9459	9988	9447	13	12	NA	1	20	19	19
3	161926144	3_161926144_A_T	A	T	11585	10378	11511	10378	0	0	NA	0	0	0	0
3	162131169	3_162131169_G_A	G	A	9038	8743	8995	8743	0	0	NA	0	0	0	0
3	162715186	3_162715186_A_G	A	G	9963	9659	9926	9659	0	0	NA	1	0	0	0
3	163817718	3_163817718_G_A	G	A	10535	9859	10490	9859	0	0	NA	0	1	1	1
3	172463983	3_172463983_G_T	G	T	11498	10815	11436	10815	0	0	NA	1	0	0	0
3	184374312	3_184374312_C_A	C	A	11051	9764	10976	9764	0	0	NA	0	1	0	0
3	184986533	3_184986533_C_T	C	T	11633	10405	11563	10404	1	1	NA	2	2	2	2
3	189830611	3_189830611_G_A	G	A	8736	7967	8697	7967	0	0	NA	5	0	0	0
3	192778897	3_192778897_G_A	G	A	9381	8932	9310	8932	0	0	NA	3	0	0	0
4	6025569	4_6025569_G_A	G	A	11459	10214	11392	10214	0	0	NA	1	0	0	0
4	8400687	4_8400687_C_T	C	T	12429	11174	12302	11174	0	0	NA	5	3	2	2
4	10430463	4_10430463_C_A	C	A	10800	9617	10734	9617	0	0	NA	2	0	0	0
4	11109757	4_11109757_C_T	C	T	10678	9701	10624	9701	0	0	NA	0	0	0	0
4	13990778	4_13990778_C_G	C	G	10289	9547	10259	9547	0	0	NA	0	0	0	0
4	15921095	4_15921095_C_T	C	T	10654	9815	10584	9812	3	3	NA	0	3	3	3
4	21518847	4_21518847_T_A	T	A	9691	9285	9664	9285	0	0	NA	0	0	0	0
4	34890633	4_34890633_G_A	G	A	8938	8513	8907	8513	0	0	NA	1	0	0	0
4	35660657	4_35660657_A_T	A	T	9965	9484	9930	9484	0	0	NA	0	0	0	0
4	39266166	4_39266166_T_G	T	G	11432	10491	11383	10491	0	0	NA	0	0	0	0
4	45668029	4_45668029_C_T	C	T	11597	10247	11533	10247	0	0	NA	0	1	1	1
4	53557857	4_53557857_C_T	C	T	12824	11140	12722	11140	0	0	NA	0	1	0	0
4	56720662	4_56720662_G_A	G	A	9904	9517	9846	9517	0	0	NA	5	0	0	0
4	57687498	4_57687498_T_A	T	A	11378	10241	11318	10241	0	0	NA	0	0	0	0
4	73271446	4_73271446_A_G	A	G	11303	10741	11267	10741	0	0	NA	2	0	0	0
4	75781819	4_75781819_T_C	T	C	8193	8025	8170	8025	0	0	NA	1	0	0	0
4	76245917	4_76245917_A_G	A	G	9956	9553	9932	9553	0	0	NA	1	0	0	0
4	76640807	4_76640807_T_A	T	A	11261	10257	11224	10257	0	0	NA	3	0	0	0
4	82425935	4_82425935_T_A	T	A	10461	10043	10427	10043	0	0	NA	1	0	0	0
4	92165950	4_92165950_G_T	G	T	9816	9277	9771	9277	0	0	NA	3	0	0	0
4	93104723	4_93104723_C_T	C	T	11398	10003	11302	10003	0	0	NA	1	0	0	0
4	98014294	4_98014294_A_C	A	C	8982	8841	8949	8841	0	0	NA	0	0	0	0
4	98499491	4_98499491_C_A	C	A	9032	8545	8961	8545	0	0	NA	1	0	0	0
4	100383293	4_100383293_C_A	C	A	10155	9749	10086	9749	0	0	NA	2	0	0	0
4	104280566	4_104280566_A_C	A	C	10890	10296	10830	10296	0	0	NA	0	0	0	0
4	105514329	4_105514329_C_A	C	A	11220	9951	11163	9951	0	0	NA	0	0	0	0
4	105775621	4_105775621_C_G	C	G	12313	11183	12267	11183	0	0	NA	0	0	0	0
4	115133225	4_115133225_A_G	A	G	11631	11182	11597	11182	0	0	NA	0	0	0	0
4	115994265	4_115994265_T_C	T	C	11875	11130	11808	11130	0	0	NA	0	0	0	0
4	116937259	4_116937259_G_A	G	A	11843	10919	11782	10919	0	0	NA	1	0	0	0
4	117358483	4_117358483_G_A	G	A	10903	10319	10853	10319	0	0	NA	2	0	0	0
4	124440759	4_124440759_C_A	C	A	12395	11590	12329	11590	0	0	NA	2	0	0	0
4	124623230	4_124623230_T_G	T	G	11069	10054	11002	10054	0	0	NA	0	0	0	0
4	136519577	4_136519577_T_A	T	A	10287	9726	10263	9726	0	0	NA	0	0	0	0
4	143244326	4_143244326_C_T	C	T	10300	9744	10240	9744	0	0	NA	2	0	0	0
4	157313818	4_157313818_C_T	C	T	10534	9848	10473	9848	0	0	NA	1	1	1	1
4	157919089	4_157919089_C_A	C	A	9251	8767	9207	8767	0	0	NA	1	0	0	0
4	162645782	4_162645782_G_T	G	T	7443	7222	7416	7222	0	0	NA	1	0	0	0
4	166228111	4_166228111_A_T	A	T	9311	8857	9292	8857	0	0	NA	0	0	0	0
4	168392502	4_168392502_T_C	T	C	10754	10072	10713	10072	0	0	NA	1	0	0	0
4	171096060	4_171096060_T_C	T	C	8850	8531	8816	8531	0	0	NA	0	0	0	0
4	182618316	4_182618316_A_T	A	T	10390	9486	10333	9486	0	0	NA	0	0	0	0
4	184023930	4_184023930_T_G	T	G	9391	8567	9363	8567	0	0	NA	1	0	0	0
4	187278413	4_187278413_A_G	A	G	11110	10161	11075	10161	0	0	NA	1	0	0	0
4	187406794	4_187406794_A_G	A	G	8577	7680	8559	7680	0	0	NA	0	1	0	0
4	188867161	4_188867161_T_G	T	G	10924	9850	10816	9850	0	0	NA	1	0	0	0
4	189464538	4_189464538_T_A	T	A	12632	11755	12604	11755	0	0	NA	2	0	0	0
5	1296537	5_1296537_C_A	C	A	11589	10445	11511	10445	0	0	NA	0	0	0	0
5	3010518	5_3010518_A_G	A	G	9049	8625	9023	8625	0	0	NA	0	0	0	0
5	4146148	5_4146148_G_A	G	A	11576	10678	11521	10678	0	0	NA	1	0	0	0
5	27640647	5_27640647_A_T	A	T	9854	9282	9785	9282	0	0	NA	1	0	0	0
5	28674153	5_28674153_C_T	C	T	9087	8848	9047	8848	0	0	NA	1	0	0	0
5	36797002	5_36797002_A_G	A	G	10365	9658	10314	9658	0	0	NA	4	0	0	0
5	51150475	5_51150475_T_C	T	C	10551	9737	10514	9737	0	0	NA	0	0	0	0
5	56047091	5_56047091_T_A	T	A	9864	9277	9831	9277	0	0	NA	1	0	0	0
5	67739697	5_67739697_A_G	A	G	8671	8353	8645	8353	0	0	NA	0	0	0	0
5	75800246	5_75800246_C_A	C	A	11449	10768	11389	10768	0	0	NA	0	0	0	0
5	82640854	5_82640854_T_G	T	G	11153	10499	11113	10499	0	0	NA	1	0	0	0
5	85484766	5_85484766_T_G	T	G	11738	10772	11647	10772	0	0	NA	1	0	0	0
5	87313245	5_87313245_T_C	T	C	11097	10286	11070	10286	0	0	NA	1	0	0	0
5	90903943	5_90903943_T_C	T	C	11423	10457	11377	10457	0	0	NA	3	0	0	0
5	98169414	5_98169414_A_C	A	C	11929	10640	11888	10640	0	0	NA	0	0	0	0
5	101944816	5_101944816_G_T	G	T	9583	9075	9551	9075	0	0	NA	1	0	0	0
5	103195471	5_103195471_C_G	C	G	8773	8236	8698	8236	0	0	NA	0	0	0	0
5	103863840	5_103863840_A_G	A	G	8225	8001	8202	8001	0	0	NA	2	0	0	0
5	104955357	5_104955357_C_G	C	G	10849	10264	10803	10264	0	0	NA	0	1	0	0
5	107056313	5_107056313_A_C	A	C	9472	8947	9455	8947	0	0	NA	2	0	0	0
5	107507814	5_107507814_T_C	T	C	7646	7344	7606	7344	0	0	NA	0	1	0	0
5	112403437	5_112403437_G_A	G	A	9634	8797	9597	8797	0	0	NA	0	0	0	0
5	119050558	5_119050558_T_C	T	C	6774	6693	6768	6693	0	0	NA	0	0	0	0
5	123158002	5_123158002_C_A	C	A	7184	6923	7156	6923	0	0	NA	2	0	0	0
5	126370888	5_126370888_C_A	C	A	8345	8134	8321	8134	0	0	NA	1	0	0	0
5	127616023	5_127616023_A_C	A	C	7586	7246	7570	7246	0	0	NA	1	0	0	0
5	138476339	5_138476339_A_C	A	C	11862	10632	11799	10632	0	0	NA	0	0	0	0
5	139119223	5_139119223_C_A	C	A	11848	10584	11799	10584	0	0	NA	1	0	0	0
5	139276014	5_139276014_T_G	T	G	9971	9197	9927	9197	0	0	NA	0	0	0	0
5	143651878	5_143651878_A_G	A	G	10664	9815	10609	9815	0	0	NA	3	0	0	0
5	149891288	5_149891288_A_T	A	T	11718	10345	11665	10345	0	0	NA	0	0	0	0
5	152093763	5_152093763_T_A	T	A	9559	9318	9533	9318	0	0	NA	0	0	0	0
5	153543372	5_153543372_G_T	G	T	11501	10393	11443	10393	0	0	NA	3	0	0	0
5	153616474	5_153616474_T_A	T	A	11384	10128	11326	10128	0	0	NA	3	0	0	0
5	160395205	5_160395205_C_A	C	A	10609	9427	10551	9426	1	1	NA	4	1	1	1
5	164017056	5_164017056_C_A	C	A	9427	9102	9374	9102	0	0	NA	0	0	0	0
5	166385410	5_166385410_G_T	G	T	10550	10143	10497	10143	0	0	NA	1	0	0	0
5	169832584	5_169832584_T_A	T	A	11651	10276	11604	10276	0	0	NA	0	0	0	0
5	172629977	5_172629977_G_A	G	A	11275	10311	11195	10311	0	0	NA	0	0	0	0
5	174248467	5_174248467_A_T	A	T	11184	10418	11144	10418	0	0	NA	0	0	0	0
5	174290537	5_174290537_T_A	T	A	10434	10027	10413	10027	0	0	NA	1	0	0	0
6	879921	6_879921_A_G	A	G	11314	10388	11229	10388	0	0	NA	3	1	1	1
6	4050001	6_4050001_A_C	A	C	11710	10547	11642	10547	0	0	NA	1	0	0	0
6	4775401	6_4775401_T_G	T	G	11565	10219	11495	10219	0	0	NA	2	0	0	0
6	6757023	6_6757023_C_G	C	G	9387	8626	9339	8626	0	0	NA	0	0	0	0
6	7860632	6_7860632_G_T	G	T	11480	10586	11385	10586	0	0	NA	3	0	0	0
6	10366905	6_10366905_G_T	G	T	9921	8917	9849	8917	0	0	NA	0	0	0	0
6	10452396	6_10452396_T_G	T	G	11599	10276	11536	10276	0	0	NA	3	0	0	0
6	10490462	6_10490462_C_A	C	A	11692	10560	11633	10560	0	0	NA	0	0	0	0
6	11260808	6_11260808_G_C	G	C	12355	11323	12303	11323	0	0	NA	0	0	0	0
6	16052637	6_16052637_G_A	G	A	11111	10470	11057	10470	0	0	NA	0	0	0	0
6	21859765	6_21859765_T_C	T	C	11390	10306	11349	10306	0	0	NA	0	0	0	0
6	23029108	6_23029108_A_T	A	T	11948	11127	11900	11127	0	0	NA	2	0	0	0
6	24604698	6_24604698_A_G	A	G	10443	9899	10405	9899	0	0	NA	2	0	0	0
6	27216939	6_27216939_T_G	T	G	6111	5513	6063	5513	0	0	NA	3	0	0	0
6	33920640	6_33920640_C_T	C	T	12425	10987	12363	10987	0	0	NA	7	0	0	0
6	39832249	6_39832249_A_T	A	T	11587	9722	11508	9722	0	0	NA	0	0	0	0
6	40728716	6_40728716_A_T	A	T	10748	9775	10693	9775	0	0	NA	0	0	0	0
6	48984385	6_48984385_A_G	A	G	10714	10079	10686	10079	0	0	NA	2	0	0	0
6	49206211	6_49206211_G_T	G	T	9718	8609	9682	8609	0	0	NA	1	0	0	0
6	50992223	6_50992223_A_T	A	T	9741	9351	9708	9351	0	0	NA	0	0	0	0
6	51438197	6_51438197_C_A	C	A	9886	9270	9811	9270	0	0	NA	2	0	0	0
6	54050801	6_54050801_A_T	A	T	12732	11400	12682	11400	0	0	NA	0	0	0	0
6	66449320	6_66449320_A_T	A	T	9609	9263	9574	9263	0	0	NA	1	0	0	0
6	68164286	6_68164286_T_A	T	A	12042	11278	11997	11278	0	0	NA	1	0	0	0
6	68718712	6_68718712_T_C	T	C	9157	8697	9120	8697	0	0	NA	1	0	0	0
6	76460867	6_76460867_C_T	C	T	11273	10208	11215	10208	0	0	NA	0	0	0	0
6	83924138	6_83924138_T_A	T	A	10075	9516	10028	9516	0	0	NA	0	0	0	0
6	87095029	6_87095029_A_G	A	G	9322	9035	9299	9035	0	0	NA	4	0	0	0
6	92901229	6_92901229_T_C	T	C	8040	7465	8006	7465	0	0	NA	4	0	0	0
6	97804726	6_97804726_G_T	G	T	11825	10516	11780	10516	0	0	NA	1	0	0	0
6	100665110	6_100665110_C_T	C	T	9277	8832	9224	8832	0	0	NA	1	0	0	0
6	102040194	6_102040194_T_G	T	G	9499	8993	9464	8993	0	0	NA	0	0	0	0
6	107292935	6_107292935_T_C	T	C	11179	10208	11133	10208	0	0	NA	0	0	0	0
6	110995600	6_110995600_G_A	G	A	12552	11384	12497	11383	1	1	NA	0	1	1	1
6	113744319	6_113744319_C_A	C	A	12706	11366	12610	11365	0	0	NA	2	0	0	0
6	113905369	6_113905369_G_A	G	A	11468	10624	11390	10624	0	0	NA	1	0	0	0
6	118061055	6_118061055_G_A	G	A	11166	10158	11090	10158	0	0	NA	1	0	0	0
6	118251014	6_118251014_G_C	G	C	11814	10880	11746	10880	0	0	NA	0	1	0	0
6	124331344	6_124331344_A_T	A	T	11314	10627	11259	10627	0	0	NA	1	0	0	0
6	130746974	6_130746974_T_A	T	A	10375	9826	10335	9826	0	0	NA	0	0	0	0
6	134306059	6_134306059_A_C	A	C	10455	9974	10378	9974	0	0	NA	1	0	0	0
6	135848421	6_135848421_G_A	G	A	11661	10675	11574	10675	0	0	NA	1	0	0	0
6	136813391	6_136813391_C_A	C	A	9573	9345	9531	9345	0	0	NA	2	0	0	0
6	142191238	6_142191238_T_G	T	G	9514	8991	9482	8991	0	0	NA	0	0	0	0
6	142360035	6_142360035_A_T	A	T	10357	9930	10324	9930	0	0	NA	0	0	0	0
6	158913727	6_158913727_A_C	A	C	11341	10383	11292	10383	0	0	NA	0	0	0	0
6	166162109	6_166162109_C_A	C	A	9315	8880	9277	8880	0	0	NA	6	0	0	0
6	168062441	6_168062441_G_C	G	C	10189	9314	10129	9314	0	0	NA	0	0	0	0
6	168841381	6_168841381_A_G	A	G	6795	6388	6764	6388	0	0	NA	1	0	0	0
6	169492582	6_169492582_G_A	G	A	13065	11357	13010	11357	0	0	NA	1	0	0	0
7	500048	7_500048_C_A	C	A	11817	10413	11772	10413	0	0	NA	0	0	0	0
7	4888096	7_4888096_T_G	T	G	10603	9842	10553	9842	0	0	NA	1	0	0	0
7	8982929	7_8982929_G_T	G	T	11440	10851	11399	10851	0	0	NA	0	0	0	0
7	9583642	7_9583642_T_A	T	A	12700	10928	12644	10928	0	0	NA	0	0	0	0
7	12853903	7_12853903_A_T	A	T	10708	10169	10662	10169	0	0	NA	0	0	0	0
7	20868437	7_20868437_T_A	T	A	11442	10067	11415	10067	0	0	NA	1	0	0	0
7	31766053	7_31766053_G_T	G	T	9600	9095	9533	9095	0	0	NA	3	0	0	0
7	34940399	7_34940399_C_T	C	T	10144	9501	10049	9501	0	0	NA	5	0	0	0
7	47499897	7_47499897_A_C	A	C	9681	5647	9634	5647	0	0	NA	1	0	0	0
7	50858490	7_50858490_T_G	T	G	10821	10134	10786	10134	0	0	NA	0	0	0	0
7	51177090	7_51177090_C_G	C	G	10088	8967	10045	8967	0	0	NA	0	0	0	0
7	53447188	7_53447188_A_T	A	T	9947	9405	9906	9405	0	0	NA	1	0	0	0
7	56096407	7_56096407_T_G	T	G	11219	10291	11181	10291	0	0	NA	4	0	0	0
7	67241282	7_67241282_C_A	C	A	10172	9507	10129	9507	0	0	NA	1	0	0	0
7	83393466	7_83393466_T_C	T	C	10824	10029	10795	10029	0	0	NA	0	0	0	0
7	101622061	7_101622061_G_A	G	A	12275	10856	12195	10856	0	0	NA	2	0	0	0
7	112813226	7_112813226_A_C	A	C	11418	10140	11352	10140	0	0	NA	1	0	0	0
7	121008463	7_121008463_A_C	A	C	11501	10741	11435	10741	0	0	NA	0	0	0	0
7	122335072	7_122335072_C_A	C	A	11102	10200	11030	10200	0	0	NA	1	0	0	0
7	125841971	7_125841971_G_A	G	A	10026	9648	9968	9648	0	0	NA	2	0	0	0
7	128513048	7_128513048_G_T	G	T	9672	8989	9643	8989	0	0	NA	1	0	0	0
7	131670592	7_131670592_T_A	T	A	12211	11253	12156	11253	0	0	NA	0	0	0	0
7	131736243	7_131736243_T_A	T	A	11565	10183	11520	10183	0	0	NA	0	0	0	0
7	131838304	7_131838304_C_T	C	T	12068	10705	11978	10705	0	0	NA	0	0	0	0
7	133775865	7_133775865_A_T	A	T	10869	10024	10835	10024	0	0	NA	0	0	0	0
7	135397378	7_135397378_G_C	G	C	10654	9581	10611	9581	0	0	NA	0	0	0	0
7	137514255	7_137514255_G_T	G	T	10321	9660	10277	9660	0	0	NA	0	0	0	0
7	140595384	7_140595384_C_A	C	A	10861	10496	10795	10496	0	0	NA	2	0	0	0
7	141478576	7_141478576_C_A	C	A	12300	10618	12227	10618	0	0	NA	0	0	0	0
7	142020925	7_142020925_T_A	T	A	11291	10126	11241	10126	0	0	NA	0	0	0	0
7	144669235	7_144669235_A_C	A	C	10457	9773	10424	9771	2	2	NA	2	2	2	2
7	146214756	7_146214756_A_G	A	G	10229	9691	10177	9691	0	0	NA	2	0	0	0
7	146804545	7_146804545_A_G	A	G	10821	10165	10777	10165	0	0	NA	2	0	0	0
7	148043056	7_148043056_A_C	A	C	10625	9698	10577	9698	0	0	NA	1	0	0	0
7	155700289	7_155700289_T_C	T	C	11659	10362	11597	10362	0	0	NA	1	0	0	0
7	156213996	7_156213996_T_A	T	A	11798	10624	11738	10624	0	0	NA	0	0	0	0
7	157056652	7_157056652_A_G	A	G	9872	9066	9829	9066	0	0	NA	0	0	0	0
8	1490445	8_1490445_C_T	C	T	12496	11236	12393	11236	0	0	NA	2	1	0	0
8	4763486	8_4763486_T_A	T	A	10190	8225	10158	8225	0	0	NA	0	0	0	0
8	5032027	8_5032027_C_T	C	T	9343	9036	9291	9036	0	0	NA	2	0	0	0
8	6025103	8_6025103_G_A	G	A	11082	10147	11022	10147	0	0	NA	2	0	0	0
8	6331972	8_6331972_A_T	A	T	8819	8110	8789	8110	0	0	NA	0	0	0	0
8	9149938	8_9149938_A_G	A	G	8758	8440	8717	8440	0	0	NA	3	0	0	0
8	10547586	8_10547586_C_G	C	G	6677	6400	6647	6400	0	0	NA	1	0	0	0
8	11460008	8_11460008_C_G	C	G	10411	9652	10355	9652	0	0	NA	1	0	0	0
8	13411413	8_13411413_T_A	T	A	11164	10495	11133	10495	0	0	NA	0	0	0	0
8	16395522	8_16395522_G_T	G	T	10217	8689	10155	8689	0	0	NA	0	0	0	0
8	20188230	8_20188230_G_T	G	T	9856	9037	9788	9037	0	0	NA	1	0	0	0
8	21348884	8_21348884_C_A	C	A	10691	9538	5500	4964	5126	4574	NA	6	8795	7823	7823
8	25500203	8_25500203_C_G	C	G	12312	10805	12248	10805	0	0	NA	0	0	0	0
8	29267582	8_29267582_C_T	C	T	10546	9860	10502	9860	0	0	NA	0	0	0	0
8	41274023	8_41274023_A_C	A	C	9842	9346	9801	9346	0	0	NA	0	0	0	0
8	41836223	8_41836223_A_G	A	G	11859	10396	11807	10396	0	0	NA	0	0	0	0
8	42345351	8_42345351_C_A	C	A	12853	11352	12775	11352	0	0	NA	2	0	0	0
8	47587498	8_47587498_A_G	A	G	8291	8034	8261	8034	0	0	NA	0	0	0	0
8	48555400	8_48555400_G_T	G	T	10573	9859	10526	9859	0	0	NA	2	0	0	0
8	57196388	8_57196388_T_A	T	A	10836	10139	10794	10139	0	0	NA	0	0	0	0
8	57781833	8_57781833_G_A	G	A	11658	10692	11579	10692	0	0	NA	1	1	0	0
8	60531005	8_60531005_A_T	A	T	8354	8070	8334	8070	0	0	NA	0	0	0	0
8	60739495	8_60739495_A_G	A	G	9438	8965	9407	8965	0	0	NA	0	0	0	0
8	65572967	8_65572967_T_C	T	C	9365	9059	9331	9059	0	0	NA	0	0	0	0
8	71784260	8_71784260_A_T	A	T	8559	8061	8509	8061	0	0	NA	0	0	0	0
8	73402914	8_73402914_G_T	G	T	10151	9578	10101	9578	0	0	NA	1	0	0	0
8	73866723	8_73866723_C_T	C	T	9577	9037	9535	9037	0	0	NA	2	0	0	0
8	96212906	8_96212906_C_T	C	T	11344	10179	11263	10179	0	0	NA	6	3	1	1
8	96865887	8_96865887_A_G	A	G	10292	9824	10247	9824	0	0	NA	0	0	0	0
8	98921583	8_98921583_C_A	C	A	11397	10609	11344	10609	0	0	NA	1	0	0	0
8	100150272	8_100150272_G_T	G	T	10627	9611	10572	9611	0	0	NA	3	0	0	0
8	102504150	8_102504150_C_A	C	A	10223	9488	10183	9488	0	0	NA	0	0	0	0
8	102806248	8_102806248_A_C	A	C	11412	10358	11352	10358	0	0	NA	2	0	0	0
8	103209034	8_103209034_A_T	A	T	10829	9802	10760	9802	0	0	NA	0	0	0	0
8	108110045	8_108110045_T_C	T	C	8465	7599	8440	7599	0	0	NA	0	0	0	0
8	108924465	8_108924465_T_G	T	G	9940	9273	9904	9273	0	0	NA	1	0	0	0
8	109715833	8_109715833_C_A	C	A	10495	10021	10457	10021	0	0	NA	1	0	0	0
8	110506585	8_110506585_C_T	C	T	9894	9441	9830	9441	0	0	NA	0	1	0	0
8	112547080	8_112547080_T_C	T	C	8895	8426	8863	8426	0	0	NA	1	0	0	0
8	115773698	8_115773698_T_C	T	C	9082	8829	9062	8829	0	0	NA	1	0	0	0
8	117305057	8_117305057_C_T	C	T	9716	9346	9641	9346	0	0	NA	1	0	0	0
8	117873370	8_117873370_T_C	T	C	8955	8701	8926	8701	0	0	NA	0	0	0	0
8	119262343	8_119262343_A_C	A	C	6355	6094	6327	6094	0	0	NA	1	0	0	0
8	127190737	8_127190737_T_A	T	A	8669	8248	8639	8248	0	0	NA	1	0	0	0
8	129641811	8_129641811_G_A	G	A	7585	7231	7537	7231	0	0	NA	3	0	0	0
8	130965834	8_130965834_G_T	G	T	11370	9953	11297	9953	0	0	NA	1	0	0	0
8	133074397	8_133074397_G_A	G	A	11528	10680	11466	10680	0	0	NA	2	0	0	0
8	135016683	8_135016683_G_T	G	T	7473	6181	7411	6181	0	0	NA	5	0	0	0
8	142094727	8_142094727_A_T	A	T	11009	9860	10961	9860	0	0	NA	0	0	0	0
8	143229697	8_143229697_A_G	A	G	9850	7924	9799	7924	0	0	NA	0	0	0	0
9	998187	9_998187_C_G	C	G	10001	9480	9949	9480	0	0	NA	0	0	0	0
9	4997771	9_4997771_A_T	A	T	11566	11159	11542	11159	0	0	NA	1	0	0	0
9	5270351	9_5270351_A_G	A	G	6655	6505	6635	6505	0	0	NA	1	0	0	0
9	7189135	9_7189135_C_A	C	A	11003	10298	10933	10298	0	0	NA	3	0	0	0
9	26098813	9_26098813_G_T	G	T	8860	8569	8816	8569	0	0	NA	0	0	0	0
9	28842133	9_28842133_G_T	G	T	10762	10085	10712	10085	0	0	NA	1	0	0	0
9	32140321	9_32140321_G_T	G	T	7323	7135	7299	7135	0	0	NA	0	0	0	0
9	32569869	9_32569869_T_A	T	A	8075	7892	8044	7892	0	0	NA	0	0	0	0
9	37211302	9_37211302_G_T	G	T	11802	11181	11745	11181	0	0	NA	2	0	0	0
9	76748785	9_76748785_C_T	C	T	10321	9354	10266	9354	0	0	NA	3	0	0	0
9	85861739	9_85861739_C_A	C	A	10137	9319	10055	9318	1	1	NA	1	3	2	2
9	93104197	9_93104197_G_A	G	A	11844	10723	11782	10723	0	0	NA	1	0	0	0
9	101242534	9_101242534_T_A	T	A	11623	10797	11555	10797	0	0	NA	0	0	0	0
9	104608921	9_104608921_C_A	C	A	10035	9582	10003	9582	0	0	NA	0	0	0	0
9	105638623	9_105638623_G_A	G	A	9958	9538	9890	9538	0	0	NA	2	0	0	0
9	106264638	9_106264638_T_C	T	C	8655	8362	8632	8362	0	0	NA	2	0	0	0
9	109353695	9_109353695_A_C	A	C	11318	10462	11254	10462	0	0	NA	1	0	0	0
9	114935000	9_114935000_C_A	C	A	11095	10318	11044	10318	0	0	NA	1	0	0	0
9	116974519	9_116974519_C_G	C	G	11624	10517	11567	10517	0	0	NA	0	0	0	0
9	117853678	9_117853678_A_C	A	C	7759	7566	7738	7566	0	0	NA	1	0	0	0
9	118127525	9_118127525_T_C	T	C	10955	10042	10928	10042	0	0	NA	1	0	0	0
9	123346364	9_123346364_A_C	A	C	8788	8207	8757	8207	0	0	NA	0	0	0	0
9	125198953	9_125198953_A_G	A	G	7722	7480	7698	7480	0	0	NA	1	0	0	0
9	126582411	9_126582411_G_T	G	T	10613	9957	10559	9957	0	0	NA	0	0	0	0
9	130036641	9_130036641_A_C	A	C	9658	8914	9637	8914	0	0	NA	0	0	0	0
9	130129403	9_130129403_C_T	C	T	10641	9885	10568	9885	0	0	NA	0	0	0	0
9	133908568	9_133908568_C_T	C	T	10873	10155	10816	10155	0	0	NA	1	0	0	0
9	135325056	9_135325056_A_G	A	G	11132	9899	11064	9899	0	0	NA	0	0	0	0
9	136198301	9_136198301_G_A	G	A	11407	9801	11326	9801	0	0	NA	1	1	1	1
9	136328811	9_136328811_C_A	C	A	12329	10554	12255	10554	0	0	NA	3	0	0	0
10	14064517	10_14064517_T_A	T	A	9210	8667	9186	8667	0	0	NA	0	0	0	0
10	21282330	10_21282330_A_G	A	G	10813	10488	10782	10488	0	0	NA	0	0	0	0
10	24010226	10_24010226_A_C	A	C	10546	9841	10490	9841	0	0	NA	1	0	0	0
10	25869797	10_25869797_G_C	G	C	9554	7437	9526	7437	0	0	NA	1	0	0	0
10	35999532	10_35999532_T_A	T	A	11034	10267	10982	10267	0	0	NA	0	0	0	0
10	36630486	10_36630486_C_T	C	T	11706	10694	11657	10694	0	0	NA	0	0	0	0
10	38228504	10_38228504_T_G	T	G	8346	7920	8320	7920	0	0	NA	1	0	0	0
10	45211826	10_45211826_C_T	C	T	10622	9746	10561	9746	0	0	NA	2	0	0	0
10	56620919	10_56620919_C_T	C	T	9142	8939	9105	8939	0	0	NA	1	0	0	0
10	62112175	10_62112175_G_T	G	T	11529	10569	11493	10569	0	0	NA	0	0	0	0
10	63147465	10_63147465_A_T	A	T	11735	10678	11680	10678	0	0	NA	1	0	0	0
10	71401448	10_71401448_G_C	G	C	10646	9709	10571	9709	0	0	NA	0	0	0	0
10	77718107	10_77718107_G_A	G	A	10224	9765	10159	9765	0	0	NA	5	0	0	0
10	79331163	10_79331163_C_A	C	A	12069	10787	12007	10787	0	0	NA	1	0	0	0
10	80527762	10_80527762_T_A	T	A	11492	10360	11436	10360	0	0	NA	0	0	0	0
10	83046628	10_83046628_G_A	G	A	11931	10580	11865	10580	0	0	NA	0	0	0	0
10	83538872	10_83538872_A_G	A	G	12340	11360	12310	11360	0	0	NA	2	0	0	0
10	84560100	10_84560100_A_T	A	T	11636	11123	11584	11123	0	0	NA	0	0	0	0
10	86131837	10_86131837_T_A	T	A	11606	10551	11562	10551	0	0	NA	0	0	0	0
10	86883511	10_86883511_G_T	G	T	10648	10101	10613	10101	0	0	NA	2	0	0	0
10	94474138	10_94474138_C_A	C	A	11033	10206	10990	10206	0	0	NA	0	0	0	0
10	102624437	10_102624437_C_T	C	T	3650	3200	3638	3200	0	0	NA	0	0	0	0
10	104229735	10_104229735_C_A	C	A	6992	6688	6969	6688	0	0	NA	2	0	0	0
10	106351460	10_106351460_C_A	C	A	9868	9464	9811	9464	0	0	NA	3	0	0	0
10	110671676	10_110671676_C_A	C	A	9823	8956	9772	8956	0	0	NA	2	0	0	0
10	112159952	10_112159952_C_A	C	A	9698	9030	9634	9030	0	0	NA	1	0	0	0
10	117844041	10_117844041_T_G	T	G	10416	9343	10370	9343	0	0	NA	3	1	0	0
10	120293268	10_120293268_C_A	C	A	10664	9797	10588	9797	0	0	NA	0	0	0	0
10	125274037	10_125274037_A_T	A	T	11123	10070	11075	10070	0	0	NA	1	0	0	0
10	127218844	10_127218844_A_C	A	C	12267	10494	12121	10494	0	0	NA	1	0	0	0
10	135378051	10_135378051_A_G	A	G	12497	11190	12454	11190	0	0	NA	1	0	0	0
11	1722644	11_1722644_C_T	C	T	9873	9062	9832	9062	0	0	NA	1	0	0	0
11	6577997	11_6577997_T_A	T	A	11829	10509	11783	10509	0	0	NA	0	0	0	0
11	11058554	11_11058554_A_G	A	G	9892	8823	9873	8821	2	2	NA	2	3	3	3
11	14040205	11_14040205_T_A	T	A	12440	11175	12343	11175	0	0	NA	3	0	0	0
11	15716610	11_15716610_A_G	A	G	9225	9052	9202	9052	0	0	NA	2	1	1	1
11	15809146	11_15809146_T_G	T	G	10897	10010	10849	10010	0	0	NA	3	0	0	0
11	28921159	11_28921159_A_G	A	G	9086	8829	9051	8829	0	0	NA	1	0	0	0
11	29052222	11_29052222_A_C	A	C	9913	9074	9897	9074	0	0	NA	1	0	0	0
11	36315724	11_36315724_C_T	C	T	10779	9873	10712	9873	0	0	NA	2	0	0	0
11	37240542	11_37240542_G_T	G	T	8424	8051	8400	8051	0	0	NA	0	0	0	0
11	38360943	11_38360943_A_G	A	G	10049	9706	10016	9706	0	0	NA	0	0	0	0
11	40613600	11_40613600_A_G	A	G	10513	9684	10484	9684	0	0	NA	1	0	0	0
11	43471238	11_43471238_T_A	T	A	12285	11574	12224	11574	0	0	NA	0	0	0	0
11	47752029	11_47752029_G_A	G	A	11049	10418	10991	10418	0	0	NA	0	0	0	0
11	59091734	11_59091734_T_G	T	G	10651	10088	10594	10088	0	0	NA	1	0	0	0
11	61425656	11_61425656_C_G	C	G	7907	7475	7837	7475	0	0	NA	1	0	0	0
11	65312799	11_65312799_A_T	A	T	10299	9312	10255	9312	0	0	NA	1	0	0	0
11	65362764	11_65362764_T_G	T	G	10346	9295	10254	9295	0	0	NA	10	2	0	0
11	66264864	11_66264864_C_A	C	A	11256	9888	11189	9888	0	0	NA	1	0	0	0
11	69795429	11_69795429_C_A	C	A	8128	7648	8050	7648	0	0	NA	1	0	0	0
11	71118768	11_71118768_C_A	C	A	11045	9703	10989	9703	0	0	NA	1	0	0	0
11	71158875	11_71158875_C_T	C	T	11290	10146	11214	10146	0	0	NA	1	0	0	0
11	72287537	11_72287537_T_G	T	G	10334	9794	10291	9794	0	0	NA	0	0	0	0
11	74741630	11_74741630_A_T	A	T	11353	10185	11318	10185	0	0	NA	0	0	0	0
11	91083638	11_91083638_G_C	G	C	7468	7266	7425	7266	0	0	NA	1	0	0	0
11	97454681	11_97454681_G_A	G	A	10653	9420	10598	9420	0	0	NA	1	1	1	1
11	100316174	11_100316174_T_C	T	C	8846	8331	8825	8331	0	0	NA	0	0	0	0
11	101588958	11_101588958_G_A	G	A	11142	9848	11087	9848	0	0	NA	2	0	0	0
11	117888034	11_117888034_A_G	A	G	11689	10679	11637	10679	0	0	NA	1	0	0	0
11	120867811	11_120867811_A_G	A	G	9913	9521	9885	9521	0	0	NA	0	0	0	0
11	131804384	11_131804384_T_A	T	A	10993	10405	10906	10405	0	0	NA	2	0	0	0
11	134785247	11_134785247_G_A	G	A	10664	9499	10601	9494	5	5	NA	2	12	12	12
12	643045	12_643045_C_T	C	T	9665	8281	9612	8281	0	0	NA	1	0	0	0
12	5944758	12_5944758_T_A	T	A	10949	10359	10899	10359	0	0	NA	0	0	0	0
12	7278561	12_7278561_G_A	G	A	9761	8462	9727	8462	0	0	NA	4	0	0	0
12	11799586	12_11799586_T_G	T	G	9602	9150	9580	9150	0	0	NA	1	0	0	0
12	20513070	12_20513070_G_A	G	A	10360	9561	10330	9561	0	0	NA	1	1	1	1
12	21766985	12_21766985_A_T	A	T	9997	9163	9895	9127	39	36	NA	2	79	72	72
12	23330675	12_23330675_C_A	C	A	8383	7948	8334	7947	1	1	NA	3	1	1	1
12	25321084	12_25321084_A_T	A	T	7942	7405	7914	7405	0	0	NA	1	0	0	0
12	27858634	12_27858634_T_C	T	C	10764	9907	10724	9907	0	0	NA	1	0	0	0
12	31360019	12_31360019_C_T	C	T	9251	8719	9190	8719	0	0	NA	3	0	0	0
12	32600613	12_32600613_A_C	A	C	10351	9675	10324	9675	0	0	NA	2	0	0	0
12	33448115	12_33448115_C_T	C	T	12499	11623	12366	11623	0	0	NA	2	1	0	0
12	49022738	12_49022738_A_C	A	C	11316	10572	11278	10572	0	0	NA	0	0	0	0
12	50874684	12_50874684_A_T	A	T	9403	8592	9366	8592	0	0	NA	0	0	0	0
12	53166656	12_53166656_C_A	C	A	12804	11078	12741	11078	0	0	NA	1	0	0	0
12	53522710	12_53522710_T_G	T	G	12173	10726	12087	10726	0	0	NA	0	0	0	0
12	54967223	12_54967223_T_C	T	C	13278	11218	13197	11218	0	0	NA	0	0	0	0
12	59626296	12_59626296_A_G	A	G	12130	11114	12077	11114	0	0	NA	0	0	0	0
12	61994042	12_61994042_A_T	A	T	11486	10318	11416	10318	0	0	NA	1	0	0	0
12	63861934	12_63861934_T_A	T	A	11376	10391	11330	10391	0	0	NA	0	0	0	0
12	65026145	12_65026145_C_A	C	A	10241	9282	10185	9282	0	0	NA	0	0	0	0
12	72897156	12_72897156_G_A	G	A	10438	9780	10375	9780	0	0	NA	1	0	0	0
12	73168898	12_73168898_G_T	G	T	8307	7755	8280	7755	0	0	NA	2	0	0	0
12	88276983	12_88276983_C_A	C	A	9263	8851	9211	8851	0	0	NA	1	0	0	0
12	93529076	12_93529076_C_A	C	A	9205	8579	9170	8579	0	0	NA	0	0	0	0
12	109163199	12_109163199_C_A	C	A	10174	5999	10086	5999	0	0	NA	0	0	0	0
12	114429153	12_114429153_G_C	G	C	9297	8794	9245	8794	0	0	NA	0	0	0	0
12	117762805	12_117762805_T_C	T	C	9960	8945	5214	4708	4646	4237	NA	8	8105	7429	7429
12	120491204	12_120491204_A_G	A	G	11138	10163	11089	10163	0	0	NA	1	0	0	0
12	123687876	12_123687876_T_A	T	A	10527	9988	10486	9988	0	0	NA	0	0	0	0
12	127981004	12_127981004_G_T	G	T	9869	9047	9833	9047	0	0	NA	1	0	0	0
12	131490437	12_131490437_T_G	T	G	10033	9016	9994	9016	0	0	NA	4	0	0	0
12	132238371	12_132238371_C_T	C	T	11158	9953	11066	9953	0	0	NA	1	0	0	0
13	25571022	13_25571022_G_T	G	T	11067	10437	11024	10437	0	0	NA	0	0	0	0
13	25991353	13_25991353_C_A	C	A	11503	10367	11431	10367	0	0	NA	4	0	0	0
13	34036856	13_34036856_A_C	A	C	12103	10589	12021	10589	0	0	NA	1	0	0	0
13	38708189	13_38708189_G_T	G	T	10271	9679	10231	9679	0	0	NA	1	0	0	0
13	41238699	13_41238699_G_C	G	C	10260	9136	10176	9136	0	0	NA	0	0	0	0
13	41526843	13_41526843_T_C	T	C	6747	6396	6731	6396	0	0	NA	0	0	0	0
13	51203716	13_51203716_C_A	C	A	10256	9494	10223	9494	0	0	NA	1	0	0	0
13	54491128	13_54491128_C_A	C	A	8977	8599	8914	8599	0	0	NA	4	0	0	0
13	62712563	13_62712563_A_T	A	T	8394	7969	8376	7969	0	0	NA	0	0	0	0
13	62837176	13_62837176_C_A	C	A	9054	8675	8995	8675	0	0	NA	1	0	0	0
13	78212867	13_78212867_C_A	C	A	9592	9045	9539	9045	0	0	NA	0	0	0	0
13	86149967	13_86149967_G_T	G	T	10232	9249	10163	9249	0	0	NA	2	0	0	0
13	93473806	13_93473806_A_T	A	T	11885	10829	11854	10829	0	0	NA	0	0	0	0
13	99011372	13_99011372_T_G	T	G	11279	10329	11231	10329	0	0	NA	2	0	0	0
13	102073980	13_102073980_C_T	C	T	11106	10139	11036	10139	0	0	NA	0	0	0	0
13	103818207	13_103818207_T_A	T	A	12448	11386	12396	11386	0	0	NA	1	0	0	0
13	103965473	13_103965473_G_A	G	A	9030	8717	8996	8717	0	0	NA	0	0	0	0
13	113716411	13_113716411_G_T	G	T	9326	8535	9302	8535	0	0	NA	0	0	0	0
14	23436251	14_23436251_T_A	T	A	11464	10528	11416	10528	0	0	NA	1	0	0	0
14	25557106	14_25557106_T_G	T	G	7142	6055	7096	6055	0	0	NA	1	0	0	0
14	28168657	14_28168657_G_T	G	T	9770	9393	9747	9393	0	0	NA	2	0	0	0
14	42665943	14_42665943_G_A	G	A	10756	10033	10680	10033	0	0	NA	1	0	0	0
14	45077607	14_45077607_A_C	A	C	10105	9226	10042	9226	0	0	NA	0	1	0	0
14	49879714	14_49879714_A_T	A	T	10600	9910	10554	9910	0	0	NA	1	0	0	0
14	56761551	14_56761551_G_T	G	T	11201	9483	11062	9483	0	0	NA	12	0	0	0
14	65781028	14_65781028_G_C	G	C	9617	9021	9563	9021	0	0	NA	0	0	0	0
14	67435391	14_67435391_T_A	T	A	10179	9842	10134	9842	0	0	NA	0	0	0	0
14	70264628	14_70264628_A_T	A	T	11581	10653	11535	10653	0	0	NA	0	0	0	0
14	71127823	14_71127823_C_G	C	G	12544	11237	12462	11237	0	0	NA	0	0	0	0
14	72742388	14_72742388_T_G	T	G	12388	11634	12340	11634	0	0	NA	0	0	0	0
14	80049954	14_80049954_T_A	T	A	11575	10728	11530	10728	0	0	NA	0	0	0	0
14	81142848	14_81142848_T_C	T	C	10615	10070	10588	10070	0	0	NA	0	0	0	0
14	83545169	14_83545169_A_C	A	C	10977	10502	10941	10502	0	0	NA	1	0	0	0
14	85140306	14_85140306_C_A	C	A	12112	11635	12063	11635	0	0	NA	0	1	1	1
14	85931909	14_85931909_T_A	T	A	9051	8718	9017	8718	0	0	NA	1	0	0	0
14	87129492	14_87129492_T_C	T	C	10393	10064	10350	10064	0	0	NA	0	0	0	0
14	92719823	14_92719823_C_G	C	G	9217	8302	9147	8302	0	0	NA	0	0	0	0
14	93202344	14_93202344_A_T	A	T	9497	8691	9451	8691	0	0	NA	0	0	0	0
14	98975495	14_98975495_T_C	T	C	11524	10099	11458	10099	0	0	NA	0	0	0	0
14	101368080	14_101368080_G_T	G	T	10742	9682	10677	9682	0	0	NA	1	0	0	0
14	101580821	14_101580821_G_A	G	A	6651	6216	6613	6216	0	0	NA	5	1	0	0
14	104769170	14_104769170_T_A	T	A	8898	8103	8871	8103	0	0	NA	0	0	0	0
15	26890763	15_26890763_A_G	A	G	10035	9355	10013	9355	0	0	NA	0	0	0	0
15	32974500	15_32974500_A_C	A	C	10544	9921	10511	9921	0	0	NA	0	0	0	0
15	36564192	15_36564192_C_T	C	T	11956	10731	11879	10731	0	0	NA	2	0	0	0
15	38803438	15_38803438_A_G	A	G	12327	11453	12290	11452	1	1	NA	2	1	1	1
15	39885337	15_39885337_A_C	A	C	12384	10854	12296	10854	0	0	NA	1	0	0	0
15	40747873	15_40747873_T_G	T	G	12340	10772	12259	10772	0	0	NA	0	0	0	0
15	58208939	15_58208939_T_G	T	G	12190	10986	12147	10986	0	0	NA	2	0	0	0
15	61855655	15_61855655_A_G	A	G	12538	10791	12479	10791	0	0	NA	1	0	0	0
15	62691645	15_62691645_C_A	C	A	8263	7787	8212	7787	0	0	NA	3	0	0	0
15	65696257	15_65696257_A_G	A	G	10166	9434	10110	9434	0	0	NA	5	1	1	1
15	68252323	15_68252323_A_G	A	G	10349	9623	10316	9623	0	0	NA	5	0	0	0
15	69847122	15_69847122_A_T	A	T	10159	9584	10119	9584	0	0	NA	1	0	0	0
15	70610796	15_70610796_T_C	T	C	10548	9603	5539	5058	4954	4545	NA	15	8666	7899	7899
15	70753002	15_70753002_T_C	T	C	10346	6428	10308	6428	0	0	NA	0	0	0	0
15	73235363	15_73235363_G_T	G	T	9917	9452	9878	9452	0	0	NA	2	1	0	0
15	73291639	15_73291639_G_T	G	T	10388	9669	10350	9669	0	0	NA	0	0	0	0
15	86992851	15_86992851_A_G	A	G	8994	8631	8965	8631	0	0	NA	0	0	0	0
15	87815765	15_87815765_G_T	G	T	12145	11099	12067	11099	0	0	NA	1	0	0	0
15	89805373	15_89805373_A_T	A	T	9037	8813	8994	8813	0	0	NA	0	0	0	0
15	94316335	15_94316335_G_C	G	C	11149	10109	11098	10109	0	0	NA	0	0	0	0
16	218711	16_218711_A_C	A	C	11177	9986	11121	9986	0	0	NA	0	0	0	0
16	688474	16_688474_G_T	G	T	7817	7156	7782	7156	0	0	NA	2	0	0	0
16	12625491	16_12625491_T_A	T	A	11360	10011	11208	10011	0	0	NA	0	0	0	0
16	17674708	16_17674708_G_C	G	C	9832	9428	9786	9428	0	0	NA	0	0	0	0
16	18154049	16_18154049_A_T	A	T	10382	9709	10343	9709	0	0	NA	0	0	0	0
16	25968013	16_25968013_A_C	A	C	10242	8815	10116	8815	0	0	NA	0	0	0	0
16	27341186	16_27341186_T_G	T	G	6288	5947	6250	5947	0	0	NA	9	0	0	0
16	29755465	16_29755465_G_T	G	T	8545	7982	8505	7982	0	0	NA	2	1	0	0
16	49611588	16_49611588_A_C	A	C	11145	10036	11078	10036	0	0	NA	3	0	0	0
16	53458162	16_53458162_A_G	A	G	10170	9794	10131	9794	0	0	NA	1	0	0	0
16	63773093	16_63773093_C_T	C	T	7908	7736	7861	7736	0	0	NA	0	0	0	0
16	64941657	16_64941657_C_T	C	T	9321	8762	9281	8762	0	0	NA	2	1	1	1
16	66273634	16_66273634_A_T	A	T	13263	11698	13186	11698	0	0	NA	0	0	0	0
16	71930476	16_71930476_C_A	C	A	7733	7446	7689	7446	0	0	NA	3	0	0	0
16	79357892	16_79357892_C_T	C	T	10596	9912	10552	9912	0	0	NA	0	0	0	0
16	82450204	16_82450204_G_A	G	A	11623	10493	11563	10493	0	0	NA	0	0	0	0
16	86114457	16_86114457_T_A	T	A	11759	10757	11713	10757	0	0	NA	0	0	0	0
16	86146074	16_86146074_T_C	T	C	10177	9555	10141	9555	0	0	NA	1	0	0	0
16	87873477	16_87873477_A_T	A	T	11485	9810	11391	9810	0	0	NA	1	0	0	0
17	727774	17_727774_C_T	C	T	11398	10026	11310	10026	0	0	NA	4	1	1	1
17	4599142	17_4599142_C_T	C	T	7995	7112	7957	7112	0	0	NA	1	1	1	1
17	8866645	17_8866645_T_C	T	C	10040	9252	10000	9252	0	0	NA	0	0	0	0
17	9341088	17_9341088_C_T	C	T	11777	10448	11687	10448	0	0	NA	0	0	0	0
17	10075669	17_10075669_C_A	C	A	11535	10079	11476	10079	0	0	NA	0	1	0	0
17	11725496	17_11725496_C_T	C	T	10672	9765	10539	9765	0	0	NA	6	0	0	0
17	12421492	17_12421492_A_T	A	T	9950	9610	9929	9610	0	0	NA	0	0	0	0
17	13303749	17_13303749_C_G	C	G	11730	10763	11659	10763	0	0	NA	3	0	0	0
17	13535027	17_13535027_C_A	C	A	11450	10516	11411	10516	0	0	NA	2	1	0	0
17	17252317	17_17252317_G_T	G	T	9303	8712	9275	8712	0	0	NA	3	0	0	0
17	19436773	17_19436773_C_A	C	A	10163	9142	10117	9142	0	0	NA	3	0	0	0
17	26159382	17_26159382_A_T	A	T	10112	9131	10079	9131	0	0	NA	1	0	0	0
17	32780665	17_32780665_T_G	T	G	12460	11456	12389	11456	0	0	NA	0	0	0	0
17	34825014	17_34825014_G_A	G	A	11998	10274	11923	10274	0	0	NA	2	0	0	0
17	37991592	17_37991592_C_T	C	T	11979	10532	11898	10532	0	0	NA	4	0	0	0
17	46521939	17_46521939_C_A	C	A	10379	9799	10327	9799	0	0	NA	1	0	0	0
17	47956439	17_47956439_G_A	G	A	11713	10567	11654	10567	0	0	NA	6	1	1	1
17	48294211	17_48294211_C_A	C	A	11246	10309	11183	10309	0	0	NA	1	0	0	0
17	55112252	17_55112252_C_A	C	A	11412	10177	11333	10177	0	0	NA	0	0	0	0
17	55472384	17_55472384_C_T	C	T	11358	10132	11283	10132	0	0	NA	0	1	1	1
17	56855444	17_56855444_G_T	G	T	9924	8700	9843	8700	0	0	NA	1	0	0	0
17	64936575	17_64936575_A_G	A	G	9609	8877	9574	8877	0	0	NA	1	0	0	0
17	69371932	17_69371932_G_T	G	T	9334	8664	9283	8664	0	0	NA	3	0	0	0
17	70249977	17_70249977_A_G	A	G	11017	10335	10986	10335	0	0	NA	0	0	0	0
17	70871032	17_70871032_C_T	C	T	9911	9386	9856	9386	0	0	NA	4	1	1	1
17	74211013	17_74211013_C_T	C	T	9932	9213	9859	9213	0	0	NA	3	1	1	1
18	2451219	18_2451219_A_G	A	G	11903	10921	11835	10921	0	0	NA	1	0	0	0
18	3747166	18_3747166_T_G	T	G	10685	9845	10638	9845	0	0	NA	0	0	0	0
18	7627648	18_7627648_A_C	A	C	11432	10476	11398	10476	0	0	NA	0	0	0	0
18	9631169	18_9631169_G_T	G	T	10741	10141	10696	10141	0	0	NA	3	0	0	0
18	10451161	18_10451161_C_T	C	T	10964	10175	10909	10175	0	0	NA	1	0	0	0
18	18969655	18_18969655_T_A	T	A	9482	8964	9450	8964	0	0	NA	0	0	0	0
18	19014945	18_19014945_T_A	T	A	10355	9633	10321	9633	0	0	NA	0	0	0	0
18	21372434	18_21372434_C_A	C	A	11014	10122	10980	10122	0	0	NA	0	0	0	0
18	31086573	18_31086573_A_G	A	G	11500	10788	11428	10788	0	0	NA	0	0	0	0
18	37232461	18_37232461_C_A	C	A	11288	10933	11245	10933	0	0	NA	1	0	0	0
18	38146835	18_38146835_G_T	G	T	9566	9312	9527	9312	0	0	NA	4	0	0	0
18	39812898	18_39812898_G_T	G	T	9152	8764	9115	8764	0	0	NA	4	1	1	1
18	42836467	18_42836467_T_G	T	G	11634	10850	11598	10850	0	0	NA	0	0	0	0
18	43646629	18_43646629_G_T	G	T	10064	9220	10013	9220	0	0	NA	0	0	0	0
18	46910380	18_46910380_A_T	A	T	7265	7029	7228	7029	0	0	NA	1	0	0	0
18	48000411	18_48000411_T_G	T	G	10465	9588	10427	9588	0	0	NA	1	1	1	1
18	50318343	18_50318343_T_G	T	G	10347	9764	10314	9764	0	0	NA	1	0	0	0
18	53643322	18_53643322_A_T	A	T	11325	10732	11280	10732	0	0	NA	0	0	0	0
18	59708743	18_59708743_G_A	G	A	10398	9255	10325	9255	0	0	NA	4	1	0	0
18	60948440	18_60948440_G_T	G	T	11138	8410	11109	8410	0	0	NA	1	0	0	0
18	61704622	18_61704622_T_G	T	G	12122	11069	12082	11069	0	0	NA	0	0	0	0
18	67133372	18_67133372_T_G	T	G	11758	10873	11710	10873	0	0	NA	0	1	0	0
18	68445800	18_68445800_T_A	T	A	11840	10856	11802	10856	0	0	NA	0	0	0	0
18	71094527	18_71094527_T_C	T	C	12031	10713	11947	10713	0	0	NA	0	1	1	1
18	72577061	18_72577061_C_G	C	G	12786	11392	12734	11392	0	0	NA	0	0	0	0
18	73976182	18_73976182_T_A	T	A	11065	10124	11010	10124	0	0	NA	0	0	0	0
18	77354563	18_77354563_A_G	A	G	10974	10230	10919	10230	0	0	NA	2	0	0	0
19	5137255	19_5137255_G_A	G	A	8063	6823	7979	6823	0	0	NA	3	1	1	1
19	6176947	19_6176947_G_A	G	A	10683	9528	10599	9528	0	0	NA	10	3	2	2
19	8639135	19_8639135_A_C	A	C	11962	10750	11903	10750	0	0	NA	1	1	0	0
19	8653442	19_8653442_T_C	T	C	10968	10236	10921	10236	0	0	NA	0	0	0	0
19	9333963	19_9333963_A_C	A	C	12855	11131	12784	11131	0	0	NA	2	0	0	0
19	31909107	19_31909107_A_T	A	T	10274	9202	10217	9202	0	0	NA	0	0	0	0
19	32087448	19_32087448_C_A	C	A	12118	10819	12060	10819	0	0	NA	0	0	0	0
19	34717448	19_34717448_G_A	G	A	10390	9175	10310	9175	0	0	NA	1	0	0	0
19	37157556	19_37157556_T_C	T	C	9646	8878	9641	8878	0	0	NA	0	0	0	0
19	40443552	19_40443552_C_A	C	A	12512	11210	12427	11210	0	0	NA	0	0	0	0
19	41930228	19_41930228_C_T	C	T	10734	9766	10659	9766	0	0	NA	1	1	1	1
19	45557472	19_45557472_A_T	A	T	10894	9549	10822	9549	0	0	NA	0	0	0	0
19	52003476	19_52003476_A_T	A	T	11024	10222	10994	10222	0	0	NA	0	0	0	0
20	2107609	20_2107609_G_C	G	C	9393	8900	9365	8900	0	0	NA	1	0	0	0
20	3172027	20_3172027_A_C	A	C	9741	9186	9696	9186	0	0	NA	0	0	0	0
20	4685639	20_4685639_T_G	T	G	9644	8656	9582	8656	0	0	NA	2	0	0	0
20	19749923	20_19749923_A_T	A	T	9580	8671	9512	8671	0	0	NA	3	0	0	0
20	20913002	20_20913002_T_G	T	G	11590	10306	11551	10306	0	0	NA	1	0	0	0
20	20984535	20_20984535_T_A	T	A	10380	9826	10339	9826	0	0	NA	1	0	0	0
20	22311411	20_22311411_C_T	C	T	12116	10821	12065	10821	0	0	NA	0	0	0	0
20	22979755	20_22979755_C_A	C	A	8862	8335	8837	8335	0	0	NA	2	0	0	0
20	35977078	20_35977078_T_G	T	G	11767	10837	11727	10837	0	0	NA	1	0	0	0
20	37328437	20_37328437_C_A	C	A	10194	9388	10145	9388	0	0	NA	1	0	0	0
20	38080661	20_38080661_T_A	T	A	8317	7988	8290	7988	0	0	NA	3	0	0	0
20	40172613	20_40172613_T_G	T	G	11705	10124	11627	10124	0	0	NA	3	0	0	0
20	43159868	20_43159868_C_A	C	A	10667	10031	10623	10031	0	0	NA	1	0	0	0
20	47649438	20_47649438_C_A	C	A	7415	6562	7377	6562	0	0	NA	1	0	0	0
20	51769938	20_51769938_A_T	A	T	10648	9911	10607	9911	0	0	NA	0	0	0	0
20	56068688	20_56068688_G_A	G	A	10321	9377	10274	9376	1	1	NA	2	1	1	1
20	57056079	20_57056079_T_A	T	A	10075	9048	10049	9048	0	0	NA	0	0	0	0
20	59833071	20_59833071_A_T	A	T	9839	9070	9821	9070	0	0	NA	0	0	0	0
21	16977480	21_16977480_T_A	T	A	8830	8577	8803	8577	0	0	NA	1	1	1	1
21	21498149	21_21498149_A_G	A	G	6537	6397	6530	6397	0	0	NA	1	0	0	0
21	24978934	21_24978934_A_C	A	C	8065	7593	8043	7593	0	0	NA	0	0	0	0
21	26709151	21_26709151_A_C	A	C	7628	7274	7611	7274	0	0	NA	0	0	0	0
21	29898795	21_29898795_A_G	A	G	7624	7510	7606	7510	0	0	NA	0	0	0	0
21	31787195	21_31787195_T_G	T	G	11564	10701	11497	10701	0	0	NA	1	0	0	0
21	38782437	21_38782437_G_T	G	T	11304	10457	11234	10457	0	0	NA	2	2	1	1
21	42059691	21_42059691_A_C	A	C	11211	10186	11102	10186	0	0	NA	0	0	0	0
21	43288431	21_43288431_C_G	C	G	10007	8991	9948	8991	0	0	NA	1	0	0	0
21	43586900	21_43586900_A_G	A	G	7796	7536	7760	7536	0	0	NA	0	0	0	0
22	18626321	22_18626321_A_T	A	T	11155	10586	11120	10586	0	0	NA	0	0	0	0
22	19265162	22_19265162_A_T	A	T	11150	10502	11117	10502	0	0	NA	0	0	0	0
22	24177973	22_24177973_A_G	A	G	12320	10724	12053	10724	0	0	NA	6	1	0	0
22	26112288	22_26112288_A_G	A	G	8371	7653	8346	7653	0	0	NA	0	0	0	0
22	29150735	22_29150735_A_G	A	G	8358	7605	8335	7605	0	0	NA	1	0	0	0
22	41430698	22_41430698_G_A	G	A	10086	9095	10053	9095	0	0	NA	1	0	0	0
22	47470072	22_47470072_A_T	A	T	10799	10046	10750	10046	0	0	NA	1	0	0	0
22	48089490	22_48089490_T_A	T	A	10325	9606	10285	9606	0	0	NA	0	0	0	0
22	48151287	22_48151287_A_T	A	T	8868	8326	8840	8326	0	0	NA	0	0	0	0
22	49628437	22_49628437_C_A	C	A	10807	9794	10753	9794	0	0	NA	1	1	1	1
22	51028244	22_51028244_C_T	C	T	8268	7681	8219	7681	0	0	NA	2	0	0	0
X	8036915	X_8036915_A_G	A	G	11904	10991	11845	10991	0	0	NA	0	0	0	0
X	12373115	X_12373115_T_G	T	G	11093	10417	11055	10417	0	0	NA	0	0	0	0
X	14328003	X_14328003_A_G	A	G	10225	9367	10171	9367	0	0	NA	1	0	0	0
X	19810992	X_19810992_C_T	C	T	9395	8364	9319	8364	0	0	NA	1	0	0	0
X	30684418	X_30684418_A_T	A	T	10340	9973	10314	9973	0	0	NA	0	0	0	0
X	36748348	X_36748348_T_A	T	A	11838	10850	11783	10850	0	0	NA	0	0	0	0
X	40277691	X_40277691_C_A	C	A	6794	6024	6759	6024	0	0	NA	0	0	0	0
X	40688013	X_40688013_T_G	T	G	10934	10435	10890	10435	0	0	NA	2	0	0	0
X	49653570	X_49653570_T_C	T	C	11927	10981	11854	10981	0	0	NA	1	0	0	0
X	49923119	X_49923119_G_T	G	T	10795	9992	10721	9992	0	0	NA	2	0	0	0
X	50873536	X_50873536_T_C	T	C	12321	11236	12250	11236	0	0	NA	0	0	0	0
X	55787771	X_55787771_G_A	G	A	7269	7003	7216	7003	0	0	NA	1	0	0	0
X	81177319	X_81177319_C_A	C	A	8687	8396	8649	8396	0	0	NA	3	0	0	0
X	82509279	X_82509279_A_G	A	G	9519	9098	9487	9098	0	0	NA	3	1	1	1
X	86266020	X_86266020_A_G	A	G	8796	8437	8782	8437	0	0	NA	0	0	0	0
X	87360963	X_87360963_A_C	A	C	9338	8882	9297	8882	0	0	NA	1	0	0	0
X	92717431	X_92717431_C_A	C	A	9850	8930	9809	8930	0	0	NA	3	0	0	0
X	93489020	X_93489020_G_T	G	T	11079	10072	11014	10072	0	0	NA	5	0	0	0
X	99780269	X_99780269_G_T	G	T	11304	10445	11239	10445	0	0	NA	0	0	0	0
X	100906717	X_100906717_T_G	T	G	9982	9537	9951	9537	0	0	NA	0	0	0	0
X	104663664	X_104663664_G_A	G	A	10988	10318	10947	10318	0	0	NA	4	0	0	0
X	108567332	X_108567332_T_G	T	G	11056	9930	10977	9930	0	0	NA	1	0	0	0
X	115496423	X_115496423_T_G	T	G	13750	11774	13683	11774	0	0	NA	2	0	0	0
X	118699448	X_118699448_C_T	C	T	10825	9629	10769	9629	0	0	NA	5	1	1	1
X	121117616	X_121117616_A_T	A	T	12662	11450	12606	11450	0	0	NA	0	1	1	1
X	134785583	X_134785583_A_C	A	C	9163	8663	9113	8663	0	0	NA	0	0	0	0
X	139176422	X_139176422_C_T	C	T	8793	7854	8741	7854	0	0	NA	0	0	0	0
X	142324574	X_142324574_T_C	T	C	6835	6151	6809	6151	0	0	NA	0	0	0	0
X	144241149	X_144241149_C_G	C	G	9669	9172	9609	9172	0	0	NA	0	0	0	0
X	151365896	X_151365896_A_T	A	T	10776	10228	10738	10228	0	0	NA	1	0	0	0
X	151437796	X_151437796_G_A	G	A	9255	8996	9209	8996	0	0	NA	1	0	0	0
X	153383519	X_153383519_A_G	A	G	10385	9853	10336	9853	0	0	NA	1	0	0	0
