contig	position	id	ref_allele	alt_allele	depth	depth_pass	n_ref_total	n_ref_pass	n_alt_total	n_alt_pass	seen_in_norm	n_alt_dsc_suppressed	n_alt_ssc_total	n_alt_ssc_pass	n_alt_ssc_only
1	4844004	1_4844004_T_G	T	G	2342	2234	2339	2234	0	0	NA	0	0	0	0
1	6170844	1_6170844_C_A	C	A	4489	4322	4478	4322	0	0	NA	1	0	0	0
1	7569244	1_7569244_A_T	A	T	1199	1168	1193	1168	0	0	NA	0	0	0	0
1	10117326	1_10117326_A_C	A	C	1820	1752	1818	1752	0	0	NA	1	0	0	0
1	15177388	1_15177388_C_T	C	T	252	246	252	246	0	0	NA	0	0	0	0
1	18334800	1_18334800_G_A	G	A	8333	7532	8279	7532	0	0	NA	1	0	0	0
1	22260126	1_22260126_G_T	G	T	1634	1548	1624	1548	0	0	NA	1	0	0	0
1	22870308	1_22870308_G_T	G	T	8122	7232	8071	7232	0	0	NA	0	0	0	0
1	34888950	1_34888950_C_G	C	G	1368	1338	1367	1338	0	0	NA	0	0	0	0
1	35447897	1_35447897_A_C	A	C	7341	6503	7319	6503	0	0	NA	0	0	0	0
1	40549282	1_40549282_T_A	T	A	5487	5277	5474	5277	0	0	NA	0	0	0	0
1	41362157	1_41362157_C_A	C	A	5642	5395	5612	5394	1	1	NA	1	2	1	1
1	48900232	1_48900232_C_A	C	A	6544	6304	6514	6304	0	0	NA	0	0	0	0
1	49529273	1_49529273_G_C	G	C	6228	6088	6205	6088	0	0	NA	0	0	0	0
1	52386058	1_52386058_T_C	T	C	7446	6905	7416	6905	0	0	NA	0	0	0	0
1	53456591	1_53456591_C_T	C	T	6549	6158	6509	6158	0	0	NA	1	0	0	0
1	54185325	1_54185325_A_C	A	C	3953	3811	3941	3811	0	0	NA	0	0	0	0
1	55165897	1_55165897_T_A	T	A	4763	4509	4749	4509	0	0	NA	0	0	0	0
1	56103271	1_56103271_C_T	C	T	472	453	469	453	0	0	NA	0	0	0	0
1	58426799	1_58426799_G_T	G	T	4606	4429	4595	4429	0	0	NA	1	0	0	0
1	62339339	1_62339339_A_G	A	G	2305	2241	2299	2241	0	0	NA	0	0	0	0
1	72015571	1_72015571_C_A	C	A	4015	3858	4003	3858	0	0	NA	0	0	0	0
1	72647083	1_72647083_C_A	C	A	8243	7781	8201	7781	0	0	NA	2	0	0	0
1	76050696	1_76050696_T_A	T	A	7122	6496	7083	6496	0	0	NA	0	0	0	0
1	76193694	1_76193694_T_C	T	C	8917	8030	8889	8030	0	0	NA	1	0	0	0
1	77934706	1_77934706_G_A	G	A	7912	7109	7876	7109	0	0	NA	4	1	1	1
1	84678937	1_84678937_T_A	T	A	8804	7996	8764	7996	0	0	NA	1	0	0	0
1	86364035	1_86364035_A_T	A	T	6671	6476	6646	6476	0	0	NA	0	0	0	0
1	88373074	1_88373074_G_A	G	A	6715	6452	6677	6452	0	0	NA	1	0	0	0
1	91138147	1_91138147_C_G	C	G	7231	6945	7190	6945	0	0	NA	1	0	0	0
1	91235677	1_91235677_A_C	A	C	6052	5924	6038	5924	0	0	NA	0	0	0	0
1	93283568	1_93283568_G_T	G	T	5333	5186	5316	5186	0	0	NA	0	0	0	0
1	93323389	1_93323389_C_A	C	A	1443	1380	1432	1380	0	0	NA	0	0	0	0
1	93828973	1_93828973_C_T	C	T	1729	1675	1724	1675	0	0	NA	3	0	0	0
1	95091533	1_95091533_T_C	T	C	388	380	388	380	0	0	NA	0	0	0	0
1	102453962	1_102453962_T_G	T	G	8035	7182	7982	7182	0	0	NA	2	0	0	0
1	103523357	1_103523357_G_C	G	C	1533	1500	1530	1500	0	0	NA	0	0	0	0
1	104540834	1_104540834_G_A	G	A	3866	3747	3855	3747	0	0	NA	0	0	0	0
1	106243715	1_106243715_T_A	T	A	1483	1451	1482	1451	0	0	NA	0	0	0	0
1	115103796	1_115103796_G_T	G	T	6951	6371	6913	6371	0	0	NA	0	0	0	0
1	117751794	1_117751794_G_C	G	C	5416	5214	5401	5214	0	0	NA	0	0	0	0
1	118625501	1_118625501_G_T	G	T	4207	4032	4198	4032	0	0	NA	0	0	0	0
1	119082826	1_119082826_A_G	A	G	5855	5652	5838	5652	0	0	NA	2	0	0	0
1	119587290	1_119587290_G_C	G	C	5924	5628	5905	5626	2	2	NA	0	2	2	2
1	145522955	1_145522955_G_T	G	T	5688	5468	5665	5468	0	0	NA	2	0	0	0
1	153164063	1_153164063_G_A	G	A	8010	7476	7955	7472	4	4	NA	2	11	11	11
1	156563162	1_156563162_G_T	G	T	5458	5138	5431	5138	0	0	NA	2	1	1	1
1	157835862	1_157835862_C_G	C	G	8075	7508	8040	7506	2	2	NA	0	2	2	2
1	159433795	1_159433795_G_A	G	A	312	302	310	302	0	0	NA	0	0	0	0
1	159469366	1_159469366_C_A	C	A	6348	6000	6326	6000	0	0	NA	0	0	0	0
1	161047547	1_161047547_A_C	A	C	7339	6813	7297	6813	0	0	NA	0	0	0	0
1	165489794	1_165489794_A_T	A	T	7239	6929	7213	6929	0	0	NA	0	0	0	0
1	165530369	1_165530369_A_G	A	G	7758	7225	7742	7225	0	0	NA	0	0	0	0
1	168756928	1_168756928_G_T	G	T	534	517	534	517	0	0	NA	0	1	1	1
1	168757922	1_168757922_G_A	G	A	8635	7783	8588	7783	0	0	NA	2	0	0	0
1	172433597	1_172433597_G_T	G	T	7703	7142	7666	7142	0	0	NA	0	0	0	0
1	174163819	1_174163819_C_T	C	T	8250	7343	8175	7343	1	0	NA	2	3	2	2
1	182443886	1_182443886_G_A	G	A	7929	7253	7889	7253	0	0	NA	0	0	0	0
1	184765103	1_184765103_T_C	T	C	8478	7711	8456	7711	0	0	NA	0	0	0	0
1	185406808	1_185406808_G_T	G	T	8628	7834	8572	7833	1	1	NA	1	2	2	2
1	187482445	1_187482445_C_A	C	A	7598	7055	7561	7055	0	0	NA	1	0	0	0
1	192399510	1_192399510_A_G	A	G	6873	6466	3651	3484	3176	2982	NA	7	5705	5434	5434
1	196376682	1_196376682_T_C	T	C	1695	1664	1693	1664	0	0	NA	0	0	0	0
1	199139261	1_199139261_C_T	C	T	9211	8273	9158	8273	0	0	NA	0	0	0	0
1	200625548	1_200625548_T_A	T	A	7152	6849	7129	6849	0	0	NA	0	0	0	0
1	202405491	1_202405491_T_G	T	G	4684	4526	4670	4526	0	0	NA	1	0	0	0
1	202685575	1_202685575_T_A	T	A	1414	1376	1413	1376	0	0	NA	0	0	0	0
1	207354586	1_207354586_T_C	T	C	3361	3243	3353	3243	0	0	NA	0	0	0	0
1	211209885	1_211209885_T_A	T	A	3267	3157	3261	3157	0	0	NA	0	0	0	0
1	213617847	1_213617847_G_A	G	A	7278	6628	7257	6628	0	0	NA	0	0	0	0
1	214015630	1_214015630_A_T	A	T	230	222	229	222	0	0	NA	0	0	0	0
1	221007990	1_221007990_T_A	T	A	2383	2315	2378	2315	0	0	NA	0	0	0	0
1	223226987	1_223226987_T_G	T	G	4424	3972	4370	3972	0	0	NA	4	0	0	0
1	223519958	1_223519958_A_T	A	T	8121	7531	8074	7531	0	0	NA	0	0	0	0
1	223830256	1_223830256_C_T	C	T	8014	7299	7975	7299	0	0	NA	0	0	0	0
1	226633722	1_226633722_A_C	A	C	9175	8013	9123	8013	0	0	NA	0	0	0	0
1	230235027	1_230235027_C_T	C	T	6570	6152	6535	6152	0	0	NA	2	0	0	0
1	231082316	1_231082316_T_C	T	C	6309	5843	6284	5843	0	0	NA	0	0	0	0
1	231438997	1_231438997_C_A	C	A	4126	4042	4113	4042	0	0	NA	0	0	0	0
1	232573866	1_232573866_A_T	A	T	7646	7312	7603	7312	0	0	NA	0	0	0	0
1	234163293	1_234163293_G_A	G	A	5634	5408	5601	5408	0	0	NA	7	1	1	1
1	237333396	1_237333396_T_C	T	C	551	457	550	457	0	0	NA	0	0	0	0
1	238366103	1_238366103_G_A	G	A	269	260	268	260	0	0	NA	1	0	0	0
1	240431491	1_240431491_G_A	G	A	8275	7801	8230	7800	1	1	NA	0	2	2	2
2	3912955	2_3912955_A_T	A	T	7723	6859	7645	6859	0	0	NA	1	0	0	0
2	4824219	2_4824219_G_A	G	A	4456	4315	4443	4315	0	0	NA	1	0	0	0
2	5395102	2_5395102_C_T	C	T	7027	6497	6961	6497	0	0	NA	3	2	2	2
2	6557711	2_6557711_A_G	A	G	7268	6831	7243	6831	0	0	NA	1	0	0	0
2	7115639	2_7115639_A_T	A	T	7885	6849	7854	6849	0	0	NA	0	0	0	0
2	8247584	2_8247584_T_A	T	A	3208	3143	3197	3143	0	0	NA	0	0	0	0
2	11776308	2_11776308_T_C	T	C	7666	7082	7622	7082	0	0	NA	2	1	1	1
2	15475057	2_15475057_C_A	C	A	7766	7155	7732	7155	0	0	NA	1	0	0	0
2	15733707	2_15733707_A_G	A	G	8122	7607	8097	7607	0	0	NA	2	0	0	0
2	16139085	2_16139085_T_G	T	G	6653	6242	6628	6242	0	0	NA	1	0	0	0
2	17298685	2_17298685_A_T	A	T	7350	6682	7311	6682	0	0	NA	0	0	0	0
2	17748067	2_17748067_T_C	T	C	7816	7387	7795	7387	0	0	NA	0	1	1	1
2	19956742	2_19956742_C_T	C	T	643	625	638	625	0	0	NA	0	0	0	0
2	20381688	2_20381688_A_G	A	G	3428	3257	3413	3257	0	0	NA	0	0	0	0
2	20835025	2_20835025_C_A	C	A	6345	5929	6312	5929	0	0	NA	0	0	0	0
2	22926049	2_22926049_A_C	A	C	7835	7191	7801	7191	0	0	NA	0	0	0	0
2	23924200	2_23924200_C_T	C	T	4044	3328	4032	3328	0	0	NA	1	0	0	0
2	25879170	2_25879170_T_A	T	A	7868	7503	7838	7503	0	0	NA	0	1	1	1
2	27790743	2_27790743_G_C	G	C	3144	3008	3130	3008	0	0	NA	0	0	0	0
2	28949923	2_28949923_G_A	G	A	958	900	948	900	0	0	NA	1	0	0	0
2	36716580	2_36716580_T_A	T	A	2003	1928	2001	1928	0	0	NA	0	0	0	0
2	41659455	2_41659455_C_A	C	A	7148	6847	7083	6847	0	0	NA	0	0	0	0
2	45930539	2_45930539_T_A	T	A	6564	6103	6547	6103	0	0	NA	0	0	0	0
2	50780994	2_50780994_A_G	A	G	7261	6768	7229	6768	0	0	NA	0	0	0	0
2	54679670	2_54679670_A_G	A	G	7307	6704	7272	6704	0	0	NA	0	0	0	0
2	55834582	2_55834582_A_G	A	G	312	305	312	305	0	0	NA	0	0	0	0
2	59891616	2_59891616_T_G	T	G	7221	6714	7193	6714	0	0	NA	1	0	0	0
2	65161835	2_65161835_C_G	C	G	4959	4581	4940	4581	0	0	NA	0	0	0	0
2	67835846	2_67835846_A_G	A	G	723	710	723	710	0	0	NA	0	0	0	0
2	68213058	2_68213058_C_G	C	G	2610	2552	2603	2552	0	0	NA	0	0	0	0
2	73335801	2_73335801_A_C	A	C	595	578	595	578	0	0	NA	0	0	0	0
2	73442111	2_73442111_G_T	G	T	2736	2678	2724	2678	0	0	NA	0	0	0	0
2	77471717	2_77471717_C_T	C	T	5466	4623	5432	4623	0	0	NA	0	0	0	0
2	77576112	2_77576112_C_A	C	A	7169	6777	7125	6777	0	0	NA	0	0	0	0
2	82292714	2_82292714_G_T	G	T	7808	7168	7762	7168	0	0	NA	4	0	0	0
2	96879402	2_96879402_T_G	T	G	131	128	131	128	0	0	NA	0	0	0	0
2	99062443	2_99062443_A_C	A	C	6824	6376	6796	6376	0	0	NA	0	0	0	0
2	107893779	2_107893779_C_T	C	T	8100	7527	8056	7527	0	0	NA	3	0	0	0
2	108768554	2_108768554_A_T	A	T	5757	5547	5744	5547	0	0	NA	0	0	0	0
2	115108756	2_115108756_G_C	G	C	8270	7885	8240	7885	0	0	NA	0	0	0	0
2	117143772	2_117143772_C_T	C	T	6291	5744	6246	5744	0	0	NA	0	0	0	0
2	117659454	2_117659454_G_T	G	T	4667	4307	4626	4307	0	0	NA	2	0	0	0
2	118805910	2_118805910_G_T	G	T	8266	7542	8227	7542	0	0	NA	0	0	0	0
2	119840140	2_119840140_G_T	G	T	5557	5313	5534	5313	0	0	NA	4	0	0	0
2	119957341	2_119957341_C_A	C	A	7980	7448	7954	7448	0	0	NA	1	0	0	0
2	120273684	2_120273684_C_A	C	A	4	4	4	4	0	0	NA	0	0	0	0
2	122143926	2_122143926_G_C	G	C	1236	1211	1234	1211	0	0	NA	0	0	0	0
2	125490030	2_125490030_C_T	C	T	2613	2516	2606	2516	0	0	NA	0	0	0	0
2	127741822	2_127741822_A_G	A	G	3274	3169	3270	3169	0	0	NA	0	0	0	0
2	131490770	2_131490770_C_T	C	T	6162	5812	6144	5812	0	0	NA	0	0	0	0
2	133194740	2_133194740_T_A	T	A	8671	7891	8644	7891	0	0	NA	0	0	0	0
2	133448053	2_133448053_C_A	C	A	7881	7441	7840	7441	0	0	NA	1	0	0	0
2	135010088	2_135010088_G_A	G	A	8219	7305	8182	7305	0	0	NA	0	0	0	0
2	137324485	2_137324485_A_G	A	G	5680	5363	5670	5363	0	0	NA	0	0	0	0
2	137839936	2_137839936_G_T	G	T	8156	7432	8115	7432	0	0	NA	3	0	0	0
2	137853166	2_137853166_G_A	G	A	5886	5684	5812	5634	51	50	NA	1	116	112	112
2	138169379	2_138169379_C_T	C	T	7057	6384	7021	6384	0	0	NA	2	1	1	1
2	139002042	2_139002042_G_T	G	T	7091	6818	7067	6818	0	0	NA	1	0	0	0
2	140603800	2_140603800_G_A	G	A	8457	8081	8423	8080	1	1	NA	0	1	1	1
2	141571326	2_141571326_C_G	C	G	5894	5665	5862	5665	0	0	NA	0	0	0	0
2	142527243	2_142527243_C_A	C	A	1169	952	1160	952	0	0	NA	1	2	2	2
2	144040757	2_144040757_G_C	G	C	4463	4236	4434	4236	0	0	NA	1	0	0	0
2	145019145	2_145019145_T_A	T	A	1468	1425	1462	1425	0	0	NA	1	0	0	0
2	145373202	2_145373202_T_C	T	C	1458	1428	1452	1428	0	0	NA	1	0	0	0
2	150698372	2_150698372_G_T	G	T	8640	7863	8596	7860	3	3	NA	1	5	4	4
2	155108137	2_155108137_T_A	T	A	4652	4550	4628	4533	18	17	NA	1	37	36	36
2	172365265	2_172365265_C_A	C	A	7729	7272	7687	7272	0	0	NA	0	0	0	0
2	172987260	2_172987260_G_T	G	T	7846	7199	7809	7199	0	0	NA	1	0	0	0
2	173730719	2_173730719_A_T	A	T	9031	7971	8912	7971	0	0	NA	0	0	0	0
2	174364696	2_174364696_G_A	G	A	7894	7209	7845	7208	1	1	NA	0	2	2	2
2	174795474	2_174795474_C_A	C	A	6708	6224	6672	6224	0	0	NA	0	0	0	0
2	177388765	2_177388765_G_A	G	A	6164	5710	6123	5710	0	0	NA	1	0	0	0
2	179743615	2_179743615_G_T	G	T	5509	5297	5486	5297	0	0	NA	3	0	0	0
2	181815201	2_181815201_T_G	T	G	8077	7713	8053	7713	0	0	NA	0	0	0	0
2	183214222	2_183214222_G_A	G	A	6589	6260	6543	6260	0	0	NA	0	0	0	0
2	187615465	2_187615465_G_T	G	T	3040	2959	3028	2959	0	0	NA	0	0	0	0
2	200443962	2_200443962_C_T	C	T	2380	2295	2367	2295	0	0	NA	1	0	0	0
2	202356396	2_202356396_A_G	A	G	2437	2398	2435	2398	0	0	NA	0	0	0	0
2	202955836	2_202955836_C_T	C	T	2144	2044	2136	2044	0	0	NA	1	0	0	0
2	205217749	2_205217749_A_G	A	G	7749	7374	7725	7374	0	0	NA	0	0	0	0
2	206129967	2_206129967_C_A	C	A	7074	6812	7024	6812	0	0	NA	1	0	0	0
2	208712309	2_208712309_T_A	T	A	4441	4290	4424	4290	0	0	NA	1	0	0	0
2	210411316	2_210411316_G_T	G	T	7202	6798	7162	6798	0	0	NA	1	0	0	0
2	215677873	2_215677873_C_T	C	T	5263	5125	5241	5125	0	0	NA	0	1	0	0
2	217729060	2_217729060_C_T	C	T	5189	4956	5158	4956	0	0	NA	1	0	0	0
2	219480850	2_219480850_G_T	G	T	4246	4125	4237	4125	0	0	NA	1	0	0	0
2	223002417	2_223002417_A_G	A	G	3632	3552	3625	3552	0	0	NA	0	0	0	0
2	223140663	2_223140663_G_A	G	A	7717	7033	7646	7033	0	0	NA	3	1	1	1
2	224493914	2_224493914_C_G	C	G	8670	7739	8631	7739	0	0	NA	0	0	0	0
2	229040974	2_229040974_G_A	G	A	6056	5692	6030	5692	0	0	NA	2	1	1	1
2	229567009	2_229567009_G_C	G	C	2932	2653	2926	2653	0	0	NA	1	0	0	0
2	230022469	2_230022469_T_G	T	G	7046	6609	7021	6609	0	0	NA	1	0	0	0
2	232132524	2_232132524_A_G	A	G	3552	3365	3548	3365	0	0	NA	0	0	0	0
2	232510239	2_232510239_C_A	C	A	1967	1870	1963	1870	0	0	NA	0	0	0	0
2	233879185	2_233879185_A_C	A	C	6067	5818	6056	5818	0	0	NA	0	0	0	0
2	240377374	2_240377374_A_C	A	C	8073	7218	8033	7218	0	0	NA	1	0	0	0
3	2553911	3_2553911_G_T	G	T	3284	3117	3271	3117	0	0	NA	2	0	0	0
3	2669737	3_2669737_G_T	G	T	3595	3409	3580	3409	0	0	NA	2	0	0	0
3	5358694	3_5358694_C_A	C	A	3961	3220	3946	3220	0	0	NA	0	0	0	0
3	7175075	3_7175075_G_T	G	T	6880	6299	6849	6299	0	0	NA	0	0	0	0
3	9387818	3_9387818_T_G	T	G	7795	6908	7762	6908	0	0	NA	1	0	0	0
3	10484771	3_10484771_T_G	T	G	8407	7653	8383	7653	0	0	NA	0	0	0	0
3	11538088	3_11538088_C_A	C	A	5063	4903	5042	4903	0	0	NA	2	0	0	0
3	12356928	3_12356928_G_T	G	T	8936	7925	8896	7925	0	0	NA	1	0	0	0
3	12559866	3_12559866_G_A	G	A	8437	7568	8394	7568	0	0	NA	2	1	1	1
3	14084763	3_14084763_G_A	G	A	6236	5929	6222	5929	0	0	NA	1	0	0	0
3	22764915	3_22764915_G_T	G	T	8554	8013	8530	8013	0	0	NA	1	0	0	0
3	29600283	3_29600283_G_T	G	T	1398	1342	1396	1342	0	0	NA	0	0	0	0
3	29832788	3_29832788_G_T	G	T	5764	5419	5737	5419	0	0	NA	3	0	0	0
3	31262457	3_31262457_A_G	A	G	1258	1239	1255	1239	0	0	NA	1	0	0	0
3	34555188	3_34555188_A_G	A	G	1764	1721	1762	1721	0	0	NA	1	0	0	0
3	35066705	3_35066705_A_G	A	G	7908	7449	7881	7449	0	0	NA	1	0	0	0
3	37732492	3_37732492_T_A	T	A	2492	2453	2488	2453	0	0	NA	1	0	0	0
3	39066033	3_39066033_C_T	C	T	2726	2657	2720	2657	0	0	NA	0	0	0	0
3	45812847	3_45812847_T_C	T	C	8340	7093	8306	7093	0	0	NA	0	1	1	1
3	47455328	3_47455328_C_A	C	A	4911	4657	4889	4657	0	0	NA	0	0	0	0
3	56419336	3_56419336_T_G	T	G	5804	5606	5795	5606	0	0	NA	2	0	0	0
3	57138905	3_57138905_G_T	G	T	7727	6978	7689	6978	0	0	NA	2	0	0	0
3	62971031	3_62971031_A_T	A	T	8258	7773	8234	7773	0	0	NA	0	0	0	0
3	66097629	3_66097629_T_G	T	G	7545	6883	7510	6883	0	0	NA	2	0	0	0
3	66840056	3_66840056_A_T	A	T	5865	5528	5834	5528	0	0	NA	0	0	0	0
3	73582034	3_73582034_A_G	A	G	7800	7157	7777	7157	0	0	NA	0	0	0	0
3	74125644	3_74125644_C_A	C	A	3064	2985	3059	2985	0	0	NA	2	0	0	0
3	74150571	3_74150571_C_G	C	G	6880	6456	6845	6456	0	0	NA	1	0	0	0
3	74187831	3_74187831_G_T	G	T	6143	5779	6116	5779	0	0	NA	2	0	0	0
3	74567443	3_74567443_G_C	G	C	2275	2216	2260	2210	6	6	NA	0	16	16	16
3	74793359	3_74793359_T_C	T	C	1717	1684	1715	1684	0	0	NA	0	0	0	0
3	78127388	3_78127388_G_A	G	A	6507	6274	6479	6274	0	0	NA	0	0	0	0
3	78765829	3_78765829_C_A	C	A	942	917	935	917	0	0	NA	0	0	0	0
3	80348653	3_80348653_A_T	A	T	2531	2485	2527	2485	0	0	NA	0	0	0	0
3	82573415	3_82573415_G_T	G	T	4532	4414	4525	4414	0	0	NA	0	0	0	0
3	83552092	3_83552092_G_C	G	C	8871	7419	8800	7419	0	0	NA	0	0	0	0
3	85685856	3_85685856_A_G	A	G	6915	6555	6880	6555	0	0	NA	0	0	0	0
3	86034469	3_86034469_T_C	T	C	5289	5101	5274	5101	0	0	NA	0	0	0	0
3	86370084	3_86370084_T_C	T	C	3560	3402	3552	3401	1	1	NA	0	2	2	2
3	87006753	3_87006753_C_A	C	A	8259	7611	8198	7611	1	0	NA	1	1	0	0
3	87243615	3_87243615_C_A	C	A	5705	5490	5676	5490	0	0	NA	0	0	0	0
3	88578363	3_88578363_A_G	A	G	8172	7329	8134	7329	0	0	NA	0	0	0	0
3	95526760	3_95526760_G_T	G	T	6982	6573	6958	6573	0	0	NA	0	0	0	0
3	101782655	3_101782655_G_A	G	A	9042	7851	8966	7851	0	0	NA	5	0	0	0
3	102450811	3_102450811_A_T	A	T	5786	5484	5769	5484	0	0	NA	0	0	0	0
3	102980991	3_102980991_T_A	T	A	3835	3631	3825	3631	0	0	NA	0	0	0	0
3	107229942	3_107229942_G_A	G	A	1859	868	1852	868	0	0	NA	0	0	0	0
3	109824375	3_109824375_G_C	G	C	6675	6355	6641	6355	0	0	NA	0	0	0	0
3	110930539	3_110930539_A_C	A	C	8289	7647	8242	7647	0	0	NA	0	1	0	0
3	111434967	3_111434967_C_T	C	T	7856	6711	7800	6711	0	0	NA	0	0	0	0
3	112008902	3_112008902_G_T	G	T	7215	6821	7181	6821	0	0	NA	1	0	0	0
3	117522451	3_117522451_C_A	C	A	6441	6231	6411	6231	0	0	NA	0	0	0	0
3	117844285	3_117844285_T_A	T	A	7130	6811	7109	6811	0	0	NA	1	0	0	0
3	118600778	3_118600778_G_A	G	A	5089	4920	5075	4920	0	0	NA	1	1	1	1
3	120282678	3_120282678_G_C	G	C	9045	7851	8981	7851	0	0	NA	1	0	0	0
3	121778430	3_121778430_A_G	A	G	3940	3494	3930	3494	0	0	NA	0	0	0	0
3	126499704	3_126499704_T_C	T	C	5621	5262	5602	5262	0	0	NA	0	0	0	0
3	131083012	3_131083012_C_A	C	A	5659	5524	5643	5524	0	0	NA	0	0	0	0
3	133207199	3_133207199_G_T	G	T	7297	6865	7240	6865	0	0	NA	0	0	0	0
3	134657090	3_134657090_C_T	C	T	5708	5330	5684	5330	0	0	NA	1	1	1	1
3	142451195	3_142451195_G_C	G	C	2601	2481	2593	2481	0	0	NA	0	0	0	0
3	142893311	3_142893311_T_A	T	A	1385	1357	1384	1357	0	0	NA	0	0	0	0
3	148559950	3_148559950_A_C	A	C	2522	2386	2517	2386	0	0	NA	1	0	0	0
3	149042036	3_149042036_C_T	C	T	2907	2790	2895	2790	0	0	NA	0	0	0	0
3	154205556	3_154205556_A_G	A	G	7863	7037	7808	7037	0	0	NA	5	1	0	0
3	157493771	3_157493771_T_G	T	G	4395	4232	4386	4232	0	0	NA	0	0	0	0
3	158833017	3_158833017_A_G	A	G	1395	1358	1392	1358	0	0	NA	2	0	0	0
3	160189910	3_160189910_G_T	G	T	5381	5097	5367	5097	0	0	NA	0	0	0	0
3	161150848	3_161150848_T_A	T	A	2992	2922	2982	2922	0	0	NA	0	0	0	0
3	161829752	3_161829752_C_T	C	T	6446	5903	6402	5903	0	0	NA	3	0	0	0
3	163456054	3_163456054_A_C	A	C	5052	4899	5047	4899	0	0	NA	0	0	0	0
3	165761407	3_165761407_A_T	A	T	5441	5278	5427	5278	0	0	NA	0	0	0	0
3	170429958	3_170429958_T_C	T	C	7585	7266	7562	7266	0	0	NA	1	0	0	0
3	171072362	3_171072362_G_A	G	A	6229	5821	6196	5821	0	0	NA	0	0	0	0
3	173046783	3_173046783_C_A	C	A	4209	4077	4191	4077	0	0	NA	1	0	0	0
3	174411712	3_174411712_T_A	T	A	8764	8208	8723	8208	0	0	NA	0	0	0	0
3	177968674	3_177968674_G_A	G	A	1040	1007	1032	1007	0	0	NA	0	0	0	0
3	178376330	3_178376330_C_A	C	A	8217	7794	8185	7794	0	0	NA	0	0	0	0
3	179281487	3_179281487_C_A	C	A	6714	5976	6695	5976	0	0	NA	0	0	0	0
3	185788442	3_185788442_G_T	G	T	3570	3470	3558	3470	0	0	NA	1	0	0	0
3	187879056	3_187879056_C_A	C	A	6165	5816	6130	5816	0	0	NA	2	1	1	1
3	188913371	3_188913371_G_T	G	T	500	489	500	489	0	0	NA	0	0	0	0
3	193627567	3_193627567_A_T	A	T	6533	6090	6508	6090	0	0	NA	0	0	0	0
3	193845972	3_193845972_G_T	G	T	1328	1282	1322	1282	0	0	NA	1	0	0	0
3	193990650	3_193990650_G_T	G	T	7756	7126	7731	7126	0	0	NA	1	0	0	0
4	11488385	4_11488385_T_C	T	C	248	238	246	238	0	0	NA	1	0	0	0
4	17201531	4_17201531_G_T	G	T	5420	5239	5394	5239	0	0	NA	0	0	0	0
4	18826881	4_18826881_T_G	T	G	5286	5176	5273	5176	0	0	NA	1	0	0	0
4	24298428	4_24298428_G_A	G	A	3922	3794	3898	3794	0	0	NA	0	0	0	0
4	26870104	4_26870104_T_G	T	G	6423	6184	6393	6184	0	0	NA	1	0	0	0
4	28207986	4_28207986_C_A	C	A	5915	5609	5904	5609	0	0	NA	0	0	0	0
4	30171003	4_30171003_G_T	G	T	5351	5055	5316	5055	0	0	NA	13	1	1	1
4	36476278	4_36476278_T_G	T	G	4232	4164	4224	4164	0	0	NA	1	0	0	0
4	37114421	4_37114421_G_C	G	C	4912	4607	4890	4607	0	0	NA	0	0	0	0
4	40921703	4_40921703_G_T	G	T	3834	3684	3823	3684	0	0	NA	1	0	0	0
4	42325958	4_42325958_G_A	G	A	5553	5247	5530	5247	0	0	NA	0	1	1	1
4	52866435	4_52866435_A_T	A	T	974	948	973	948	0	0	NA	0	0	0	0
4	53057073	4_53057073_G_A	G	A	8434	7449	8397	7449	0	0	NA	1	0	0	0
4	53210725	4_53210725_T_A	T	A	930	902	928	902	0	0	NA	0	0	0	0
4	56420814	4_56420814_A_T	A	T	7204	6833	7178	6833	0	0	NA	0	0	0	0
4	59088372	4_59088372_A_T	A	T	5122	4967	5104	4967	0	0	NA	0	0	0	0
4	65021857	4_65021857_T_A	T	A	7536	7005	7502	7005	0	0	NA	0	0	0	0
4	66003157	4_66003157_C_G	C	G	4388	4108	4378	4108	0	0	NA	0	0	0	0
4	68928612	4_68928612_T_A	T	A	8340	7615	8303	7615	0	0	NA	0	0	0	0
4	69190459	4_69190459_T_C	T	C	5734	5507	5712	5507	0	0	NA	0	0	0	0
4	69612688	4_69612688_C_A	C	A	4300	4046	4273	4046	0	0	NA	0	0	0	0
4	70187587	4_70187587_G_A	G	A	8711	7720	8657	7720	0	0	NA	4	0	0	0
4	70733452	4_70733452_C_A	C	A	18	18	18	18	0	0	NA	0	0	0	0
4	76671128	4_76671128_G_T	G	T	15	13	15	13	0	0	NA	0	0	0	0
4	79861153	4_79861153_A_C	A	C	2158	2111	2156	2111	0	0	NA	0	0	0	0
4	89244006	4_89244006_T_C	T	C	5589	5283	5576	5279	4	4	NA	0	7	7	7
4	92088899	4_92088899_A_T	A	T	7418	7143	7402	7143	0	0	NA	0	0	0	0
4	92144803	4_92144803_A_T	A	T	668	661	667	661	0	0	NA	0	0	0	0
4	96125628	4_96125628_C_A	C	A	8365	7401	8330	7401	0	0	NA	0	0	0	0
4	108760135	4_108760135_C_G	C	G	8954	8164	8913	8164	0	0	NA	1	0	0	0
4	110476198	4_110476198_G_A	G	A	1468	1426	1464	1426	0	0	NA	0	0	0	0
4	113843422	4_113843422_A_G	A	G	8132	7415	8065	7415	0	0	NA	0	0	0	0
4	121278204	4_121278204_G_A	G	A	7757	6855	7657	6855	0	0	NA	2	0	0	0
4	121358474	4_121358474_C_T	C	T	629	610	627	610	0	0	NA	0	0	0	0
4	125028341	4_125028341_A_T	A	T	6879	6646	6846	6644	2	2	NA	0	3	3	3
4	134590723	4_134590723_T_C	T	C	6774	6535	6750	6535	1	0	NA	0	1	0	0
4	135766053	4_135766053_A_C	A	C	7031	6407	7000	6407	0	0	NA	1	0	0	0
4	139265044	4_139265044_G_A	G	A	4753	4474	4729	4474	0	0	NA	4	0	0	0
4	140115872	4_140115872_C_G	C	G	6724	6286	6675	6286	0	0	NA	0	0	0	0
4	140723366	4_140723366_G_T	G	T	6855	6545	6817	6545	0	0	NA	2	0	0	0
4	141267013	4_141267013_C_A	C	A	255	243	253	243	0	0	NA	0	0	0	0
4	142411197	4_142411197_C_A	C	A	7509	7181	7462	7181	0	0	NA	2	0	0	0
4	146333335	4_146333335_A_G	A	G	3065	2985	3057	2985	0	0	NA	0	0	0	0
4	147923186	4_147923186_A_G	A	G	5324	5071	5310	5071	0	0	NA	1	0	0	0
4	152899624	4_152899624_C_A	C	A	3773	3621	3765	3621	0	0	NA	0	0	0	0
4	153252012	4_153252012_C_A	C	A	283	271	281	271	0	0	NA	0	0	0	0
4	153942358	4_153942358_T_G	T	G	1757	1706	1751	1706	0	0	NA	0	0	0	0
4	157916894	4_157916894_A_G	A	G	7478	7014	7454	7014	0	0	NA	0	0	0	0
4	159444861	4_159444861_G_T	G	T	6562	5912	6542	5912	0	0	NA	1	0	0	0
4	162099362	4_162099362_T_G	T	G	5843	5701	5829	5701	0	0	NA	0	0	0	0
4	163286666	4_163286666_T_C	T	C	8422	7440	8396	7440	0	0	NA	0	0	0	0
4	165251936	4_165251936_A_T	A	T	7036	6845	7018	6845	0	0	NA	0	0	0	0
4	167043681	4_167043681_G_T	G	T	5158	4952	5134	4952	0	0	NA	5	0	0	0
4	167238091	4_167238091_A_T	A	T	5948	5758	5923	5753	5	5	NA	0	10	10	10
4	170086300	4_170086300_G_T	G	T	4998	4852	4983	4852	0	0	NA	1	0	0	0
4	173509889	4_173509889_A_C	A	C	3512	3424	3505	3424	0	0	NA	0	0	0	0
4	175295888	4_175295888_G_T	G	T	6582	6148	6551	6148	0	0	NA	0	0	0	0
4	179087340	4_179087340_A_T	A	T	6207	5992	6186	5992	0	0	NA	0	0	0	0
4	182148244	4_182148244_G_C	G	C	1990	1938	1981	1938	0	0	NA	1	0	0	0
4	186029394	4_186029394_A_T	A	T	802	794	801	794	0	0	NA	0	0	0	0
4	187862196	4_187862196_G_C	G	C	7189	6627	7167	6627	0	0	NA	0	0	0	0
5	2300040	5_2300040_T_A	T	A	4642	4329	4627	4329	0	0	NA	0	0	0	0
5	2897490	5_2897490_G_T	G	T	8078	7395	8041	7395	0	0	NA	2	0	0	0
5	5711957	5_5711957_T_A	T	A	4777	4620	4761	4620	0	0	NA	0	0	0	0
5	6596368	5_6596368_C_A	C	A	3487	3285	3475	3285	0	0	NA	0	0	0	0
5	6810831	5_6810831_T_A	T	A	8071	7279	8027	7279	0	0	NA	0	0	0	0
5	6827415	5_6827415_T_C	T	C	4427	4257	4420	4257	0	0	NA	0	0	0	0
5	8787089	5_8787089_A_G	A	G	5660	5433	5647	5433	0	0	NA	0	0	0	0
5	10233227	5_10233227_T_G	T	G	6091	5834	6063	5834	0	0	NA	0	0	0	0
5	10654836	5_10654836_A_C	A	C	5928	5417	5918	5417	0	0	NA	1	0	0	0
5	12256147	5_12256147_A_G	A	G	5295	4841	5278	4841	0	0	NA	0	0	0	0
5	14137991	5_14137991_G_T	G	T	1203	1173	1200	1173	0	0	NA	1	0	0	0
5	14668623	5_14668623_T_G	T	G	1568	1533	1564	1533	0	0	NA	0	0	0	0
5	19395968	5_19395968_G_A	G	A	3936	3826	3928	3826	0	0	NA	0	0	0	0
5	21854122	5_21854122_T_A	T	A	6341	5919	6324	5919	0	0	NA	0	0	0	0
5	22122097	5_22122097_C_G	C	G	5213	4980	5192	4980	0	0	NA	0	0	0	0
5	30869795	5_30869795_T_A	T	A	7132	6641	7117	6641	0	0	NA	0	0	0	0
5	33041436	5_33041436_C_A	C	A	7835	6696	7780	6696	0	0	NA	1	0	0	0
5	36879112	5_36879112_A_T	A	T	2211	2102	2204	2102	0	0	NA	0	0	0	0
5	38286141	5_38286141_C_T	C	T	7280	6522	7238	6522	0	0	NA	2	0	0	0
5	40977836	5_40977836_C_T	C	T	4753	4429	4729	4428	1	1	NA	2	3	3	3
5	44097712	5_44097712_C_T	C	T	6693	6353	6654	6353	0	0	NA	0	0	0	0
5	57412003	5_57412003_G_A	G	A	6231	6045	6192	6045	0	0	NA	0	0	0	0
5	58351823	5_58351823_T_A	T	A	2827	2698	2814	2698	0	0	NA	0	1	0	0
5	58470879	5_58470879_C_T	C	T	4043	3746	4014	3746	0	0	NA	0	1	1	1
5	58856861	5_58856861_T_C	T	C	7005	6584	6991	6584	0	0	NA	1	0	0	0
5	62983374	5_62983374_G_A	G	A	8953	7621	8894	7620	1	1	NA	2	1	1	1
5	64678561	5_64678561_A_T	A	T	2210	2152	2205	2152	0	0	NA	0	0	0	0
5	70802193	5_70802193_A_G	A	G	6199	5982	6176	5982	0	0	NA	0	1	0	0
5	72882543	5_72882543_C_A	C	A	2936	2790	2920	2790	0	0	NA	0	0	0	0
5	75683103	5_75683103_C_A	C	A	558	544	557	544	0	0	NA	0	0	0	0
5	89434466	5_89434466_C_T	C	T	6725	6303	6689	6303	0	0	NA	2	0	0	0
5	91171453	5_91171453_G_T	G	T	5554	5281	5536	5281	0	0	NA	0	0	0	0
5	91298364	5_91298364_A_C	A	C	4490	4374	4471	4374	0	0	NA	0	0	0	0
5	96721764	5_96721764_A_G	A	G	6802	6586	6779	6586	0	0	NA	1	0	0	0
5	97742665	5_97742665_G_C	G	C	3121	3038	3116	3038	0	0	NA	0	0	0	0
5	98432802	5_98432802_C_T	C	T	4523	4008	4509	4008	0	0	NA	0	0	0	0
5	101991142	5_101991142_T_C	T	C	4017	3793	4006	3793	0	0	NA	0	0	0	0
5	103478794	5_103478794_T_C	T	C	8319	7768	8296	7768	0	0	NA	1	0	0	0
5	110413045	5_110413045_C_A	C	A	7743	7291	7700	7291	0	0	NA	0	0	0	0
5	110808215	5_110808215_T_A	T	A	4034	3963	4025	3963	0	0	NA	2	0	0	0
5	111176809	5_111176809_A_T	A	T	5038	4910	5028	4910	0	0	NA	2	0	0	0
5	113953237	5_113953237_G_T	G	T	5340	5231	5326	5231	0	0	NA	0	0	0	0
5	115325336	5_115325336_G_A	G	A	6281	5961	6257	5961	0	0	NA	0	0	0	0
5	116069563	5_116069563_G_A	G	A	1547	1470	1537	1470	0	0	NA	0	0	0	0
5	117264206	5_117264206_A_T	A	T	2234	2195	2230	2195	0	0	NA	2	0	0	0
5	118343515	5_118343515_C_A	C	A	6416	6208	6389	6208	0	0	NA	1	0	0	0
5	126065530	5_126065530_A_C	A	C	4492	2461	4472	2461	0	0	NA	0	0	0	0
5	127817097	5_127817097_T_C	T	C	2282	2218	2281	2218	0	0	NA	0	0	0	0
5	128060307	5_128060307_G_A	G	A	1122	1082	1116	1082	0	0	NA	0	0	0	0
5	130198590	5_130198590_T_G	T	G	1497	1475	1493	1475	0	0	NA	0	2	2	2
5	133442470	5_133442470_G_T	G	T	1752	1670	1745	1670	0	0	NA	0	0	0	0
5	134807349	5_134807349_C_T	C	T	7320	7014	7285	7014	0	0	NA	1	0	0	0
5	134861544	5_134861544_C_A	C	A	7973	7153	7925	7153	0	0	NA	0	0	0	0
5	135533847	5_135533847_G_A	G	A	7676	7105	7613	7105	0	0	NA	4	1	1	1
5	135595997	5_135595997_G_A	G	A	5635	5497	5623	5497	0	0	NA	0	0	0	0
5	136197866	5_136197866_T_A	T	A	2632	2531	2626	2531	0	0	NA	2	0	0	0
5	136498207	5_136498207_A_G	A	G	7815	6896	7775	6896	0	0	NA	3	0	0	0
5	138746857	5_138746857_G_T	G	T	5034	4740	5020	4740	0	0	NA	2	1	0	0
5	140792583	5_140792583_A_T	A	T	8339	7326	8258	7326	0	0	NA	0	0	0	0
5	141157858	5_141157858_G_C	G	C	7969	6943	7886	6943	0	0	NA	0	0	0	0
5	141175079	5_141175079_C_A	C	A	8185	7197	8145	7197	0	0	NA	0	0	0	0
5	147977764	5_147977764_T_G	T	G	9688	8323	9609	8323	0	0	NA	0	0	0	0
5	151637138	5_151637138_T_G	T	G	8618	8025	8574	8025	0	0	NA	1	0	0	0
5	152446906	5_152446906_C_T	C	T	8762	7962	8718	7962	0	0	NA	0	2	2	2
5	156028138	5_156028138_G_T	G	T	8099	7350	8038	7350	0	0	NA	2	0	0	0
5	157093119	5_157093119_T_C	T	C	9092	8299	9072	8299	0	0	NA	1	0	0	0
5	163218731	5_163218731_A_C	A	C	9089	8282	9045	8282	0	0	NA	0	0	0	0
5	167343912	5_167343912_C_T	C	T	8478	7321	8425	7321	0	0	NA	0	0	0	0
5	167638050	5_167638050_C_T	C	T	7539	7010	7478	7010	0	0	NA	2	1	1	1
5	168941189	5_168941189_A_T	A	T	6726	6449	6692	6449	0	0	NA	0	0	0	0
5	170336768	5_170336768_A_T	A	T	6526	6108	6491	6108	0	0	NA	0	0	0	0
5	170446211	5_170446211_C_A	C	A	9233	8177	9173	8177	0	0	NA	1	1	0	0
5	174431621	5_174431621_C_A	C	A	9051	7777	8929	7777	0	0	NA	2	0	0	0
5	178389137	5_178389137_T_G	T	G	6457	5982	6435	5982	0	0	NA	0	0	0	0
5	179484832	5_179484832_G_T	G	T	7894	7050	7855	7050	0	0	NA	0	0	0	0
6	531795	6_531795_A_G	A	G	9046	8220	9012	8220	0	0	NA	0	1	0	0
6	533689	6_533689_A_T	A	T	9051	7951	9008	7951	0	0	NA	0	0	0	0
6	1203447	6_1203447_G_T	G	T	8467	7419	8383	7419	0	0	NA	1	0	0	0
6	1316030	6_1316030_T_C	T	C	7942	7523	7922	7523	0	0	NA	0	0	0	0
6	3454179	6_3454179_A_T	A	T	8918	7816	8875	7816	0	0	NA	0	0	0	0
6	4355848	6_4355848_A_C	A	C	9185	8101	9141	8101	0	0	NA	0	0	0	0
6	8294290	6_8294290_G_A	G	A	8573	7762	8504	7762	0	0	NA	0	0	0	0
6	11046057	6_11046057_G_T	G	T	9131	8348	9077	8348	0	0	NA	4	0	0	0
6	13021499	6_13021499_C_A	C	A	8124	7737	8087	7737	0	0	NA	0	0	0	0
6	18079001	6_18079001_C_T	C	T	8482	7501	8394	7500	0	0	NA	1	0	0	0
6	19445094	6_19445094_A_G	A	G	8263	7441	8227	7441	0	0	NA	0	0	0	0
6	19666621	6_19666621_G_C	G	C	7135	6514	7075	6513	1	1	NA	0	1	1	1
6	20008059	6_20008059_C_A	C	A	9253	8139	9187	8139	0	0	NA	1	0	0	0
6	20611977	6_20611977_A_G	A	G	8252	7803	8212	7803	0	0	NA	2	0	0	0
6	23133721	6_23133721_C_A	C	A	6697	6269	6653	6269	0	0	NA	1	0	0	0
6	27688462	6_27688462_G_C	G	C	7782	7029	7752	7029	0	0	NA	0	0	0	0
6	34389762	6_34389762_A_G	A	G	4807	4164	4787	4164	0	0	NA	1	0	0	0
6	41012044	6_41012044_C_T	C	T	7006	6693	6975	6692	1	1	NA	0	1	1	1
6	42281055	6_42281055_G_C	G	C	8683	7976	8628	7976	0	0	NA	0	0	0	0
6	42719997	6_42719997_T_C	T	C	8471	7340	8434	7340	0	0	NA	0	0	0	0
6	43623417	6_43623417_G_A	G	A	8393	7580	8341	7580	0	0	NA	1	0	0	0
6	48347542	6_48347542_G_T	G	T	8868	8029	8810	8029	0	0	NA	0	0	0	0
6	49541202	6_49541202_G_A	G	A	7616	7142	7580	7142	0	0	NA	0	0	0	0
6	55322280	6_55322280_T_A	T	A	7159	6805	7135	6805	0	0	NA	0	0	0	0
6	56492291	6_56492291_C_T	C	T	8656	7671	8603	7671	0	0	NA	0	0	0	0
6	62613736	6_62613736_A_T	A	T	9282	8123	9239	8123	0	0	NA	1	0	0	0
6	69646230	6_69646230_G_T	G	T	8981	8113	8940	8113	0	0	NA	0	0	0	0
6	69891923	6_69891923_G_A	G	A	9402	8068	9358	8068	0	0	NA	0	0	0	0
6	71653003	6_71653003_T_G	T	G	8859	7681	8810	7681	0	0	NA	0	0	0	0
6	72262862	6_72262862_G_T	G	T	7601	6896	7558	6896	0	0	NA	1	0	0	0
6	75798819	6_75798819_T_A	T	A	7375	6585	7323	6585	0	0	NA	0	0	0	0
6	83118671	6_83118671_A_T	A	T	9264	8438	9230	8438	0	0	NA	0	0	0	0
6	93938439	6_93938439_G_T	G	T	8019	7607	7988	7607	0	0	NA	0	0	0	0
6	96674994	6_96674994_T_C	T	C	7958	7362	7938	7362	0	0	NA	0	0	0	0
6	98746547	6_98746547_C_A	C	A	9018	8107	8944	8107	0	0	NA	2	0	0	0
6	103780247	6_103780247_A_T	A	T	8751	7455	8708	7455	0	0	NA	0	0	0	0
6	106691293	6_106691293_C_A	C	A	8052	7017	8013	7017	0	0	NA	2	0	0	0
6	107582384	6_107582384_C_T	C	T	9307	8173	9279	8173	0	0	NA	0	0	0	0
6	116387873	6_116387873_C_A	C	A	332	328	331	328	0	0	NA	0	1	1	1
6	119201839	6_119201839_G_T	G	T	7051	6787	7016	6787	0	0	NA	0	0	0	0
6	120487682	6_120487682_G_T	G	T	8714	7950	8676	7950	0	0	NA	0	0	0	0
6	123180897	6_123180897_C_T	C	T	9253	8055	9183	8055	0	0	NA	1	0	0	0
6	124866439	6_124866439_C_A	C	A	7953	7228	7902	7228	0	0	NA	0	0	0	0
6	127110550	6_127110550_C_A	C	A	8135	6891	8073	6891	0	0	NA	0	0	0	0
6	127481681	6_127481681_G_T	G	T	8447	7818	8404	7818	0	0	NA	1	0	0	0
6	131750525	6_131750525_T_A	T	A	6638	6287	6622	6287	0	0	NA	0	0	0	0
6	137884476	6_137884476_A_T	A	T	8119	7188	8093	7188	0	0	NA	1	0	0	0
6	145437049	6_145437049_G_A	G	A	8918	7968	8873	7968	0	0	NA	1	0	0	0
6	146197782	6_146197782_T_C	T	C	9346	8520	9305	8520	0	0	NA	0	0	0	0
6	147760727	6_147760727_G_A	G	A	8355	7912	8310	7912	0	0	NA	1	0	0	0
6	152846360	6_152846360_T_C	T	C	7238	6915	7207	6914	1	1	NA	0	1	1	1
6	157883939	6_157883939_G_T	G	T	8590	7780	8556	7780	0	0	NA	0	0	0	0
6	159483703	6_159483703_T_A	T	A	8301	7751	8261	7751	0	0	NA	1	0	0	0
6	162258984	6_162258984_A_T	A	T	8447	7817	8412	7817	0	0	NA	0	0	0	0
6	163118669	6_163118669_G_A	G	A	9070	8206	9015	8206	0	0	NA	0	0	0	0
6	163729885	6_163729885_A_C	A	C	9432	8113	9379	8113	0	0	NA	0	0	0	0
6	165097778	6_165097778_C_T	C	T	8840	8046	8792	8046	0	0	NA	0	0	0	0
6	165397407	6_165397407_G_T	G	T	9204	7840	9142	7840	0	0	NA	2	0	0	0
6	165424971	6_165424971_A_G	A	G	8601	8237	8569	8237	1	0	NA	1	1	0	0
6	167408581	6_167408581_G_T	G	T	9536	8250	9500	8250	0	0	NA	1	0	0	0
7	4757898	7_4757898_C_T	C	T	8925	5426	8869	5426	0	0	NA	4	0	0	0
7	9622966	7_9622966_C_A	C	A	7730	6795	7675	6795	0	0	NA	0	0	0	0
7	10757784	7_10757784_G_A	G	A	8287	7376	8240	7376	0	0	NA	5	0	0	0
7	12875828	7_12875828_T_A	T	A	8779	8040	8737	8040	0	0	NA	0	0	0	0
7	15139171	7_15139171_T_A	T	A	9094	8421	9031	8421	0	0	NA	1	0	0	0
7	15452190	7_15452190_A_T	A	T	7093	6215	7065	6215	0	0	NA	0	0	0	0
7	15938695	7_15938695_T_G	T	G	8655	7751	8587	7751	0	0	NA	0	0	0	0
7	17190878	7_17190878_T_A	T	A	8962	7764	8909	7764	0	0	NA	0	0	0	0
7	17539351	7_17539351_G_T	G	T	8406	7053	8358	7053	0	0	NA	3	0	0	0
7	21773086	7_21773086_G_T	G	T	8421	7051	8380	7051	0	0	NA	0	0	0	0
7	25090067	7_25090067_C_G	C	G	9678	8264	9627	8264	0	0	NA	0	0	0	0
7	29345731	7_29345731_G_A	G	A	8255	7654	8223	7654	0	0	NA	0	0	0	0
7	32301541	7_32301541_T_A	T	A	6891	6264	6863	6264	0	0	NA	0	0	0	0
7	33049698	7_33049698_T_G	T	G	10401	8907	10338	8907	0	0	NA	0	0	0	0
7	39557793	7_39557793_C_A	C	A	7252	6841	7215	6841	0	0	NA	1	0	0	0
7	39735181	7_39735181_T_A	T	A	6939	6036	6898	6036	0	0	NA	0	0	0	0
7	41094869	7_41094869_G_T	G	T	8907	7590	8869	7590	0	0	NA	1	0	0	0
7	41655023	7_41655023_T_G	T	G	9295	8243	9210	8243	0	0	NA	0	0	0	0
7	51057541	7_51057541_C_T	C	T	5803	5491	5785	5491	0	0	NA	1	0	0	0
7	51530846	7_51530846_G_A	G	A	8104	7311	8057	7311	0	0	NA	0	0	0	0
7	52542977	7_52542977_A_G	A	G	9568	8763	9515	8763	0	0	NA	3	0	0	0
7	52599409	7_52599409_G_T	G	T	9532	8421	9465	8421	0	0	NA	1	0	0	0
7	52658765	7_52658765_C_A	C	A	8987	8103	8922	8103	0	0	NA	0	0	0	0
7	62512144	7_62512144_C_T	C	T	7927	6984	7886	6984	0	0	NA	1	0	0	0
7	63841121	7_63841121_G_T	G	T	8920	8088	8885	8088	0	0	NA	2	0	0	0
7	68042627	7_68042627_T_C	T	C	8466	7770	8416	7770	0	0	NA	0	0	0	0
7	70037110	7_70037110_G_T	G	T	8832	7484	8754	7484	0	0	NA	1	0	0	0
7	70655252	7_70655252_G_A	G	A	8535	7859	8481	7859	0	0	NA	2	0	0	0
7	71171125	7_71171125_A_G	A	G	8409	7762	8372	7762	0	0	NA	1	0	0	0
7	71567614	7_71567614_A_G	A	G	8710	7805	8681	7805	0	0	NA	0	0	0	0
7	82953387	7_82953387_G_C	G	C	6746	6487	6705	6487	0	0	NA	0	0	0	0
7	83527484	7_83527484_C_T	C	T	8688	8089	8630	8089	0	0	NA	0	0	0	0
7	90849521	7_90849521_C_A	C	A	9042	7547	8985	7547	0	0	NA	0	0	0	0
7	92859955	7_92859955_G_A	G	A	9085	7930	9012	7930	0	0	NA	1	0	0	0
7	93902670	7_93902670_A_G	A	G	7245	6427	7214	6427	0	0	NA	0	0	0	0
7	97429451	7_97429451_C_T	C	T	9059	8096	8988	8096	0	0	NA	1	0	0	0
7	107495099	7_107495099_T_A	T	A	8509	7561	8466	7561	0	0	NA	0	0	0	0
7	109061960	7_109061960_C_T	C	T	6842	5975	6775	5975	0	0	NA	0	0	0	0
7	109470630	7_109470630_A_C	A	C	9568	8535	9523	8535	0	0	NA	0	0	0	0
7	110106268	7_110106268_T_A	T	A	7952	7567	7921	7567	0	0	NA	0	0	0	0
7	112137059	7_112137059_T_A	T	A	9322	8237	9280	8237	0	0	NA	0	0	0	0
7	112586673	7_112586673_G_T	G	T	9459	8340	9412	8340	0	0	NA	2	1	0	0
7	113324611	7_113324611_A_T	A	T	10092	8446	10052	8446	0	0	NA	1	0	0	0
7	113647150	7_113647150_A_C	A	C	9074	8148	9039	8148	0	0	NA	1	0	0	0
7	113738522	7_113738522_T_C	T	C	8259	7588	8201	7588	0	0	NA	0	0	0	0
7	114874243	7_114874243_C_A	C	A	9360	8220	9289	8220	1	0	NA	0	4	1	1
7	116449400	7_116449400_A_T	A	T	8973	8260	8922	8260	0	0	NA	0	0	0	0
7	117848439	7_117848439_C_G	C	G	8370	7669	8308	7668	1	1	NA	0	1	1	1
7	119804300	7_119804300_C_A	C	A	9318	8122	9259	8122	0	0	NA	1	0	0	0
7	124482257	7_124482257_C_A	C	A	8269	7619	8186	7619	0	0	NA	0	0	0	0
7	127386754	7_127386754_A_C	A	C	8445	7749	8404	7749	0	0	NA	1	0	0	0
7	129934200	7_129934200_T_C	T	C	8027	7352	7983	7352	0	0	NA	0	0	0	0
7	131785612	7_131785612_C_G	C	G	8968	7829	8920	7829	0	0	NA	1	0	0	0
7	132121798	7_132121798_A_G	A	G	9626	8235	9576	8235	0	0	NA	1	0	0	0
7	134838841	7_134838841_A_G	A	G	9113	7906	9018	7906	0	0	NA	1	0	0	0
7	135491193	7_135491193_T_A	T	A	7577	6934	7547	6934	0	0	NA	0	0	0	0
7	136566000	7_136566000_A_T	A	T	7952	7483	7925	7483	0	0	NA	0	0	0	0
7	138993277	7_138993277_A_T	A	T	8829	7896	8775	7896	0	0	NA	1	0	0	0
7	144106210	7_144106210_A_T	A	T	9469	8734	9417	8734	0	0	NA	0	0	0	0
7	147156788	7_147156788_G_C	G	C	9124	7750	9080	7750	0	0	NA	0	0	0	0
7	153295941	7_153295941_C_T	C	T	10379	8820	10325	8820	0	0	NA	0	0	0	0
7	153937851	7_153937851_C_T	C	T	9058	8148	9014	8148	0	0	NA	0	0	0	0
7	155253608	7_155253608_C_T	C	T	8769	7669	8701	7669	0	0	NA	1	0	0	0
7	156833120	7_156833120_A_G	A	G	8700	7124	8657	7124	0	0	NA	1	0	0	0
8	2671703	8_2671703_C_A	C	A	9221	8046	9157	8046	0	0	NA	0	0	0	0
8	3181221	8_3181221_G_T	G	T	9103	7868	9060	7868	0	0	NA	0	0	0	0
8	3646725	8_3646725_T_C	T	C	8934	7774	8898	7772	2	2	NA	0	2	2	2
8	4083269	8_4083269_G_A	G	A	8867	8027	8828	8027	0	0	NA	0	2	1	1
8	4174349	8_4174349_C_T	C	T	8572	7651	8521	7651	0	0	NA	2	2	2	2
8	4263247	8_4263247_C_A	C	A	9166	8005	9123	8005	0	0	NA	0	1	0	0
8	11016217	8_11016217_C_T	C	T	9813	8423	9741	8423	0	0	NA	1	0	0	0
8	14425556	8_14425556_T_G	T	G	8424	7406	8374	7406	0	0	NA	0	0	0	0
8	15123904	8_15123904_G_T	G	T	9250	8013	9168	8013	0	0	NA	0	0	0	0
8	17737854	8_17737854_T_A	T	A	9693	8617	9653	8617	0	0	NA	0	0	0	0
8	18007297	8_18007297_G_A	G	A	9131	7838	9092	7838	0	0	NA	0	0	0	0
8	20202766	8_20202766_C_T	C	T	8619	7739	8550	7739	0	0	NA	4	0	0	0
8	23622406	8_23622406_G_C	G	C	8763	7358	8725	7358	0	0	NA	0	0	0	0
8	24591813	8_24591813_A_G	A	G	8654	7480	8609	7480	0	0	NA	3	0	0	0
8	25752470	8_25752470_G_A	G	A	8368	7560	8298	7557	3	3	NA	2	8	8	8
8	27218168	8_27218168_G_T	G	T	4750	3997	4721	3997	0	0	NA	0	0	0	0
8	30551468	8_30551468_A_G	A	G	9276	8443	9233	8443	0	0	NA	0	0	0	0
8	31495100	8_31495100_G_T	G	T	8963	7758	8901	7758	0	0	NA	1	0	0	0
8	35271676	8_35271676_G_A	G	A	8565	8067	8499	8067	0	0	NA	0	0	0	0
8	35788417	8_35788417_G_A	G	A	8560	7907	8489	7907	0	0	NA	1	0	0	0
8	37239413	8_37239413_G_A	G	A	9335	8156	9275	8156	0	0	NA	2	0	0	0
8	37346113	8_37346113_T_G	T	G	9258	7771	9209	7771	0	0	NA	1	0	0	0
8	40590042	8_40590042_C_A	C	A	9335	8113	9267	8113	1	0	NA	1	1	0	0
8	48770250	8_48770250_A_C	A	C	8993	7673	8932	7673	0	0	NA	0	0	0	0
8	51508237	8_51508237_T_G	T	G	8376	7931	8332	7931	0	0	NA	1	0	0	0
8	52275191	8_52275191_C_A	C	A	7053	5916	6994	5916	0	0	NA	1	0	0	0
8	52443815	8_52443815_C_A	C	A	8893	7955	8796	7955	0	0	NA	1	0	0	0
8	56287635	8_56287635_G_A	G	A	8390	7262	8345	7262	0	0	NA	2	1	1	1
8	62919373	8_62919373_A_T	A	T	8167	7584	8136	7584	0	0	NA	0	0	0	0
8	63856557	8_63856557_G_T	G	T	8169	7578	8124	7578	0	0	NA	0	0	0	0
8	66519796	8_66519796_A_C	A	C	9577	8441	9525	8441	0	0	NA	1	0	0	0
8	66974784	8_66974784_G_A	G	A	8271	7572	8225	7570	2	2	NA	0	2	2	2
8	68656810	8_68656810_G_T	G	T	8369	7157	8337	7157	0	0	NA	1	0	0	0
8	69907309	8_69907309_G_T	G	T	8521	7687	8436	7687	0	0	NA	2	0	0	0
8	70765712	8_70765712_T_C	T	C	9051	8063	9018	8063	0	0	NA	0	0	0	0
8	73555217	8_73555217_C_A	C	A	7974	7506	7944	7506	0	0	NA	0	1	0	0
8	75160374	8_75160374_G_T	G	T	8871	8054	8830	8054	0	0	NA	0	0	0	0
8	76832598	8_76832598_G_T	G	T	8970	7978	8922	7978	0	0	NA	0	0	0	0
8	77153810	8_77153810_A_G	A	G	9259	8281	9230	8281	0	0	NA	0	0	0	0
8	81212369	8_81212369_T_A	T	A	9591	8117	9537	8117	0	0	NA	0	0	0	0
8	81577175	8_81577175_A_C	A	C	9316	7928	9235	7928	0	0	NA	0	0	0	0
8	88420399	8_88420399_A_C	A	C	8035	7517	7985	7517	0	0	NA	0	0	0	0
8	96514938	8_96514938_T_A	T	A	8444	7723	8405	7723	0	0	NA	0	0	0	0
8	97103673	8_97103673_A_C	A	C	9007	7281	8911	7281	0	0	NA	0	0	0	0
8	97361499	8_97361499_G_T	G	T	8072	7541	8044	7541	0	0	NA	3	0	0	0
8	100666886	8_100666886_C_A	C	A	9350	8283	9290	8283	0	0	NA	0	0	0	0
8	100900090	8_100900090_C_T	C	T	8312	7328	8245	7328	0	0	NA	1	0	0	0
8	101896034	8_101896034_T_A	T	A	8471	7357	8437	7357	0	0	NA	0	0	0	0
8	103067762	8_103067762_C_A	C	A	9271	8370	9207	8370	0	0	NA	0	0	0	0
8	103230622	8_103230622_T_A	T	A	9031	7958	8958	7958	0	0	NA	1	0	0	0
8	103699144	8_103699144_A_T	A	T	8299	7582	8270	7582	0	0	NA	0	0	0	0
8	106184930	8_106184930_C_T	C	T	8135	7767	8072	7767	0	0	NA	0	0	0	0
8	108489297	8_108489297_A_G	A	G	8964	8094	8925	8094	0	0	NA	1	0	0	0
8	110526445	8_110526445_G_A	G	A	9684	8206	9594	8206	0	0	NA	1	0	0	0
8	116586203	8_116586203_T_G	T	G	10211	8760	10148	8760	0	0	NA	0	0	0	0
8	116695574	8_116695574_G_T	G	T	9535	8490	9490	8490	0	0	NA	1	0	0	0
8	119422943	8_119422943_T_C	T	C	9694	8351	9644	8351	0	0	NA	0	0	0	0
8	123251122	8_123251122_T_A	T	A	7004	6750	6985	6750	0	0	NA	0	0	0	0
8	133324590	8_133324590_A_T	A	T	8224	7063	8196	7063	0	0	NA	0	0	0	0
8	137061035	8_137061035_C_G	C	G	7547	6394	7501	6394	0	0	NA	0	0	0	0
8	138815149	8_138815149_C_A	C	A	8231	7592	8172	7592	0	0	NA	1	0	0	0
8	140017294	8_140017294_A_C	A	C	8044	7138	8024	7138	0	0	NA	0	0	0	0
8	145563051	8_145563051_G_A	G	A	8173	7431	8118	7431	0	0	NA	2	0	0	0
8	146266352	8_146266352_C_A	C	A	8906	7830	8859	7830	0	0	NA	0	0	0	0
9	1060334	9_1060334_C_T	C	T	7895	7150	7844	7150	0	0	NA	0	0	0	0
9	2790014	9_2790014_C_A	C	A	8255	7494	8199	7494	0	0	NA	0	1	1	1
9	4080912	9_4080912_A_T	A	T	9200	7788	9144	7788	0	0	NA	0	0	0	0
9	5209682	9_5209682_C_A	C	A	9292	7488	9240	7488	0	0	NA	1	0	0	0
9	10727170	9_10727170_A_T	A	T	9309	8098	9253	8098	0	0	NA	0	0	0	0
9	13612092	9_13612092_C_A	C	A	8504	7560	8447	7560	0	0	NA	0	0	0	0
9	16136473	9_16136473_T_A	T	A	8853	7970	8814	7970	0	0	NA	0	0	0	0
9	17062011	9_17062011_A_T	A	T	8519	7786	8475	7786	0	0	NA	0	0	0	0
9	21282417	9_21282417_C_A	C	A	9169	8413	9128	8413	0	0	NA	1	0	0	0
9	22061209	9_22061209_G_T	G	T	9172	8182	9143	8182	0	0	NA	0	1	1	1
9	23956345	9_23956345_C_A	C	A	8120	7703	8074	7703	0	0	NA	0	0	0	0
9	24098785	9_24098785_G_A	G	A	8792	7781	8739	7781	0	0	NA	0	0	0	0
9	24156926	9_24156926_T_A	T	A	7460	6947	7431	6947	0	0	NA	0	0	0	0
9	28096624	9_28096624_C_A	C	A	9529	2747	9474	2747	0	0	NA	0	7	5	5
9	29291715	9_29291715_T_A	T	A	9920	8962	9878	8962	0	0	NA	0	0	0	0
9	32842712	9_32842712_G_C	G	C	9480	8368	9441	8368	0	0	NA	0	0	0	0
9	34516513	9_34516513_T_C	T	C	9883	8338	9823	8338	0	0	NA	1	0	0	0
9	36771425	9_36771425_T_G	T	G	8817	7838	8783	7838	0	0	NA	0	0	0	0
9	73948904	9_73948904_G_T	G	T	9167	8253	9120	8253	0	0	NA	2	0	0	0
9	74249506	9_74249506_C_A	C	A	8603	7829	8560	7829	0	0	NA	0	0	0	0
9	76519288	9_76519288_C_A	C	A	8826	7626	8777	7626	0	0	NA	2	0	0	0
9	79506477	9_79506477_C_T	C	T	9880	8386	9835	8386	0	0	NA	0	0	0	0
9	82798195	9_82798195_G_T	G	T	9051	8044	9015	8044	0	0	NA	1	0	0	0
9	83976250	9_83976250_C_T	C	T	9219	8235	9170	8235	0	0	NA	1	0	0	0
9	87511727	9_87511727_G_T	G	T	9041	7992	8996	7992	0	0	NA	1	0	0	0
9	91596057	9_91596057_A_C	A	C	9115	8139	9073	8139	0	0	NA	0	0	0	0
9	91757940	9_91757940_T_C	T	C	9089	7812	9055	7812	0	0	NA	0	0	0	0
9	91801443	9_91801443_A_T	A	T	8006	7465	7965	7465	0	0	NA	0	0	0	0
9	96628511	9_96628511_C_A	C	A	9016	7868	8971	7868	0	0	NA	1	0	0	0
9	100159030	9_100159030_G_A	G	A	8752	7907	8708	7907	0	0	NA	0	0	0	0
9	105479049	9_105479049_T_C	T	C	8581	8132	8554	8132	0	0	NA	0	0	0	0
9	105706334	9_105706334_C_A	C	A	8709	8025	8630	8025	0	0	NA	0	0	0	0
9	112629935	9_112629935_T_A	T	A	9067	7584	9017	7584	0	0	NA	0	0	0	0
9	117168268	9_117168268_T_G	T	G	8781	7415	8734	7415	0	0	NA	0	0	0	0
9	119487027	9_119487027_G_T	G	T	9712	8542	9647	8542	0	0	NA	1	0	0	0
9	124227593	9_124227593_A_T	A	T	9312	8038	9264	8038	0	0	NA	0	0	0	0
9	125027867	9_125027867_C_T	C	T	9076	7825	8978	7825	0	0	NA	0	0	0	0
9	125123668	9_125123668_T_A	T	A	7613	6672	7596	6672	0	0	NA	0	0	0	0
9	126474888	9_126474888_A_C	A	C	9709	8461	9660	8461	0	0	NA	1	0	0	0
9	126999794	9_126999794_C_T	C	T	9207	8298	9141	8298	0	0	NA	0	0	0	0
9	130312836	9_130312836_C_T	C	T	9267	8126	9226	8126	0	0	NA	0	0	0	0
10	1163562	10_1163562_C_A	C	A	8674	7683	8638	7683	0	0	NA	0	1	0	0
10	2215670	10_2215670_C_G	C	G	9590	8406	9487	8403	0	0	NA	1	0	0	0
10	2373242	10_2373242_T_C	T	C	8466	7486	8435	7486	0	0	NA	1	1	1	1
10	3692648	10_3692648_T_A	T	A	9047	7930	8997	7930	0	0	NA	1	0	0	0
10	4633616	10_4633616_G_T	G	T	8356	7695	8292	7695	0	0	NA	0	0	0	0
10	5802837	10_5802837_T_C	T	C	8219	7805	8188	7805	0	0	NA	0	0	0	0
10	8289316	10_8289316_T_G	T	G	8158	7629	8098	7629	0	0	NA	1	0	0	0
10	8402017	10_8402017_G_A	G	A	8941	7949	8869	7949	0	0	NA	5	0	0	0
10	14577840	10_14577840_C_T	C	T	9016	7751	8932	7751	0	0	NA	3	0	0	0
10	15780692	10_15780692_C_T	C	T	8405	7752	8342	7751	2	1	NA	0	3	2	2
10	16072817	10_16072817_G_A	G	A	9560	8118	9504	8118	0	0	NA	2	0	0	0
10	19690026	10_19690026_G_T	G	T	9308	8709	9255	8709	0	0	NA	1	0	0	0
10	19705551	10_19705551_C_A	C	A	8452	7611	8430	7611	0	0	NA	0	0	0	0
10	23521244	10_23521244_G_T	G	T	7751	7460	7710	7460	0	0	NA	2	0	0	0
10	25817920	10_25817920_G_T	G	T	8825	8172	8790	8172	0	0	NA	0	1	0	0
10	27319282	10_27319282_T_C	T	C	8668	7774	8633	7774	0	0	NA	0	0	0	0
10	31809573	10_31809573_C_A	C	A	9523	8397	9448	8397	0	0	NA	3	1	0	0
10	36185403	10_36185403_T_C	T	C	8821	7716	8777	7716	0	0	NA	0	0	0	0
10	43849877	10_43849877_C_T	C	T	9251	8112	9202	8110	3	2	NA	0	5	4	4
10	48533179	10_48533179_T_C	T	C	8495	7856	8462	7856	0	0	NA	0	0	0	0
10	53917828	10_53917828_C_T	C	T	9082	7815	9031	7815	0	0	NA	0	0	0	0
10	63584839	10_63584839_T_G	T	G	9161	8112	9126	8112	0	0	NA	0	0	0	0
10	68108930	10_68108930_A_T	A	T	9595	8437	9550	8437	0	0	NA	0	0	0	0
10	68667836	10_68667836_T_A	T	A	8846	8104	8804	8104	0	0	NA	2	0	0	0
10	68715068	10_68715068_C_T	C	T	6819	6640	6788	6640	0	0	NA	0	0	0	0
10	69366777	10_69366777_G_T	G	T	8167	7300	8123	7300	0	0	NA	1	0	0	0
10	71880052	10_71880052_C_T	C	T	9318	8046	9204	8046	0	0	NA	1	1	1	1
10	78862722	10_78862722_C_A	C	A	9330	7776	9238	7776	0	0	NA	3	0	0	0
10	79750848	10_79750848_C_A	C	A	9279	7981	9243	7981	0	0	NA	0	0	0	0
10	80537270	10_80537270_C_A	C	A	8593	7758	8560	7758	0	0	NA	2	0	0	0
10	82048236	10_82048236_T_A	T	A	9304	8154	9262	8154	0	0	NA	0	0	0	0
10	85131725	10_85131725_A_G	A	G	8268	7304	8227	7304	0	0	NA	0	0	0	0
10	85704403	10_85704403_G_T	G	T	9174	8092	9066	8092	0	0	NA	1	0	0	0
10	85950251	10_85950251_T_A	T	A	0	0	0	0	0	0	NA	0	0	0	0
10	86109048	10_86109048_A_T	A	T	9101	7900	9033	7900	0	0	NA	0	0	0	0
10	91762664	10_91762664_A_C	A	C	9384	8400	9335	8400	0	0	NA	0	0	0	0
10	92636587	10_92636587_G_T	G	T	8110	7693	8086	7693	0	0	NA	0	0	0	0
10	92960374	10_92960374_T_A	T	A	9138	7879	9078	7879	0	0	NA	0	1	1	1
10	94578412	10_94578412_A_T	A	T	8573	7690	8522	7690	0	0	NA	0	0	0	0
10	98670090	10_98670090_C_A	C	A	7981	7586	7934	7586	0	0	NA	0	0	0	0
10	99604812	10_99604812_T_A	T	A	9187	8529	9147	8529	0	0	NA	0	0	0	0
10	102742853	10_102742853_A_C	A	C	8908	7719	8871	7719	0	0	NA	0	0	0	0
10	113532777	10_113532777_T_C	T	C	8540	7739	8481	7726	15	13	NA	0	23	18	18
10	115192266	10_115192266_T_G	T	G	8383	7409	8347	7409	0	0	NA	2	0	0	0
10	117103717	10_117103717_C_A	C	A	9697	8524	9643	8524	0	0	NA	1	0	0	0
10	122101683	10_122101683_G_A	G	A	8960	7649	8879	7649	0	0	NA	1	0	0	0
10	122448088	10_122448088_A_G	A	G	8033	7492	8007	7492	0	0	NA	0	0	0	0
10	123067517	10_123067517_T_A	T	A	9144	8280	9095	8280	0	0	NA	0	0	0	0
10	125506371	10_125506371_C_T	C	T	8513	7020	8473	7020	0	0	NA	1	0	0	0
10	127527441	10_127527441_T_A	T	A	6796	6527	6769	6527	0	0	NA	0	0	0	0
10	132638387	10_132638387_T_A	T	A	9564	8277	9521	8277	0	0	NA	0	0	0	0
10	132755990	10_132755990_C_T	C	T	9128	7913	9087	7913	0	0	NA	1	1	1	1
10	134477224	10_134477224_T_G	T	G	8924	7479	8876	7479	0	0	NA	0	0	0	0
10	134491216	10_134491216_A_T	A	T	8762	7064	8696	7064	0	0	NA	0	0	0	0
10	135303610	10_135303610_T_G	T	G	12454	11422	12408	11422	0	0	NA	1	0	0	0
11	212030	11_212030_G_T	G	T	8836	7449	8800	7449	0	0	NA	0	0	0	0
11	6595424	11_6595424_G_A	G	A	9420	8406	9372	8406	0	0	NA	0	0	0	0
11	6942901	11_6942901_C_A	C	A	7403	6793	7382	6793	0	0	NA	0	0	0	0
11	8249127	11_8249127_A_G	A	G	9266	8241	9202	8241	0	0	NA	2	0	0	0
11	8320267	11_8320267_C_G	C	G	8604	7618	8566	7618	0	0	NA	0	0	0	0
11	9623255	11_9623255_T_G	T	G	9535	7981	9462	7981	0	0	NA	0	0	0	0
11	9769883	11_9769883_C_T	C	T	9212	8124	9103	8124	0	0	NA	0	0	0	0
11	11457558	11_11457558_C_T	C	T	9431	8007	9380	8007	0	0	NA	0	1	1	1
11	15097144	11_15097144_C_G	C	G	8585	7801	8508	7801	0	0	NA	0	0	0	0
11	16913689	11_16913689_C_A	C	A	9377	8208	9299	8208	0	0	NA	1	1	1	1
11	19130655	11_19130655_A_T	A	T	8822	7998	8791	7998	0	0	NA	0	0	0	0
11	22966468	11_22966468_C_A	C	A	9665	8553	9594	8553	0	0	NA	1	0	0	0
11	24972665	11_24972665_A_G	A	G	7477	7146	7449	7146	0	0	NA	0	0	0	0
11	30149325	11_30149325_G_A	G	A	8637	7794	8595	7794	0	0	NA	2	1	1	1
11	30402581	11_30402581_A_G	A	G	8402	7755	8340	7755	0	0	NA	0	0	0	0
11	32780685	11_32780685_T_C	T	C	7718	7327	7699	7327	0	0	NA	0	0	0	0
11	32821018	11_32821018_A_T	A	T	5615	3956	5421	3956	0	0	NA	2	14	1	1
11	35902689	11_35902689_A_G	A	G	7244	6979	7210	6979	0	0	NA	3	0	0	0
11	35946640	11_35946640_G_T	G	T	8377	7854	8311	7854	0	0	NA	1	0	0	0
11	45387585	11_45387585_G_T	G	T	9537	8027	9488	8027	0	0	NA	0	0	0	0
11	45695270	11_45695270_C_A	C	A	8562	7567	8521	7567	0	0	NA	0	0	0	0
11	46405358	11_46405358_C_A	C	A	7417	6844	7370	6844	0	0	NA	1	0	0	0
11	48204011	11_48204011_C_T	C	T	8186	7561	8150	7561	0	0	NA	0	0	0	0
11	59235289	11_59235289_A_T	A	T	8425	7837	8370	7837	0	0	NA	0	0	0	0
11	60311223	11_60311223_A_G	A	G	9140	8414	9051	8414	0	0	NA	2	0	0	0
11	61292355	11_61292355_C_A	C	A	8669	7349	8613	7349	0	0	NA	1	1	0	0
11	61498013	11_61498013_A_C	A	C	8684	7494	8609	7494	0	0	NA	2	0	0	0
11	63853252	11_63853252_C_A	C	A	8215	7419	8176	7419	0	0	NA	0	0	0	0
11	64284143	11_64284143_G_A	G	A	8515	7728	8457	7728	0	0	NA	1	0	0	0
11	64519858	11_64519858_A_C	A	C	9451	7876	9361	7876	0	0	NA	0	0	0	0
11	69559474	11_69559474_A_T	A	T	9441	7628	9379	7628	0	0	NA	0	0	0	0
11	70593684	11_70593684_G_A	G	A	9216	7956	9193	7956	0	0	NA	0	0	0	0
11	72623859	11_72623859_T_A	T	A	9414	8244	9375	8244	0	0	NA	0	1	0	0
11	74299190	11_74299190_C_A	C	A	7649	7358	7613	7358	0	0	NA	0	0	0	0
11	74357385	11_74357385_A_T	A	T	8278	7476	8246	7476	0	0	NA	0	0	0	0
11	76491425	11_76491425_G_T	G	T	6485	5457	6433	5457	0	0	NA	1	0	0	0
11	77393943	11_77393943_G_A	G	A	9194	8203	9158	8203	0	0	NA	4	2	2	2
11	80101260	11_80101260_C_T	C	T	8057	7261	8019	7260	1	1	NA	0	1	1	1
11	92800470	11_92800470_T_G	T	G	7794	7459	7774	7459	0	0	NA	1	0	0	0
11	94314431	11_94314431_A_T	A	T	7846	7356	7820	7356	0	0	NA	0	0	0	0
11	97382747	11_97382747_C_G	C	G	9436	8613	9361	8613	0	0	NA	0	0	0	0
11	99389700	11_99389700_A_T	A	T	8865	8013	8801	8013	0	0	NA	0	0	0	0
11	103325314	11_103325314_C_A	C	A	9186	8528	9136	8528	0	0	NA	0	0	0	0
11	103797952	11_103797952_C_A	C	A	8945	8067	8901	8067	0	0	NA	0	0	0	0
11	106200444	11_106200444_C_T	C	T	8657	7767	8539	7767	0	0	NA	1	0	0	0
11	109096997	11_109096997_T_A	T	A	9195	8066	9077	8066	0	0	NA	2	0	0	0
11	109934998	11_109934998_T_A	T	A	8144	7699	8095	7699	0	0	NA	0	0	0	0
11	110812668	11_110812668_G_C	G	C	8931	8103	8907	8103	0	0	NA	1	0	0	0
11	111729473	11_111729473_A_T	A	T	9472	8106	9434	8106	0	0	NA	0	0	0	0
11	112271722	11_112271722_C_T	C	T	9194	7766	9149	7766	0	0	NA	0	0	0	0
11	112829874	11_112829874_C_T	C	T	7980	7374	7925	7374	0	0	NA	1	0	0	0
11	118795277	11_118795277_T_C	T	C	9225	8031	9171	8031	0	0	NA	0	0	0	0
11	119900283	11_119900283_A_T	A	T	9069	7947	9041	7947	0	0	NA	0	0	0	0
11	121396278	11_121396278_T_G	T	G	9008	8499	8982	8499	0	0	NA	0	0	0	0
11	122733039	11_122733039_A_T	A	T	9130	8185	9089	8185	0	0	NA	0	0	0	0
11	123167016	11_123167016_G_A	G	A	9340	7920	9294	7920	0	0	NA	0	1	1	1
11	128232128	11_128232128_G_A	G	A	7098	6729	7042	6729	0	0	NA	0	0	0	0
11	132714969	11_132714969_G_T	G	T	7509	6426	7465	6425	2	1	NA	7	2	1	1
11	132730621	11_132730621_G_C	G	C	8551	7485	8512	7485	0	0	NA	0	0	0	0
11	134532795	11_134532795_C_G	C	G	9160	7800	9066	7800	0	0	NA	0	0	0	0
11	134585270	11_134585270_C_T	C	T	6999	6567	6924	6567	0	0	NA	2	0	0	0
12	3375329	12_3375329_G_C	G	C	9494	7916	9432	7916	0	0	NA	0	0	0	0
12	6298148	12_6298148_C_A	C	A	9937	8580	9904	8580	0	0	NA	0	0	0	0
12	12232787	12_12232787_C_A	C	A	8173	7084	8104	7084	0	0	NA	0	0	0	0
12	14575621	12_14575621_C_A	C	A	9114	8194	9057	8194	0	0	NA	0	0	0	0
12	15960341	12_15960341_A_T	A	T	8567	8001	8529	8001	0	0	NA	1	0	0	0
12	16946164	12_16946164_C_T	C	T	8465	7794	8414	7794	0	0	NA	0	1	1	1
12	18114489	12_18114489_G_C	G	C	8927	7675	8881	7675	0	0	NA	1	0	0	0
12	24727691	12_24727691_A_C	A	C	9574	8463	9524	8463	0	0	NA	0	0	0	0
12	25562698	12_25562698_T_C	T	C	10186	6347	10131	6347	0	0	NA	0	0	0	0
12	28810650	12_28810650_C_T	C	T	8190	7078	8148	7078	0	0	NA	1	0	0	0
12	29855464	12_29855464_C_G	C	G	8808	7565	8724	7565	0	0	NA	0	0	0	0
12	42286208	12_42286208_G_A	G	A	7948	7267	7899	7267	0	0	NA	1	0	0	0
12	42959062	12_42959062_C_T	C	T	9393	8008	9338	8008	0	0	NA	0	0	0	0
12	50791494	12_50791494_A_G	A	G	6423	5688	6394	5688	0	0	NA	1	0	0	0
12	51847571	12_51847571_C_G	C	G	8574	7711	8514	7711	0	0	NA	0	0	0	0
12	52092658	12_52092658_T_A	T	A	7998	7540	7951	7540	0	0	NA	0	0	0	0
12	55320594	12_55320594_T_G	T	G	9263	8016	9171	8016	0	0	NA	0	0	0	0
12	58739536	12_58739536_G_A	G	A	7921	7327	7864	7327	0	0	NA	0	0	0	0
12	59941175	12_59941175_T_A	T	A	9494	8136	9467	8136	0	0	NA	1	0	0	0
12	60100978	12_60100978_A_G	A	G	8155	7720	8110	7720	0	0	NA	0	0	0	0
12	61218581	12_61218581_C_T	C	T	8784	7816	8716	7816	0	0	NA	2	2	2	2
12	62417898	12_62417898_G_T	G	T	8953	8125	8854	8125	0	0	NA	3	0	0	0
12	63587817	12_63587817_G_A	G	A	7518	6079	4012	3277	3452	2802	NA	11	6793	5262	5262
12	67870705	12_67870705_T_A	T	A	9886	8590	9851	8590	0	0	NA	0	0	0	0
12	67974302	12_67974302_C_T	C	T	9725	8428	9663	8428	0	0	NA	1	0	0	0
12	68220745	12_68220745_G_A	G	A	9865	8546	9805	8546	0	0	NA	0	0	0	0
12	68263498	12_68263498_C_G	C	G	8757	7543	4544	3948	4146	3595	NA	9	7186	6236	6236
12	72335679	12_72335679_A_T	A	T	8819	7929	8781	7929	0	0	NA	0	0	0	0
12	72427106	12_72427106_T_C	T	C	8133	7550	8086	7550	0	0	NA	0	0	0	0
12	74143889	12_74143889_T_A	T	A	8255	6597	8220	6597	0	0	NA	0	0	0	0
12	80748232	12_80748232_A_G	A	G	7466	6947	7423	6947	0	0	NA	0	0	0	0
12	87661250	12_87661250_G_A	G	A	8372	7889	8325	7889	0	0	NA	1	0	0	0
12	89256792	12_89256792_C_T	C	T	9085	8160	9019	8153	7	7	NA	0	16	16	16
12	91909936	12_91909936_C_T	C	T	8400	7934	8353	7934	0	0	NA	0	0	0	0
12	95490704	12_95490704_C_A	C	A	9013	8129	8962	8129	0	0	NA	1	1	1	1
12	95493542	12_95493542_T_C	T	C	7550	7222	7511	7222	0	0	NA	0	0	0	0
12	99366650	12_99366650_A_G	A	G	8480	7823	8436	7814	9	9	NA	1	14	14	14
12	100241822	12_100241822_C_G	C	G	9191	8214	9114	8214	0	0	NA	1	0	0	0
12	109666593	12_109666593_C_A	C	A	8483	7554	8434	7554	0	0	NA	0	0	0	0
12	113001381	12_113001381_T_G	T	G	7057	6671	7032	6671	0	0	NA	1	0	0	0
12	114363546	12_114363546_T_C	T	C	8675	7570	8627	7570	0	0	NA	2	0	0	0
12	120600075	12_120600075_T_C	T	C	9087	7799	9017	7799	0	0	NA	1	0	0	0
12	124105705	12_124105705_A_C	A	C	8604	7891	8578	7891	0	0	NA	0	0	0	0
12	126294554	12_126294554_C_T	C	T	8857	8048	8807	8048	0	0	NA	0	0	0	0
12	128942369	12_128942369_C_A	C	A	7896	7280	7853	7280	0	0	NA	0	0	0	0
13	23365242	13_23365242_C_T	C	T	8768	7817	8693	7817	0	0	NA	0	0	0	0
13	25615977	13_25615977_T_A	T	A	8898	7849	8852	7849	0	0	NA	0	0	0	0
13	28575931	13_28575931_C_A	C	A	9267	7665	9218	7665	0	0	NA	0	0	0	0
13	29864969	13_29864969_G_A	G	A	8896	7704	8829	7704	0	0	NA	4	0	0	0
13	33353289	13_33353289_G_A	G	A	8042	7284	8009	7284	0	0	NA	0	0	0	0
13	38378223	13_38378223_C_T	C	T	7939	7297	7878	7297	0	0	NA	1	0	0	0
13	42996161	13_42996161_C_A	C	A	8765	7875	8711	7875	0	0	NA	0	0	0	0
13	44415490	13_44415490_A_T	A	T	8046	7518	8020	7518	0	0	NA	0	0	0	0
13	50423152	13_50423152_A_T	A	T	8310	7903	8284	7903	0	0	NA	0	0	0	0
13	53382995	13_53382995_A_C	A	C	8791	8015	8748	8015	0	0	NA	1	0	0	0
13	53484969	13_53484969_C_T	C	T	9280	7749	9204	7749	0	0	NA	0	0	0	0
13	53948861	13_53948861_G_T	G	T	9357	8202	9288	8202	0	0	NA	3	0	0	0
13	54576886	13_54576886_G_T	G	T	9741	8707	9692	8707	0	0	NA	0	1	1	1
13	55356001	13_55356001_C_T	C	T	8948	7626	8878	7626	0	0	NA	0	0	0	0
13	66010542	13_66010542_T_C	T	C	8582	7623	8541	7623	0	0	NA	1	0	0	0
13	67104938	13_67104938_G_A	G	A	9024	8168	8977	8168	0	0	NA	0	0	0	0
13	72704157	13_72704157_C_A	C	A	7711	6860	7670	6860	0	0	NA	0	0	0	0
13	72787522	13_72787522_G_T	G	T	9142	8255	9093	8255	0	0	NA	0	1	0	0
13	78479909	13_78479909_A_C	A	C	9479	8113	9431	8113	0	0	NA	0	0	0	0
13	79156120	13_79156120_G_A	G	A	8929	7875	8878	7875	0	0	NA	1	0	0	0
13	79290032	13_79290032_G_A	G	A	9354	8276	9284	8276	0	0	NA	0	0	0	0
13	79701752	13_79701752_A_T	A	T	7633	7152	7614	7152	0	0	NA	0	0	0	0
13	84854429	13_84854429_T_A	T	A	10271	9033	10239	9033	0	0	NA	0	0	0	0
13	86589006	13_86589006_C_A	C	A	8559	8011	8516	8011	0	0	NA	0	0	0	0
13	88054486	13_88054486_A_T	A	T	8466	7792	8430	7792	0	0	NA	0	0	0	0
13	93438063	13_93438063_A_T	A	T	10027	8714	9991	8714	0	0	NA	0	0	0	0
13	94006004	13_94006004_C_T	C	T	8365	7447	8299	7446	1	1	NA	1	1	1	1
13	98449263	13_98449263_T_A	T	A	8029	7230	7998	7230	0	0	NA	0	0	0	0
13	99287029	13_99287029_T_A	T	A	9054	8114	9024	8114	0	0	NA	1	0	0	0
13	99481711	13_99481711_G_A	G	A	8494	7427	8442	7427	0	0	NA	3	1	0	0
13	101285860	13_101285860_T_A	T	A	8602	7709	8569	7709	0	0	NA	0	0	0	0
13	101730304	13_101730304_A_G	A	G	9504	8072	9462	8072	0	0	NA	0	0	0	0
13	102889012	13_102889012_A_G	A	G	8659	7886	8610	7886	0	0	NA	0	0	0	0
13	106138784	13_106138784_G_A	G	A	8745	7782	8693	7782	0	0	NA	0	0	0	0
13	108045930	13_108045930_C_T	C	T	8513	7817	8419	7817	0	0	NA	2	0	0	0
13	108723136	13_108723136_C_T	C	T	8635	7819	8535	7760	61	59	NA	0	106	97	97
13	110491080	13_110491080_T_A	T	A	9705	8312	9654	8312	0	0	NA	0	0	0	0
13	110835359	13_110835359_T_A	T	A	8603	7506	8524	7506	0	0	NA	0	0	0	0
13	112217855	13_112217855_G_A	G	A	8281	6774	8197	6774	0	0	NA	5	1	1	1
13	112810433	13_112810433_G_A	G	A	8695	7685	8641	7685	0	0	NA	0	0	0	0
14	24329389	14_24329389_T_A	T	A	8452	7960	8387	7960	0	0	NA	1	0	0	0
14	25115456	14_25115456_C_G	C	G	9253	7972	9190	7972	0	0	NA	0	0	0	0
14	25710583	14_25710583_C_A	C	A	9498	8249	9429	8249	0	0	NA	0	0	0	0
14	30068704	14_30068704_A_G	A	G	8283	7873	8241	7872	1	1	NA	1	1	1	1
14	31141851	14_31141851_T_C	T	C	8796	8043	8769	8043	0	0	NA	0	0	0	0
14	32090537	14_32090537_G_T	G	T	8000	6670	7959	6670	0	0	NA	0	0	0	0
14	32442023	14_32442023_C_T	C	T	9363	8846	9304	8846	0	0	NA	1	1	1	1
14	32498064	14_32498064_G_T	G	T	8773	7652	8724	7652	0	0	NA	0	1	0	0
14	37103774	14_37103774_T_A	T	A	8433	7555	8401	7555	0	0	NA	0	0	0	0
14	38220871	14_38220871_G_A	G	A	9186	8206	9116	8206	0	0	NA	3	1	1	1
14	40582490	14_40582490_T_C	T	C	8525	7617	8501	7617	0	0	NA	0	0	0	0
14	41848872	14_41848872_G_A	G	A	8549	8164	8516	8163	1	1	NA	1	1	1	1
14	53152539	14_53152539_C_A	C	A	9358	8390	9317	8390	0	0	NA	1	0	0	0
14	54777720	14_54777720_A_G	A	G	8766	7970	8726	7970	0	0	NA	0	0	0	0
14	58139940	14_58139940_T_C	T	C	8595	7779	8537	7779	0	0	NA	2	0	0	0
14	58443645	14_58443645_A_G	A	G	9654	8276	9482	8218	122	58	NA	0	177	94	94
14	60002910	14_60002910_C_A	C	A	8471	7091	8425	7091	0	0	NA	3	0	0	0
14	63462069	14_63462069_C_T	C	T	9515	8419	9479	8419	0	0	NA	0	0	0	0
14	64198350	14_64198350_G_T	G	T	8834	8316	8785	8316	0	0	NA	1	0	0	0
14	74980578	14_74980578_A_C	A	C	9206	4339	9153	4339	0	0	NA	0	0	0	0
14	77865479	14_77865479_A_C	A	C	8738	7715	8706	7715	0	0	NA	0	0	0	0
14	79804759	14_79804759_C_T	C	T	7923	7310	7875	7310	0	0	NA	1	0	0	0
14	79913503	14_79913503_G_T	G	T	8671	7985	8603	7985	0	0	NA	2	0	0	0
14	83520983	14_83520983_G_T	G	T	8899	8191	8853	8191	0	0	NA	0	1	1	1
14	83754855	14_83754855_C_A	C	A	9235	8539	9183	8539	0	0	NA	0	0	0	0
14	83913981	14_83913981_C_A	C	A	8554	7992	8515	7992	0	0	NA	1	0	0	0
14	85170327	14_85170327_G_C	G	C	8629	7785	8590	7785	0	0	NA	1	0	0	0
14	86035416	14_86035416_G_C	G	C	8891	7713	8828	7713	0	0	NA	0	0	0	0
14	87150516	14_87150516_T_A	T	A	8974	8401	8946	8401	0	0	NA	0	0	0	0
14	89167183	14_89167183_G_A	G	A	7400	7062	7356	7061	1	1	NA	0	1	1	1
14	90229032	14_90229032_A_T	A	T	8961	7808	8916	7808	0	0	NA	0	0	0	0
14	90914648	14_90914648_G_C	G	C	9390	7944	9326	7944	0	0	NA	0	0	0	0
14	94498420	14_94498420_C_G	C	G	8828	7568	8767	7568	0	0	NA	0	0	0	0
14	96078122	14_96078122_G_A	G	A	7777	7127	7736	7127	0	0	NA	1	0	0	0
14	97989955	14_97989955_T_A	T	A	9188	8181	9136	8181	0	0	NA	2	0	0	0
14	98015076	14_98015076_T_G	T	G	9810	8184	9755	8184	0	0	NA	0	0	0	0
14	98847071	14_98847071_A_T	A	T	9943	8594	9892	8594	0	0	NA	0	0	0	0
14	99958658	14_99958658_G_T	G	T	8942	8200	8906	8200	0	0	NA	0	0	0	0
15	26488207	15_26488207_G_T	G	T	9126	7722	9086	7722	0	0	NA	0	0	0	0
15	26568178	15_26568178_G_T	G	T	7409	6934	7381	6934	0	0	NA	0	0	0	0
15	27283716	15_27283716_C_T	C	T	9889	8290	9822	8290	0	0	NA	0	1	1	1
15	28292101	15_28292101_G_A	G	A	9065	7904	8980	7902	2	2	NA	0	4	3	3
15	33990723	15_33990723_C_G	C	G	8003	7240	7973	7240	0	0	NA	0	0	0	0
15	38304552	15_38304552_T_A	T	A	8261	7162	8227	7162	0	0	NA	0	0	0	0
15	43533558	15_43533558_C_A	C	A	8582	7774	8541	7774	0	0	NA	0	0	0	0
15	44307869	15_44307869_C_G	C	G	7478	6736	7428	6736	0	0	NA	1	0	0	0
15	46633257	15_46633257_T_C	T	C	9539	8611	9502	8611	0	0	NA	0	1	1	1
15	47735425	15_47735425_G_T	G	T	8777	8276	8742	8276	0	0	NA	1	0	0	0
15	48407003	15_48407003_G_A	G	A	8668	7553	8618	7553	0	0	NA	1	1	1	1
15	50344737	15_50344737_G_T	G	T	9647	8308	9583	8308	0	0	NA	1	0	0	0
15	53443146	15_53443146_C_A	C	A	8870	7765	8822	7765	0	0	NA	0	0	0	0
15	57207953	15_57207953_G_T	G	T	9409	8581	9354	8581	0	0	NA	1	0	0	0
15	58303667	15_58303667_G_T	G	T	9076	8277	9001	8277	0	0	NA	4	0	0	0
15	60034226	15_60034226_T_C	T	C	9099	7603	9068	7603	0	0	NA	0	1	1	1
15	60861199	15_60861199_C_T	C	T	5895	4519	5865	4519	0	0	NA	0	0	0	0
15	65715803	15_65715803_T_G	T	G	8963	7626	8922	7626	0	0	NA	0	0	0	0
15	65731907	15_65731907_A_G	A	G	9410	8300	9366	8300	0	0	NA	0	0	0	0
15	67004605	15_67004605_G_A	G	A	8858	8307	8800	8307	0	0	NA	2	0	0	0
15	67061485	15_67061485_T_A	T	A	8158	7239	8109	7239	0	0	NA	0	0	0	0
15	67421707	15_67421707_C_G	C	G	10053	9053	10001	9053	0	0	NA	1	0	0	0
15	69640458	15_69640458_G_C	G	C	9090	8033	9069	8033	0	0	NA	0	0	0	0
15	69697391	15_69697391_C_A	C	A	8859	7651	8805	7651	0	0	NA	0	0	0	0
15	71227372	15_71227372_T_G	T	G	8695	8116	8658	8116	0	0	NA	0	0	0	0
15	74511881	15_74511881_G_T	G	T	9469	8119	9373	8119	0	0	NA	0	1	0	0
15	76946122	15_76946122_C_A	C	A	9005	7928	8950	7928	0	0	NA	0	0	0	0
15	77935993	15_77935993_C_T	C	T	8538	7224	8478	7224	0	0	NA	0	0	0	0
15	78566423	15_78566423_G_T	G	T	8235	7237	8193	7237	0	0	NA	1	0	0	0
15	87533364	15_87533364_G_A	G	A	8929	8000	8890	8000	0	0	NA	2	1	1	1
15	88736341	15_88736341_T_A	T	A	7956	6934	7902	6934	0	0	NA	0	0	0	0
15	91833005	15_91833005_C_T	C	T	9452	8060	9395	8060	0	0	NA	1	3	3	3
15	94489763	15_94489763_T_C	T	C	9532	8607	9496	8607	0	0	NA	0	0	0	0
15	95160896	15_95160896_C_T	C	T	9227	8254	9168	8254	0	0	NA	2	0	0	0
15	96523068	15_96523068_G_T	G	T	8856	7311	8818	7311	0	0	NA	0	0	0	0
15	98668952	15_98668952_C_T	C	T	8293	7015	8253	7015	0	0	NA	0	0	0	0
16	2513847	16_2513847_C_A	C	A	8804	7634	8676	7634	0	0	NA	1	0	0	0
16	6083112	16_6083112_G_T	G	T	8953	7624	8872	7624	0	0	NA	1	0	0	0
16	6943914	16_6943914_C_A	C	A	9916	8809	9817	8809	0	0	NA	0	0	0	0
16	11694213	16_11694213_G_T	G	T	8399	7427	8359	7427	0	0	NA	1	0	0	0
16	13773279	16_13773279_G_A	G	A	9257	8318	9226	8318	0	0	NA	0	0	0	0
16	14334505	16_14334505_G_T	G	T	8588	7991	8548	7991	0	0	NA	1	0	0	0
16	17697681	16_17697681_A_C	A	C	9456	8379	9404	8379	0	0	NA	2	0	0	0
16	20419354	16_20419354_G_A	G	A	6872	5778	6839	5778	0	0	NA	0	0	0	0
16	22978251	16_22978251_A_G	A	G	9237	8052	9183	8052	0	0	NA	1	0	0	0
16	23692043	16_23692043_T_C	T	C	9585	8355	9546	8355	0	0	NA	0	0	0	0
16	26334645	16_26334645_T_C	T	C	8924	8014	8882	8014	0	0	NA	0	0	0	0
16	28032219	16_28032219_C_G	C	G	9567	8245	9541	8245	0	0	NA	0	0	0	0
16	29993668	16_29993668_A_G	A	G	8715	7850	8679	7850	0	0	NA	1	0	0	0
16	35033978	16_35033978_A_T	A	T	9440	8279	9399	8279	0	0	NA	0	0	0	0
16	35055563	16_35055563_T_C	T	C	8195	7781	8163	7781	0	0	NA	0	0	0	0
16	35184677	16_35184677_G_T	G	T	9200	7704	9134	7704	0	0	NA	1	0	0	0
16	48239538	16_48239538_G_T	G	T	8410	7427	8340	7424	3	3	NA	1	5	4	4
16	50410130	16_50410130_T_A	T	A	8398	7575	8370	7575	0	0	NA	0	0	0	0
16	51880208	16_51880208_T_A	T	A	8816	8012	8775	8012	0	0	NA	0	0	0	0
16	52484869	16_52484869_C_T	C	T	9411	8154	9349	8151	3	3	NA	1	5	5	5
16	52517061	16_52517061_A_C	A	C	9642	8384	9605	8384	0	0	NA	0	0	0	0
16	54682572	16_54682572_A_G	A	G	9008	7890	8964	7890	0	0	NA	1	0	0	0
16	55745710	16_55745710_A_G	A	G	8822	8030	8769	8030	0	0	NA	0	0	0	0
16	56116073	16_56116073_A_C	A	C	8089	7555	8062	7555	0	0	NA	0	0	0	0
16	57921198	16_57921198_C_G	C	G	9211	7932	9142	7932	0	0	NA	1	0	0	0
16	60177234	16_60177234_T_C	T	C	8917	8260	8867	8254	7	6	NA	0	12	11	11
16	62131282	16_62131282_T_A	T	A	9511	8090	9466	8090	0	0	NA	0	0	0	0
16	65165235	16_65165235_C_G	C	G	8877	7972	8807	7972	0	0	NA	0	0	0	0
16	65857997	16_65857997_G_T	G	T	9474	8392	9415	8391	1	1	NA	0	1	1	1
16	67336061	16_67336061_G_A	G	A	8295	7540	8243	7540	0	0	NA	2	0	0	0
16	68399607	16_68399607_C_T	C	T	9360	8078	9295	8078	0	0	NA	1	0	0	0
16	70594509	16_70594509_T_C	T	C	9758	8241	9650	8241	0	0	NA	0	0	0	0
16	75583287	16_75583287_G_A	G	A	8669	8061	8613	8061	0	0	NA	2	0	0	0
16	80777021	16_80777021_G_A	G	A	8277	7146	8197	7146	0	0	NA	5	3	3	3
16	82439426	16_82439426_G_T	G	T	9100	7484	9026	7484	0	0	NA	2	0	0	0
17	5461761	17_5461761_A_C	A	C	8916	7657	8863	7657	0	0	NA	0	0	0	0
17	6011838	17_6011838_G_T	G	T	9699	8181	9650	8181	0	0	NA	0	0	0	0
17	6258033	17_6258033_G_C	G	C	8273	7524	8240	7524	1	0	NA	0	1	0	0
17	6279252	17_6279252_G_T	G	T	7813	7205	7779	7205	0	0	NA	0	0	0	0
17	9074794	17_9074794_G_A	G	A	8952	7851	8908	7851	0	0	NA	0	0	0	0
17	9611686	17_9611686_G_T	G	T	9894	8633	9861	8633	0	0	NA	1	0	0	0
17	11212149	17_11212149_C_A	C	A	9687	8285	9642	8285	0	0	NA	3	0	0	0
17	13005077	17_13005077_A_C	A	C	8371	7703	8334	7703	0	0	NA	0	0	0	0
17	14652979	17_14652979_G_A	G	A	9681	8076	9614	8076	0	0	NA	0	0	0	0
17	17343273	17_17343273_C_T	C	T	7873	7388	7847	7387	1	1	NA	0	1	1	1
17	17561447	17_17561447_C_T	C	T	9375	7952	9312	7952	0	0	NA	0	0	0	0
17	19200784	17_19200784_A_T	A	T	9639	8204	9584	8204	0	0	NA	0	0	0	0
17	26531583	17_26531583_T_G	T	G	10411	8853	10345	8853	0	0	NA	1	0	0	0
17	27490483	17_27490483_C_A	C	A	9562	8392	9489	8392	0	0	NA	0	0	0	0
17	31050309	17_31050309_T_A	T	A	8564	8071	8544	8071	0	0	NA	0	0	0	0
17	31368798	17_31368798_T_A	T	A	9789	8418	9725	8418	0	0	NA	0	0	0	0
17	33057808	17_33057808_C_T	C	T	8755	7456	8652	7456	0	0	NA	6	3	2	2
17	33428225	17_33428225_G_A	G	A	8998	7814	8958	7814	0	0	NA	0	0	0	0
17	35086573	17_35086573_T_G	T	G	9113	7685	9040	7685	0	0	NA	1	0	0	0
17	48960370	17_48960370_G_A	G	A	8710	7795	8672	7795	0	0	NA	1	0	0	0
17	50743407	17_50743407_T_A	T	A	9569	8317	9527	8317	0	0	NA	0	0	0	0
17	51191053	17_51191053_C_A	C	A	8983	7637	8934	7636	0	0	NA	0	0	0	0
17	52221233	17_52221233_G_T	G	T	7400	6875	7367	6875	0	0	NA	0	0	0	0
17	53149518	17_53149518_C_A	C	A	9100	8127	9051	8127	0	0	NA	0	0	0	0
17	58482904	17_58482904_C_A	C	A	8630	7344	8586	7344	0	0	NA	0	0	0	0
17	62056379	17_62056379_A_G	A	G	8406	7387	8321	7387	0	0	NA	2	2	0	0
17	64736573	17_64736573_C_A	C	A	9205	8140	9159	8140	0	0	NA	1	0	0	0
17	66960279	17_66960279_A_T	A	T	8943	8050	8887	8050	0	0	NA	0	0	0	0
17	67283152	17_67283152_C_A	C	A	9386	8138	9307	8138	0	0	NA	0	1	1	1
17	67699028	17_67699028_G_A	G	A	10558	8927	10482	8927	0	0	NA	4	2	1	1
17	71164322	17_71164322_G_A	G	A	8200	7760	8165	7760	0	0	NA	1	0	0	0
17	78936747	17_78936747_A_G	A	G	8580	7393	8549	7393	0	0	NA	0	0	0	0
18	5027908	18_5027908_A_C	A	C	8898	7987	8852	7987	0	0	NA	0	0	0	0
18	5350611	18_5350611_C_A	C	A	6274	5847	6244	5847	0	0	NA	1	0	0	0
18	5583007	18_5583007_C_T	C	T	9058	7901	9000	7901	0	0	NA	0	0	0	0
18	7461374	18_7461374_G_T	G	T	9203	8138	9139	8138	0	0	NA	0	0	0	0
18	7556082	18_7556082_T_G	T	G	9786	8651	9748	8651	0	0	NA	0	0	0	0
18	11032331	18_11032331_C_T	C	T	9635	8491	9577	8490	1	1	NA	1	2	2	2
18	12779089	18_12779089_G_T	G	T	9083	7364	9048	7364	0	0	NA	1	0	0	0
18	14075430	18_14075430_G_T	G	T	9404	8125	9370	8125	0	0	NA	1	0	0	0
18	22182584	18_22182584_A_C	A	C	9883	8607	9841	8607	0	0	NA	0	1	0	0
18	24578908	18_24578908_G_A	G	A	9038	8066	8978	8066	0	0	NA	5	0	0	0
18	24940584	18_24940584_C_A	C	A	9515	8718	9462	8718	0	0	NA	0	0	0	0
18	25592569	18_25592569_T_A	T	A	9195	8003	9157	8003	0	0	NA	0	0	0	0
18	29129071	18_29129071_G_A	G	A	8463	7847	8433	7847	0	0	NA	0	0	0	0
18	30996030	18_30996030_A_C	A	C	8489	7564	8449	7564	0	0	NA	0	0	0	0
18	31053528	18_31053528_A_C	A	C	6553	6146	6521	6146	0	0	NA	0	0	0	0
18	31214807	18_31214807_G_T	G	T	9382	7929	9320	7929	0	0	NA	1	0	0	0
18	32487527	18_32487527_T_A	T	A	8273	7834	8229	7834	0	0	NA	1	0	0	0
18	38746577	18_38746577_C_A	C	A	8685	7881	8629	7881	0	0	NA	0	0	0	0
18	41658034	18_41658034_C_A	C	A	9195	8652	9161	8652	0	0	NA	0	0	0	0
18	44094365	18_44094365_T_A	T	A	8790	8227	8738	8227	0	0	NA	0	0	0	0
18	47444849	18_47444849_C_A	C	A	9198	8300	9126	8300	0	0	NA	0	0	0	0
18	48236290	18_48236290_C_G	C	G	9337	8533	9277	8532	1	1	NA	0	1	1	1
18	53503635	18_53503635_T_G	T	G	9435	8405	9376	8405	0	0	NA	1	0	0	0
18	54813779	18_54813779_C_T	C	T	8639	8213	8600	8213	0	0	NA	1	0	0	0
18	56128369	18_56128369_A_T	A	T	7433	6548	7402	6548	0	0	NA	0	0	0	0
18	57107364	18_57107364_T_C	T	C	9479	8008	9438	8008	0	0	NA	2	0	0	0
18	61588898	18_61588898_C_A	C	A	7438	6625	7378	6625	0	0	NA	3	0	0	0
18	62041082	18_62041082_G_A	G	A	9017	7682	8956	7682	0	0	NA	1	4	4	4
18	62185594	18_62185594_C_A	C	A	10644	9162	10594	9162	0	0	NA	0	0	0	0
18	62462703	18_62462703_T_A	T	A	8883	7717	8849	7717	0	0	NA	0	0	0	0
18	66493544	18_66493544_C_A	C	A	8794	7657	8749	7657	0	0	NA	1	0	0	0
18	67624979	18_67624979_G_T	G	T	9795	8452	9714	8452	0	0	NA	1	0	0	0
18	71607567	18_71607567_C_T	C	T	9781	8339	9662	8339	0	0	NA	0	2	1	1
18	72061179	18_72061179_G_T	G	T	9764	8518	9694	8518	0	0	NA	0	0	0	0
18	72937110	18_72937110_A_T	A	T	8536	7203	8493	7203	0	0	NA	0	0	0	0
18	76016118	18_76016118_A_G	A	G	9186	7801	9141	7801	0	0	NA	0	0	0	0
18	76425945	18_76425945_A_T	A	T	7963	6797	7914	6797	0	0	NA	0	0	0	0
18	77061049	18_77061049_A_G	A	G	8729	8195	8687	8195	0	0	NA	1	0	0	0
19	6290994	19_6290994_T_C	T	C	8935	7729	8859	7729	0	0	NA	1	0	0	0
19	7006572	19_7006572_C_T	C	T	8998	7896	8969	7896	0	0	NA	1	0	0	0
19	13710422	19_13710422_T_G	T	G	8264	7062	8231	7062	0	0	NA	0	0	0	0
19	31221691	19_31221691_G_A	G	A	8921	7852	8878	7852	0	0	NA	0	1	0	0
19	31804952	19_31804952_T_C	T	C	9134	7624	9076	7623	1	1	NA	0	1	1	1
19	32430361	19_32430361_G_T	G	T	9273	7948	9221	7948	0	0	NA	1	0	0	0
19	32719937	19_32719937_C_A	C	A	8605	7222	8548	7222	0	0	NA	0	1	0	0
19	35424580	19_35424580_A_T	A	T	9456	8166	9404	8166	0	0	NA	0	0	0	0
19	38479417	19_38479417_C_A	C	A	10118	8909	10084	8909	0	0	NA	0	0	0	0
19	41741739	19_41741739_C_A	C	A	8635	7949	8605	7949	0	0	NA	1	0	0	0
19	51984447	19_51984447_C_A	C	A	9408	8186	9354	8186	0	0	NA	0	0	0	0
19	57547112	19_57547112_T_G	T	G	8613	7693	8584	7693	0	0	NA	2	0	0	0
20	2355369	20_2355369_A_T	A	T	8953	7947	8906	7947	0	0	NA	1	0	0	0
20	4534244	20_4534244_C_A	C	A	8464	7831	8424	7824	8	7	NA	1	9	7	7
20	6206246	20_6206246_C_A	C	A	8327	7607	8289	7607	0	0	NA	0	0	0	0
20	8115709	20_8115709_C_A	C	A	8752	7842	8695	7842	0	0	NA	0	0	0	0
20	12151474	20_12151474_C_A	C	A	9204	7892	9097	7892	0	0	NA	1	0	0	0
20	12804964	20_12804964_A_C	A	C	8657	8100	8605	8100	0	0	NA	1	0	0	0
20	20247660	20_20247660_C_A	C	A	9373	8617	9301	8617	0	0	NA	2	0	0	0
20	20517427	20_20517427_G_A	G	A	9910	8474	9821	8474	0	0	NA	2	0	0	0
20	21813134	20_21813134_A_T	A	T	8820	7505	8769	7505	0	0	NA	0	0	0	0
20	31979714	20_31979714_T_C	T	C	7986	7378	7966	7378	0	0	NA	1	0	0	0
20	35425870	20_35425870_A_G	A	G	8033	7153	8000	7153	0	0	NA	0	0	0	0
20	35570872	20_35570872_A_T	A	T	7629	6889	7563	6887	2	2	NA	2	2	2	2
20	41556380	20_41556380_C_T	C	T	10102	8685	10045	8685	0	0	NA	1	0	0	0
20	45708733	20_45708733_A_G	A	G	8214	7605	8191	7605	0	0	NA	0	0	0	0
20	50184240	20_50184240_C_A	C	A	8822	7518	8760	7518	0	0	NA	1	0	0	0
20	51383442	20_51383442_C_T	C	T	9305	8081	9188	8081	0	0	NA	2	0	0	0
20	53298296	20_53298296_C_A	C	A	7651	5133	7599	5133	0	0	NA	0	0	0	0
20	55740071	20_55740071_G_C	G	C	9330	7986	9258	7986	0	0	NA	0	0	0	0
20	57895186	20_57895186_A_C	A	C	8771	7421	8710	7421	0	0	NA	1	0	0	0
20	60385810	20_60385810_A_C	A	C	8266	7108	8217	7108	0	0	NA	0	0	0	0
20	61994345	20_61994345_C_T	C	T	9555	8153	9465	8153	0	0	NA	4	0	0	0
21	15536895	21_15536895_G_A	G	A	9535	8262	9492	8261	1	1	NA	1	1	1	1
21	15596198	21_15596198_C_A	C	A	10048	8610	10006	8610	0	0	NA	0	0	0	0
21	19332426	21_19332426_G_T	G	T	9279	8297	9220	8297	0	0	NA	1	0	0	0
21	22391244	21_22391244_T_G	T	G	9056	7014	9021	7014	0	0	NA	0	0	0	0
21	23683346	21_23683346_G_A	G	A	9823	8684	9763	8684	0	0	NA	2	0	0	0
21	27421281	21_27421281_C_T	C	T	9140	7825	9046	7825	0	0	NA	4	0	0	0
21	29013619	21_29013619_A_T	A	T	9338	8518	9293	8518	0	0	NA	0	0	0	0
21	29867368	21_29867368_G_T	G	T	8305	7552	8260	7552	0	0	NA	1	0	0	0
21	30057459	21_30057459_T_A	T	A	9584	8304	9529	8304	0	0	NA	0	0	0	0
21	32298622	21_32298622_C_G	C	G	8770	7356	8730	7356	0	0	NA	0	0	0	0
21	34007685	21_34007685_T_G	T	G	8944	7910	8900	7910	0	0	NA	0	0	0	0
21	34093341	21_34093341_T_C	T	C	8447	8013	8418	8013	0	0	NA	0	0	0	0
21	35204592	21_35204592_C_T	C	T	9312	8308	9254	8308	0	0	NA	1	1	1	1
21	39297797	21_39297797_G_T	G	T	9092	8234	9039	8234	0	0	NA	0	0	0	0
21	39908035	21_39908035_G_T	G	T	8146	7406	8114	7406	0	0	NA	1	0	0	0
21	41978536	21_41978536_C_A	C	A	9114	7723	9051	7723	0	0	NA	1	0	0	0
21	46016288	21_46016288_C_T	C	T	9078	7936	9035	7936	0	0	NA	3	0	0	0
22	19878465	22_19878465_C_A	C	A	8728	7608	8688	7608	0	0	NA	1	0	0	0
22	23380288	22_23380288_C_T	C	T	8771	7611	8703	7611	0	0	NA	1	0	0	0
22	26317455	22_26317455_T_A	T	A	9154	7761	9095	7761	0	0	NA	2	0	0	0
22	27085109	22_27085109_A_T	A	T	8888	7810	8855	7810	0	0	NA	0	0	0	0
22	29183761	22_29183761_C_A	C	A	7534	7202	7496	7202	0	0	NA	1	0	0	0
22	29526407	22_29526407_G_T	G	T	8238	7783	8204	7783	0	0	NA	0	0	0	0
22	33919415	22_33919415_A_T	A	T	8370	7740	8325	7740	0	0	NA	0	0	0	0
22	34099503	22_34099503_G_T	G	T	7849	7325	7817	7325	0	0	NA	1	1	0	0
22	34302737	22_34302737_G_A	G	A	9267	8041	9168	8041	0	0	NA	2	0	0	0
22	35466537	22_35466537_C_T	C	T	9036	7750	8985	7750	0	0	NA	1	0	0	0
22	38396144	22_38396144_A_G	A	G	9016	7699	8869	7623	90	76	NA	0	139	121	121
22	38704974	22_38704974_T_A	T	A	9325	7906	9280	7906	0	0	NA	0	0	0	0
22	43382443	22_43382443_C_A	C	A	6488	5821	6451	5821	0	0	NA	2	0	0	0
22	45281484	22_45281484_C_T	C	T	9048	7794	8972	7794	0	0	NA	2	0	0	0
22	47589574	22_47589574_C_A	C	A	8980	7605	8908	7605	0	0	NA	0	1	1	1
22	47682652	22_47682652_C_T	C	T	9191	7960	9132	7960	0	0	NA	2	0	0	0
22	50069832	22_50069832_C_T	C	T	9540	8298	9475	8298	0	0	NA	2	0	0	0
X	2892008	X_2892008_G_A	G	A	8403	7175	8357	7175	0	0	NA	1	0	0	0
X	7404834	X_7404834_A_T	A	T	8846	7829	8792	7829	0	0	NA	0	0	0	0
X	8416408	X_8416408_G_A	G	A	9093	7979	9066	7979	0	0	NA	0	0	0	0
X	9302190	X_9302190_C_G	C	G	8467	7432	8397	7432	0	0	NA	0	0	0	0
X	9345076	X_9345076_T_C	T	C	8246	7553	8230	7553	0	0	NA	1	0	0	0
X	10452375	X_10452375_C_A	C	A	8181	7390	8129	7390	0	0	NA	1	0	0	0
X	11691332	X_11691332_G_T	G	T	7631	7232	7606	7232	0	0	NA	1	0	0	0
X	13122520	X_13122520_A_G	A	G	7972	7364	7951	7363	1	1	NA	0	1	1	1
X	15889712	X_15889712_A_C	A	C	8771	5916	8722	5916	0	0	NA	2	0	0	0
X	16287334	X_16287334_T_A	T	A	8691	8263	8652	8263	0	0	NA	0	0	0	0
X	17503859	X_17503859_G_C	G	C	8748	7395	8721	7395	0	0	NA	0	0	0	0
X	18246423	X_18246423_G_T	G	T	8886	7527	8808	7527	0	0	NA	0	0	0	0
X	24158796	X_24158796_C_A	C	A	8129	6822	8102	6822	0	0	NA	0	0	0	0
X	24566724	X_24566724_A_T	A	T	8942	8055	8897	8055	0	0	NA	0	0	0	0
X	28945976	X_28945976_C_A	C	A	7999	7558	7973	7558	0	0	NA	1	0	0	0
X	29984537	X_29984537_G_C	G	C	9090	8505	9055	8505	0	0	NA	0	0	0	0
X	30940588	X_30940588_G_T	G	T	8384	7829	8323	7829	0	0	NA	1	0	0	0
X	32012874	X_32012874_C_T	C	T	7845	7145	7795	7145	0	0	NA	2	0	0	0
X	32180423	X_32180423_C_T	C	T	9100	8073	9037	8073	0	0	NA	1	0	0	0
X	36532806	X_36532806_C_T	C	T	9888	8176	9813	8171	5	5	NA	1	9	8	8
X	38154212	X_38154212_G_C	G	C	9074	8470	9018	8470	0	0	NA	0	0	0	0
X	43364085	X_43364085_C_G	C	G	8702	7889	8656	7889	0	0	NA	1	0	0	0
X	43367299	X_43367299_G_A	G	A	8226	7530	8199	7530	0	0	NA	0	5	5	5
X	45555964	X_45555964_A_T	A	T	8118	7355	8080	7355	0	0	NA	0	0	0	0
X	45830600	X_45830600_C_T	C	T	9355	8476	9287	8476	0	0	NA	2	2	2	2
X	50582966	X_50582966_C_A	C	A	9250	8084	9195	8084	0	0	NA	2	0	0	0
X	57919057	X_57919057_A_C	A	C	8531	7437	8475	7437	0	0	NA	1	0	0	0
X	64306393	X_64306393_A_T	A	T	8385	7177	8342	7177	0	0	NA	0	2	1	1
X	66967111	X_66967111_C_A	C	A	8467	7049	8413	7049	0	0	NA	1	0	0	0
X	68239938	X_68239938_A_T	A	T	9623	8391	9568	8391	0	0	NA	0	0	0	0
X	68463073	X_68463073_T_C	T	C	9529	8350	9480	8350	0	0	NA	0	0	0	0
X	71288231	X_71288231_G_A	G	A	9588	8248	9550	8247	1	1	NA	0	1	1	1
X	73281690	X_73281690_A_C	A	C	9436	8167	9380	8167	0	0	NA	0	0	0	0
X	81708008	X_81708008_T_A	T	A	8760	7685	8708	7685	0	0	NA	0	0	0	0
X	83261162	X_83261162_C_T	C	T	9068	8187	9017	8187	0	0	NA	0	0	0	0
X	86264843	X_86264843_T_G	T	G	9881	8474	9831	8474	0	0	NA	0	1	1	1
X	97349850	X_97349850_G_T	G	T	9017	8476	8960	8476	0	0	NA	2	0	0	0
X	98607151	X_98607151_G_T	G	T	8619	7704	8565	7704	0	0	NA	1	0	0	0
X	101352183	X_101352183_T_G	T	G	9135	7753	9091	7753	0	0	NA	0	0	0	0
X	103165632	X_103165632_C_A	C	A	9605	8061	9527	8061	0	0	NA	2	0	0	0
X	104105708	X_104105708_G_A	G	A	9167	7954	9073	7954	0	0	NA	7	0	0	0
X	104572637	X_104572637_T_A	T	A	8548	7783	8501	7783	0	0	NA	0	0	0	0
X	104678933	X_104678933_C_A	C	A	10131	8791	10069	8791	0	0	NA	0	0	0	0
X	108753133	X_108753133_G_A	G	A	9942	8566	9800	8566	0	0	NA	7	0	0	0
X	110424371	X_110424371_C_A	C	A	8281	7699	8235	7699	0	0	NA	0	0	0	0
X	110660839	X_110660839_G_C	G	C	7940	6655	7876	6655	0	0	NA	0	0	0	0
X	115626792	X_115626792_G_T	G	T	8078	6994	7852	6846	161	148	NA	2	329	290	290
X	116203945	X_116203945_G_A	G	A	8901	7892	8857	7891	1	1	NA	1	2	2	2
X	116469256	X_116469256_C_A	C	A	8596	7808	8552	7808	0	0	NA	0	0	0	0
X	122379089	X_122379089_C_G	C	G	9946	8597	9841	8597	0	0	NA	0	0	0	0
X	130268442	X_130268442_G_A	G	A	9291	8304	9227	8304	0	0	NA	6	0	0	0
X	135329556	X_135329556_A_C	A	C	8476	7869	8444	7869	0	0	NA	0	0	0	0
X	135699207	X_135699207_G_A	G	A	8942	7561	8871	7561	0	0	NA	2	0	0	0
X	137320295	X_137320295_C_A	C	A	8535	7579	8486	7579	0	0	NA	0	0	0	0
X	139999812	X_139999812_A_T	A	T	5744	5016	5723	5016	0	0	NA	0	0	0	0
X	141069548	X_141069548_C_A	C	A	8820	8077	8777	8077	0	0	NA	1	0	0	0
X	142388465	X_142388465_G_T	G	T	8558	8026	8505	8026	0	0	NA	0	0	0	0
X	142496219	X_142496219_C_T	C	T	8347	7889	8278	7889	0	0	NA	1	0	0	0
X	150629335	X_150629335_A_T	A	T	9269	8284	9226	8284	0	0	NA	1	0	0	0
