contig	position	id	ref_allele	alt_allele	depth	depth_pass	n_ref_total	n_ref_pass	n_alt_total	n_alt_pass	seen_in_norm	n_alt_dsc_suppressed	n_alt_ssc_total	n_alt_ssc_pass	n_alt_ssc_only
1	4844004	1_4844004_T_G	T	G	3106	2865	3091	2865	0	0	NA	0	0	0	0
1	6170844	1_6170844_C_A	C	A	3927	3612	3905	3612	0	0	NA	0	0	0	0
1	7569244	1_7569244_A_T	A	T	1969	1897	1960	1897	0	0	NA	1	0	0	0
1	10117326	1_10117326_A_C	A	C	2712	2580	2699	2580	0	0	NA	0	0	0	0
1	15177388	1_15177388_C_T	C	T	700	671	695	671	0	0	NA	0	0	0	0
1	18334800	1_18334800_G_A	G	A	4540	3790	4486	3790	0	0	NA	0	0	0	0
1	22260126	1_22260126_G_T	G	T	2379	2224	2366	2224	0	0	NA	0	0	0	0
1	22870308	1_22870308_G_T	G	T	4565	3710	4502	3710	0	0	NA	0	0	0	0
1	34888950	1_34888950_C_G	C	G	2301	2201	2293	2201	0	0	NA	0	0	0	0
1	35447897	1_35447897_A_C	A	C	3954	3254	3931	3254	0	0	NA	0	0	0	0
1	40549282	1_40549282_T_A	T	A	4351	4036	4320	4036	0	0	NA	0	0	0	0
1	41362157	1_41362157_C_A	C	A	4499	4035	4428	4035	0	0	NA	0	0	0	0
1	48900232	1_48900232_C_A	C	A	4235	3867	4204	3867	0	0	NA	0	0	0	0
1	49529273	1_49529273_G_C	G	C	4223	3958	4194	3958	0	0	NA	0	0	0	0
1	52386058	1_52386058_T_C	T	C	4546	3992	4500	3992	0	0	NA	0	0	0	0
1	53456591	1_53456591_C_T	C	T	4336	3736	4282	3736	0	0	NA	0	0	0	0
1	54185325	1_54185325_A_C	A	C	3661	3403	3647	3403	0	0	NA	1	0	0	0
1	55165897	1_55165897_T_A	T	A	4163	3732	4142	3732	0	0	NA	0	0	0	0
1	56103271	1_56103271_C_T	C	T	1071	1002	1060	1002	0	0	NA	0	0	0	0
1	58426799	1_58426799_G_T	G	T	4414	4083	4393	4083	0	0	NA	0	0	0	0
1	62339339	1_62339339_A_G	A	G	3088	2936	3080	2936	0	0	NA	2	0	0	0
1	72015571	1_72015571_C_A	C	A	4236	3935	4207	3935	0	0	NA	0	0	0	0
1	72647083	1_72647083_C_A	C	A	4693	4072	4649	4072	0	0	NA	1	0	0	0
1	76050696	1_76050696_T_A	T	A	4497	3989	4470	3989	0	0	NA	0	0	0	0
1	76193694	1_76193694_T_C	T	C	5057	4265	5025	4265	0	0	NA	0	0	0	0
1	77934706	1_77934706_G_A	G	A	4868	4077	4834	4077	0	0	NA	0	0	0	0
1	84678937	1_84678937_T_A	T	A	5058	4329	5021	4329	0	0	NA	0	0	0	0
1	86364035	1_86364035_A_T	A	T	4571	4209	4526	4209	0	0	NA	0	0	0	0
1	88373074	1_88373074_G_A	G	A	4380	3937	4312	3937	0	0	NA	0	1	1	1
1	91138147	1_91138147_C_G	C	G	4779	4300	4721	4299	0	0	NA	1	0	0	0
1	91235677	1_91235677_A_C	A	C	3989	3724	3960	3724	0	0	NA	0	0	0	0
1	93283568	1_93283568_G_T	G	T	4270	4009	4245	4009	0	0	NA	0	0	0	0
1	93323389	1_93323389_C_A	C	A	2518	2417	2502	2417	0	0	NA	0	0	0	0
1	93828973	1_93828973_C_T	C	T	2808	2706	2787	2706	0	0	NA	0	0	0	0
1	95091533	1_95091533_T_C	T	C	919	905	918	905	0	0	NA	0	0	0	0
1	102453962	1_102453962_T_G	T	G	5065	4160	4985	4160	0	0	NA	0	0	0	0
1	103523357	1_103523357_G_C	G	C	2648	2549	2627	2549	0	0	NA	0	0	0	0
1	104540834	1_104540834_G_A	G	A	4076	3846	4053	3846	0	0	NA	0	0	0	0
1	106243715	1_106243715_T_A	T	A	2518	2440	2513	2440	0	0	NA	0	1	0	0
1	115103796	1_115103796_G_T	G	T	4119	3488	4082	3488	0	0	NA	0	0	0	0
1	117751794	1_117751794_G_C	G	C	4221	3771	4196	3771	0	0	NA	0	0	0	0
1	118625501	1_118625501_G_T	G	T	3985	3741	3972	3741	0	0	NA	0	0	0	0
1	119082826	1_119082826_A_G	A	G	4196	3805	4170	3805	0	0	NA	0	0	0	0
1	119587290	1_119587290_G_C	G	C	4661	4165	4619	4164	2	1	NA	0	3	2	2
1	145522955	1_145522955_G_T	G	T	4407	4016	4380	4016	0	0	NA	0	0	0	0
1	153164063	1_153164063_G_A	G	A	4619	4143	4567	4141	2	2	NA	0	3	3	3
1	156563162	1_156563162_G_T	G	T	4001	3576	3977	3576	0	0	NA	0	0	0	0
1	157835862	1_157835862_C_G	C	G	4785	4075	4736	4074	1	1	NA	0	1	1	1
1	159433795	1_159433795_G_A	G	A	894	866	889	866	0	0	NA	0	0	0	0
1	159469366	1_159469366_C_A	C	A	4603	3998	4566	3998	0	0	NA	0	0	0	0
1	161047547	1_161047547_A_C	A	C	4404	3739	4346	3739	0	0	NA	0	0	0	0
1	165489794	1_165489794_A_T	A	T	4290	3752	4244	3752	0	0	NA	0	0	0	0
1	165530369	1_165530369_A_G	A	G	4669	3941	4644	3941	0	0	NA	0	0	0	0
1	168756928	1_168756928_G_T	G	T	1115	1081	1109	1081	0	0	NA	2	0	0	0
1	168757922	1_168757922_G_A	G	A	4583	3867	4536	3866	1	1	NA	1	1	1	1
1	172433597	1_172433597_G_T	G	T	4410	3821	4377	3821	0	0	NA	0	0	0	0
1	174163819	1_174163819_C_T	C	T	4687	3855	4625	3855	0	0	NA	1	0	0	0
1	182443886	1_182443886_G_A	G	A	4763	4058	4707	4058	0	0	NA	1	0	0	0
1	184765103	1_184765103_T_C	T	C	4733	3977	4706	3977	0	0	NA	0	0	0	0
1	185406808	1_185406808_G_T	G	T	4696	4047	4636	4046	2	1	NA	0	3	1	1
1	187482445	1_187482445_C_A	C	A	4710	3909	4653	3909	0	0	NA	0	0	0	0
1	192399510	1_192399510_A_G	A	G	4167	3713	2269	2085	1857	1628	NA	0	2941	2632	2632
1	196376682	1_196376682_T_C	T	C	2894	2818	2882	2818	0	0	NA	0	0	0	0
1	199139261	1_199139261_C_T	C	T	5542	4613	5496	4613	0	0	NA	0	0	0	0
1	200625548	1_200625548_T_A	T	A	4682	4158	4648	4158	0	0	NA	0	0	0	0
1	202405491	1_202405491_T_G	T	G	4156	3868	4109	3868	0	0	NA	1	0	0	0
1	202685575	1_202685575_T_A	T	A	2356	2257	2353	2257	0	0	NA	0	0	0	0
1	207354586	1_207354586_T_C	T	C	3966	3726	3949	3726	0	0	NA	0	0	0	0
1	211209885	1_211209885_T_A	T	A	3711	3506	3701	3506	0	0	NA	0	0	0	0
1	213617847	1_213617847_G_A	G	A	4292	3576	4262	3576	0	0	NA	0	0	0	0
1	214015630	1_214015630_A_T	A	T	662	639	658	639	0	0	NA	0	0	0	0
1	221007990	1_221007990_T_A	T	A	2952	2819	2941	2819	0	0	NA	0	0	0	0
1	223226987	1_223226987_T_G	T	G	3317	2691	3238	2691	0	0	NA	2	0	0	0
1	223519958	1_223519958_A_T	A	T	4626	3964	4570	3964	0	0	NA	0	0	0	0
1	223830256	1_223830256_C_T	C	T	4454	3710	4414	3710	0	0	NA	0	0	0	0
1	226633722	1_226633722_A_C	A	C	4849	3909	4805	3909	0	0	NA	0	0	0	0
1	230235027	1_230235027_C_T	C	T	4399	3754	4359	3754	0	0	NA	0	1	1	1
1	231082316	1_231082316_T_C	T	C	4315	3773	4264	3773	0	0	NA	0	0	0	0
1	231438997	1_231438997_C_A	C	A	3894	3709	3862	3709	0	0	NA	0	0	0	0
1	232573866	1_232573866_A_T	A	T	4448	3943	4395	3943	0	0	NA	0	0	0	0
1	234163293	1_234163293_G_A	G	A	4256	3888	4198	3888	0	0	NA	1	0	0	0
1	237333396	1_237333396_T_C	T	C	1319	1071	1313	1071	0	0	NA	0	0	0	0
1	238366103	1_238366103_G_A	G	A	775	755	771	755	0	0	NA	1	0	0	0
1	240431491	1_240431491_G_A	G	A	4664	4027	4612	4027	1	0	NA	0	2	1	1
2	3912955	2_3912955_A_T	A	T	4403	3614	4324	3614	0	0	NA	0	0	0	0
2	4824219	2_4824219_G_A	G	A	4328	4112	4305	4112	0	0	NA	0	0	0	0
2	5395102	2_5395102_C_T	C	T	4324	3551	4255	3551	0	0	NA	1	0	0	0
2	6557711	2_6557711_A_G	A	G	4746	4088	4720	4088	0	0	NA	0	0	0	0
2	7115639	2_7115639_A_T	A	T	4521	3668	4484	3668	0	0	NA	0	0	0	0
2	8247584	2_8247584_T_A	T	A	3537	3387	3525	3387	0	0	NA	0	0	0	0
2	11776308	2_11776308_T_C	T	C	4563	3880	4536	3880	0	0	NA	0	0	0	0
2	15475057	2_15475057_C_A	C	A	4438	3822	4400	3822	0	0	NA	0	0	0	0
2	15733707	2_15733707_A_G	A	G	4679	4034	4647	4034	0	0	NA	0	0	0	0
2	16139085	2_16139085_T_G	T	G	4677	4035	4654	4035	0	0	NA	0	0	0	0
2	17298685	2_17298685_A_T	A	T	4012	3191	3982	3191	0	0	NA	1	0	0	0
2	17748067	2_17748067_T_C	T	C	4679	4140	4652	4140	0	0	NA	0	0	0	0
2	19956742	2_19956742_C_T	C	T	1489	1449	1481	1449	0	0	NA	0	0	0	0
2	20381688	2_20381688_A_G	A	G	3915	3611	3893	3611	0	0	NA	2	0	0	0
2	20835025	2_20835025_C_A	C	A	4390	3744	4344	3744	0	0	NA	0	0	0	0
2	22926049	2_22926049_A_C	A	C	4708	3935	4682	3935	0	0	NA	0	0	0	0
2	23924200	2_23924200_C_T	C	T	3687	2853	3672	2853	0	0	NA	0	0	0	0
2	25879170	2_25879170_T_A	T	A	4762	4260	4729	4260	0	0	NA	1	0	0	0
2	27790743	2_27790743_G_C	G	C	3834	3567	3810	3567	0	0	NA	0	1	0	0
2	28949923	2_28949923_G_A	G	A	1835	1733	1830	1733	0	0	NA	1	0	0	0
2	36716580	2_36716580_T_A	T	A	2821	2676	2812	2676	0	0	NA	0	0	0	0
2	41659455	2_41659455_C_A	C	A	4227	3826	4151	3826	0	0	NA	0	0	0	0
2	45930539	2_45930539_T_A	T	A	3736	3167	3715	3167	0	0	NA	0	0	0	0
2	50780994	2_50780994_A_G	A	G	4820	4178	4768	4178	0	0	NA	0	0	0	0
2	54679670	2_54679670_A_G	A	G	4301	3710	4274	3710	0	0	NA	0	0	0	0
2	55834582	2_55834582_A_G	A	G	928	900	926	900	0	0	NA	0	0	0	0
2	59891616	2_59891616_T_G	T	G	4355	3724	4318	3724	0	0	NA	1	0	0	0
2	65161835	2_65161835_C_G	C	G	4392	3850	4356	3850	0	0	NA	0	0	0	0
2	67835846	2_67835846_A_G	A	G	1403	1368	1401	1368	0	0	NA	1	0	0	0
2	68213058	2_68213058_C_G	C	G	3594	3448	3556	3448	0	0	NA	0	0	0	0
2	73335801	2_73335801_A_C	A	C	1348	1312	1346	1312	0	0	NA	0	0	0	0
2	73442111	2_73442111_G_T	G	T	3315	3211	3283	3211	0	0	NA	0	0	0	0
2	77471717	2_77471717_C_T	C	T	3087	2188	3047	2188	0	0	NA	0	0	0	0
2	77576112	2_77576112_C_A	C	A	4122	3694	4069	3694	0	0	NA	0	0	0	0
2	82292714	2_82292714_G_T	G	T	4874	4101	4820	4101	0	0	NA	0	0	0	0
2	96879402	2_96879402_T_G	T	G	330	315	330	315	0	0	NA	0	0	0	0
2	99062443	2_99062443_A_C	A	C	4400	3774	4349	3774	0	0	NA	0	0	0	0
2	107893779	2_107893779_C_T	C	T	4583	3924	4540	3924	0	0	NA	0	0	0	0
2	108768554	2_108768554_A_T	A	T	3912	3523	3885	3523	0	0	NA	0	0	0	0
2	115108756	2_115108756_G_C	G	C	4618	4133	4579	4133	0	0	NA	0	0	0	0
2	117143772	2_117143772_C_T	C	T	4804	4149	4729	4149	0	0	NA	1	0	0	0
2	117659454	2_117659454_G_T	G	T	2892	2478	2855	2478	0	0	NA	5	1	0	0
2	118805910	2_118805910_G_T	G	T	4746	3964	4709	3964	0	0	NA	0	0	0	0
2	119840140	2_119840140_G_T	G	T	4535	4089	4493	4089	0	0	NA	0	0	0	0
2	119957341	2_119957341_C_A	C	A	4782	4161	4741	4161	0	0	NA	0	0	0	0
2	120273684	2_120273684_C_A	C	A	7	7	7	7	0	0	NA	0	0	0	0
2	122143926	2_122143926_G_C	G	C	2349	2282	2342	2282	0	0	NA	0	0	0	0
2	125490030	2_125490030_C_T	C	T	3363	3163	3335	3163	0	0	NA	0	0	0	0
2	127741822	2_127741822_A_G	A	G	3625	3423	3611	3423	0	0	NA	0	0	0	0
2	131490770	2_131490770_C_T	C	T	4205	3653	4172	3653	0	0	NA	0	0	0	0
2	133194740	2_133194740_T_A	T	A	4977	4233	4942	4233	0	0	NA	0	0	0	0
2	133448053	2_133448053_C_A	C	A	4674	4037	4627	4037	0	0	NA	0	0	0	0
2	135010088	2_135010088_G_A	G	A	4676	3863	4627	3863	0	0	NA	0	0	0	0
2	137324485	2_137324485_A_G	A	G	4570	4089	4548	4089	0	0	NA	1	0	0	0
2	137839936	2_137839936_G_T	G	T	4552	3909	4496	3909	0	0	NA	1	0	0	0
2	137853166	2_137853166_G_A	G	A	4567	4213	4480	4167	50	46	NA	3	76	68	68
2	138169379	2_138169379_C_T	C	T	4836	4102	4797	4102	0	0	NA	0	0	0	0
2	139002042	2_139002042_G_T	G	T	4306	3876	4270	3876	0	0	NA	1	0	0	0
2	140603800	2_140603800_G_A	G	A	4976	4563	4921	4562	1	1	NA	0	1	1	1
2	141571326	2_141571326_C_G	C	G	4249	3822	4195	3822	0	0	NA	0	0	0	0
2	142527243	2_142527243_C_A	C	A	2038	1586	2016	1586	0	0	NA	0	0	0	0
2	144040757	2_144040757_G_C	G	C	4075	3603	4019	3603	0	0	NA	0	0	0	0
2	145019145	2_145019145_T_A	T	A	2541	2470	2537	2470	0	0	NA	0	0	0	0
2	145373202	2_145373202_T_C	T	C	2513	2454	2505	2454	0	0	NA	0	0	0	0
2	150698372	2_150698372_G_T	G	T	4966	4235	4917	4235	1	0	NA	0	1	0	0
2	155108137	2_155108137_T_A	T	A	4352	4108	4322	4094	14	14	NA	0	25	24	24
2	172365265	2_172365265_C_A	C	A	4983	4320	4930	4320	0	0	NA	0	0	0	0
2	172987260	2_172987260_G_T	G	T	4527	3930	4487	3930	0	0	NA	0	0	0	0
2	173730719	2_173730719_A_T	A	T	4885	4177	4780	4177	0	0	NA	0	0	0	0
2	174364696	2_174364696_G_A	G	A	4621	3944	4575	3944	0	0	NA	0	0	0	0
2	174795474	2_174795474_C_A	C	A	4662	4093	4618	4093	0	0	NA	0	0	0	0
2	177388765	2_177388765_G_A	G	A	4427	3827	4386	3827	0	0	NA	0	0	0	0
2	179743615	2_179743615_G_T	G	T	4489	4119	4440	4119	0	0	NA	0	0	0	0
2	181815201	2_181815201_T_G	T	G	4654	4191	4631	4191	0	0	NA	1	0	0	0
2	183214222	2_183214222_G_A	G	A	4265	3751	4211	3751	0	0	NA	0	0	0	0
2	187615465	2_187615465_G_T	G	T	3703	3505	3683	3505	0	0	NA	1	0	0	0
2	200443962	2_200443962_C_T	C	T	3121	2981	3101	2981	0	0	NA	0	0	0	0
2	202356396	2_202356396_A_G	A	G	3498	3402	3492	3402	0	0	NA	0	0	0	0
2	202955836	2_202955836_C_T	C	T	2795	2661	2779	2661	0	0	NA	0	0	0	0
2	205217749	2_205217749_A_G	A	G	4431	3951	4406	3951	0	0	NA	0	0	0	0
2	206129967	2_206129967_C_A	C	A	4433	3997	4370	3997	0	0	NA	1	0	0	0
2	208712309	2_208712309_T_A	T	A	3777	3527	3755	3527	0	0	NA	0	0	0	0
2	210411316	2_210411316_G_T	G	T	4515	3951	4487	3951	0	0	NA	0	0	0	0
2	215677873	2_215677873_C_T	C	T	3922	3636	3884	3636	0	0	NA	0	0	0	0
2	217729060	2_217729060_C_T	C	T	4198	3827	4169	3827	0	0	NA	0	0	0	0
2	219480850	2_219480850_G_T	G	T	3972	3750	3955	3750	0	0	NA	0	0	0	0
2	223002417	2_223002417_A_G	A	G	3992	3793	3976	3793	0	0	NA	1	0	0	0
2	223140663	2_223140663_G_A	G	A	4624	3982	4545	3982	0	0	NA	0	1	0	0
2	224493914	2_224493914_C_G	C	G	4782	4022	4718	4022	0	0	NA	0	0	0	0
2	229040974	2_229040974_G_A	G	A	4429	3784	4390	3784	0	0	NA	1	0	0	0
2	229567009	2_229567009_G_C	G	C	2420	1986	2402	1986	0	0	NA	0	0	0	0
2	230022469	2_230022469_T_G	T	G	4565	4003	4541	4003	0	0	NA	0	0	0	0
2	232132524	2_232132524_A_G	A	G	3823	3530	3809	3530	0	0	NA	0	0	0	0
2	232510239	2_232510239_C_A	C	A	2300	2095	2290	2095	0	0	NA	1	0	0	0
2	233879185	2_233879185_A_C	A	C	4554	4138	4529	4138	0	0	NA	0	0	0	0
2	240377374	2_240377374_A_C	A	C	4559	3769	4520	3769	0	0	NA	0	0	0	0
3	2553911	3_2553911_G_T	G	T	3947	3653	3914	3653	0	0	NA	0	0	0	0
3	2669737	3_2669737_G_T	G	T	3873	3537	3851	3537	0	0	NA	0	0	0	0
3	5358694	3_5358694_C_A	C	A	3980	3136	3942	3136	0	0	NA	0	0	0	0
3	7175075	3_7175075_G_T	G	T	4482	3804	4428	3804	0	0	NA	0	0	0	0
3	9387818	3_9387818_T_G	T	G	4511	3649	4483	3649	0	0	NA	0	0	0	0
3	10484771	3_10484771_T_G	T	G	4737	4012	4707	4012	0	0	NA	0	0	0	0
3	11538088	3_11538088_C_A	C	A	4187	3881	4149	3881	0	0	NA	1	0	0	0
3	12356928	3_12356928_G_T	G	T	4966	4110	4933	4110	0	0	NA	0	0	0	0
3	12559866	3_12559866_G_A	G	A	4628	3921	4578	3921	0	0	NA	1	1	1	1
3	14084763	3_14084763_G_A	G	A	4563	3963	4528	3963	0	0	NA	1	0	0	0
3	22764915	3_22764915_G_T	G	T	4826	4133	4791	4133	0	0	NA	0	0	0	0
3	29600283	3_29600283_G_T	G	T	2756	2642	2743	2642	0	0	NA	1	0	0	0
3	29832788	3_29832788_G_T	G	T	4359	3896	4312	3896	0	0	NA	1	0	0	0
3	31262457	3_31262457_A_G	A	G	2272	2227	2268	2227	0	0	NA	1	0	0	0
3	34555188	3_34555188_A_G	A	G	2789	2718	2784	2718	0	0	NA	0	0	0	0
3	35066705	3_35066705_A_G	A	G	4983	4423	4952	4423	0	0	NA	0	0	0	0
3	37732492	3_37732492_T_A	T	A	3035	2941	3028	2941	0	0	NA	0	0	0	0
3	39066033	3_39066033_C_T	C	T	3250	3132	3229	3131	1	1	NA	2	1	1	1
3	45812847	3_45812847_T_C	T	C	4542	3690	4494	3688	2	2	NA	0	3	3	3
3	47455328	3_47455328_C_A	C	A	4123	3759	4082	3759	0	0	NA	0	0	0	0
3	56419336	3_56419336_T_G	T	G	4486	4142	4459	4142	0	0	NA	0	0	0	0
3	57138905	3_57138905_G_T	G	T	4826	4040	4762	4040	0	0	NA	0	0	0	0
3	62971031	3_62971031_A_T	A	T	5011	4306	4965	4306	0	0	NA	0	0	0	0
3	66097629	3_66097629_T_G	T	G	4363	3630	4315	3630	0	0	NA	1	0	0	0
3	66840056	3_66840056_A_T	A	T	4262	3743	4225	3743	0	0	NA	0	0	0	0
3	73582034	3_73582034_A_G	A	G	4756	4080	4741	4080	0	0	NA	0	0	0	0
3	74125644	3_74125644_C_A	C	A	3401	3191	3373	3191	0	0	NA	1	0	0	0
3	74150571	3_74150571_C_G	C	G	4558	4038	4525	4038	0	0	NA	0	0	0	0
3	74187831	3_74187831_G_T	G	T	4512	3973	4459	3973	0	0	NA	0	0	0	0
3	74567443	3_74567443_G_C	G	C	3381	3216	3352	3211	5	5	NA	0	14	14	14
3	74793359	3_74793359_T_C	T	C	2702	2632	2694	2631	1	1	NA	0	2	2	2
3	78127388	3_78127388_G_A	G	A	4308	3997	4267	3997	0	0	NA	0	0	0	0
3	78765829	3_78765829_C_A	C	A	1835	1781	1825	1781	0	0	NA	1	0	0	0
3	80348653	3_80348653_A_T	A	T	2846	2730	2838	2730	0	0	NA	0	0	0	0
3	82573415	3_82573415_G_T	G	T	3967	3728	3932	3728	0	0	NA	0	0	0	0
3	83552092	3_83552092_G_C	G	C	5108	3983	5061	3983	0	0	NA	0	0	0	0
3	85685856	3_85685856_A_G	A	G	4526	4066	4484	4066	0	0	NA	0	0	0	0
3	86034469	3_86034469_T_C	T	C	4367	3999	4332	3998	1	1	NA	1	1	1	1
3	86370084	3_86370084_T_C	T	C	4123	3835	4108	3835	0	0	NA	1	0	0	0
3	87006753	3_87006753_C_A	C	A	4907	4191	4868	4191	0	0	NA	0	0	0	0
3	87243615	3_87243615_C_A	C	A	4577	4100	4516	4100	0	0	NA	0	0	0	0
3	88578363	3_88578363_A_G	A	G	4861	3952	4832	3952	0	0	NA	0	0	0	0
3	95526760	3_95526760_G_T	G	T	4812	4223	4763	4223	0	0	NA	0	0	0	0
3	101782655	3_101782655_G_A	G	A	4759	3945	4691	3945	0	0	NA	2	0	0	0
3	102450811	3_102450811_A_T	A	T	4486	4087	4473	4087	0	0	NA	0	0	0	0
3	102980991	3_102980991_T_A	T	A	3997	3654	3969	3654	0	0	NA	0	0	0	0
3	107229942	3_107229942_G_A	G	A	3131	1371	3115	1371	0	0	NA	0	0	0	0
3	109824375	3_109824375_G_C	G	C	4387	3851	4324	3851	0	0	NA	0	0	0	0
3	110930539	3_110930539_A_C	A	C	4838	4186	4807	4186	0	0	NA	0	0	0	0
3	111434967	3_111434967_C_T	C	T	4606	3768	4559	3768	0	0	NA	0	0	0	0
3	112008902	3_112008902_G_T	G	T	4595	4033	4552	4033	0	0	NA	0	0	0	0
3	117522451	3_117522451_C_A	C	A	4324	3915	4283	3915	0	0	NA	1	0	0	0
3	117844285	3_117844285_T_A	T	A	4746	4304	4725	4304	0	0	NA	0	0	0	0
3	118600778	3_118600778_G_A	G	A	4294	3914	4268	3914	0	0	NA	0	0	0	0
3	120282678	3_120282678_G_C	G	C	5005	4153	4928	4153	0	0	NA	0	0	0	0
3	121778430	3_121778430_A_G	A	G	3023	2468	3016	2468	0	0	NA	0	0	0	0
3	126499704	3_126499704_T_C	T	C	4459	3928	4437	3928	0	0	NA	0	0	0	0
3	131083012	3_131083012_C_A	C	A	4307	3978	4272	3978	0	0	NA	0	0	0	0
3	133207199	3_133207199_G_T	G	T	4424	3816	4372	3816	0	0	NA	0	0	0	0
3	134657090	3_134657090_C_T	C	T	4525	4000	4490	4000	0	0	NA	0	0	0	0
3	142451195	3_142451195_G_C	G	C	3101	2902	3085	2902	0	0	NA	1	0	0	0
3	142893311	3_142893311_T_A	T	A	2417	2353	2409	2353	0	0	NA	1	0	0	0
3	148559950	3_148559950_A_C	A	C	3223	2956	3213	2956	0	0	NA	1	0	0	0
3	149042036	3_149042036_C_T	C	T	3556	3315	3533	3315	0	0	NA	0	0	0	0
3	154205556	3_154205556_A_G	A	G	4389	3471	4349	3471	0	0	NA	1	0	0	0
3	157493771	3_157493771_T_G	T	G	4315	4013	4293	4013	0	0	NA	0	0	0	0
3	158833017	3_158833017_A_G	A	G	2566	2490	2558	2490	0	0	NA	1	0	0	0
3	160189910	3_160189910_G_T	G	T	4661	4186	4631	4186	0	0	NA	0	0	0	0
3	161150848	3_161150848_T_A	T	A	3368	3223	3353	3223	0	0	NA	0	0	0	0
3	161829752	3_161829752_C_T	C	T	4543	3931	4489	3931	0	0	NA	1	0	0	0
3	163456054	3_163456054_A_C	A	C	4333	4046	4313	4046	0	0	NA	0	0	0	0
3	165761407	3_165761407_A_T	A	T	3286	3010	3266	3010	0	0	NA	0	0	0	0
3	170429958	3_170429958_T_C	T	C	4716	4282	4693	4282	0	0	NA	0	0	0	0
3	171072362	3_171072362_G_A	G	A	4453	3903	4411	3903	0	0	NA	0	0	0	0
3	173046783	3_173046783_C_A	C	A	4107	3877	4072	3877	0	0	NA	1	0	0	0
3	174411712	3_174411712_T_A	T	A	4892	4213	4859	4213	0	0	NA	0	0	0	0
3	177968674	3_177968674_G_A	G	A	1974	1912	1964	1912	0	0	NA	0	0	0	0
3	178376330	3_178376330_C_A	C	A	4673	4157	4628	4157	0	0	NA	0	0	0	0
3	179281487	3_179281487_C_A	C	A	4249	3566	4210	3566	0	0	NA	0	0	0	0
3	185788442	3_185788442_G_T	G	T	3811	3606	3795	3606	0	0	NA	0	0	0	0
3	187879056	3_187879056_C_A	C	A	4453	3884	4370	3884	0	0	NA	0	0	0	0
3	188913371	3_188913371_G_T	G	T	1216	1180	1213	1180	0	0	NA	0	0	0	0
3	193627567	3_193627567_A_T	A	T	4431	3803	4400	3803	0	0	NA	0	0	0	0
3	193845972	3_193845972_G_T	G	T	2152	2078	2144	2078	0	0	NA	2	0	0	0
3	193990650	3_193990650_G_T	G	T	4566	3827	4523	3827	0	0	NA	0	0	0	0
4	11488385	4_11488385_T_C	T	C	777	758	773	758	0	0	NA	0	0	0	0
4	17201531	4_17201531_G_T	G	T	4419	4084	4379	4084	0	0	NA	0	0	0	0
4	18826881	4_18826881_T_G	T	G	4161	3943	4135	3943	0	0	NA	0	0	0	0
4	24298428	4_24298428_G_A	G	A	3994	3753	3973	3753	0	0	NA	0	0	0	0
4	26870104	4_26870104_T_G	T	G	4078	3718	4048	3718	0	0	NA	0	0	0	0
4	28207986	4_28207986_C_A	C	A	4333	3824	4306	3824	0	0	NA	0	0	0	0
4	30171003	4_30171003_G_T	G	T	3708	3314	3638	3314	0	0	NA	4	1	0	0
4	36476278	4_36476278_T_G	T	G	3981	3785	3955	3785	0	0	NA	0	0	0	0
4	37114421	4_37114421_G_C	G	C	4241	3856	4201	3856	0	0	NA	0	0	0	0
4	40921703	4_40921703_G_T	G	T	3831	3552	3793	3552	0	0	NA	1	0	0	0
4	42325958	4_42325958_G_A	G	A	4384	3970	4355	3970	0	0	NA	1	0	0	0
4	52866435	4_52866435_A_T	A	T	2018	1972	2014	1972	0	0	NA	0	0	0	0
4	53057073	4_53057073_G_A	G	A	4909	4116	4861	4116	0	0	NA	0	0	0	0
4	53210725	4_53210725_T_A	T	A	1826	1767	1824	1767	0	0	NA	0	0	0	0
4	56420814	4_56420814_A_T	A	T	4554	3943	4527	3943	0	0	NA	0	0	0	0
4	59088372	4_59088372_A_T	A	T	4165	3879	4144	3879	0	0	NA	0	0	0	0
4	65021857	4_65021857_T_A	T	A	4457	3884	4423	3884	0	0	NA	0	0	0	0
4	66003157	4_66003157_C_G	C	G	4249	3801	4220	3801	0	0	NA	1	0	0	0
4	68928612	4_68928612_T_A	T	A	4583	3831	4547	3831	0	0	NA	0	0	0	0
4	69190459	4_69190459_T_C	T	C	4313	3909	4288	3909	0	0	NA	0	0	0	0
4	69612688	4_69612688_C_A	C	A	4037	3630	3987	3630	0	0	NA	0	0	0	0
4	70187587	4_70187587_G_A	G	A	4556	3759	4500	3759	0	0	NA	0	0	0	0
4	70733452	4_70733452_C_A	C	A	53	52	53	52	0	0	NA	0	0	0	0
4	76671128	4_76671128_G_T	G	T	76	70	76	70	0	0	NA	0	0	0	0
4	79861153	4_79861153_A_C	A	C	2856	2785	2847	2785	0	0	NA	0	0	0	0
4	89244006	4_89244006_T_C	T	C	4020	3475	3993	3466	10	9	NA	0	13	11	11
4	92088899	4_92088899_A_T	A	T	4520	4099	4497	4099	0	0	NA	0	0	0	0
4	92144803	4_92144803_A_T	A	T	1654	1619	1652	1619	0	0	NA	0	0	0	0
4	96125628	4_96125628_C_A	C	A	4788	3957	4737	3957	0	0	NA	0	0	0	0
4	108760135	4_108760135_C_G	C	G	4889	4159	4854	4159	0	0	NA	0	0	0	0
4	110476198	4_110476198_G_A	G	A	2187	2085	2172	2085	0	0	NA	0	0	0	0
4	113843422	4_113843422_A_G	A	G	4766	4235	4717	4234	1	1	NA	0	1	1	1
4	121278204	4_121278204_G_A	G	A	4374	3654	4296	3654	0	0	NA	0	0	0	0
4	121358474	4_121358474_C_T	C	T	1592	1519	1583	1519	0	0	NA	0	0	0	0
4	125028341	4_125028341_A_T	A	T	4363	3998	4327	3998	0	0	NA	0	1	1	1
4	134590723	4_134590723_T_C	T	C	4530	4168	4494	4167	1	1	NA	0	1	1	1
4	135766053	4_135766053_A_C	A	C	4350	3662	4312	3662	0	0	NA	0	0	0	0
4	139265044	4_139265044_G_A	G	A	4110	3667	4068	3667	0	0	NA	0	0	0	0
4	140115872	4_140115872_C_G	C	G	4330	3729	4277	3729	0	0	NA	0	0	0	0
4	140723366	4_140723366_G_T	G	T	4434	3914	4372	3914	0	0	NA	1	0	0	0
4	141267013	4_141267013_C_A	C	A	811	780	802	780	0	0	NA	0	0	0	0
4	142411197	4_142411197_C_A	C	A	4699	4210	4636	4210	0	0	NA	1	0	0	0
4	146333335	4_146333335_A_G	A	G	3241	3099	3231	3099	0	0	NA	0	0	0	0
4	147923186	4_147923186_A_G	A	G	4128	3733	4099	3733	0	0	NA	0	0	0	0
4	152899624	4_152899624_C_A	C	A	3819	3592	3800	3592	0	0	NA	2	0	0	0
4	153252012	4_153252012_C_A	C	A	837	807	832	807	0	0	NA	0	0	0	0
4	153942358	4_153942358_T_G	T	G	2605	2510	2595	2510	0	0	NA	0	0	0	0
4	157916894	4_157916894_A_G	A	G	4656	3937	4627	3937	0	0	NA	0	0	0	0
4	159444861	4_159444861_G_T	G	T	4348	3546	4312	3546	0	0	NA	0	0	0	0
4	162099362	4_162099362_T_G	T	G	4344	4062	4305	4062	0	0	NA	0	0	0	0
4	163286666	4_163286666_T_C	T	C	4912	4074	4858	4074	0	0	NA	1	0	0	0
4	165251936	4_165251936_A_T	A	T	4357	4010	4324	4010	0	0	NA	0	0	0	0
4	167043681	4_167043681_G_T	G	T	4143	3752	4098	3752	0	0	NA	0	0	0	0
4	167238091	4_167238091_A_T	A	T	4362	4032	4313	4029	3	3	NA	0	3	3	3
4	170086300	4_170086300_G_T	G	T	4318	4024	4279	4024	0	0	NA	0	0	0	0
4	173509889	4_173509889_A_C	A	C	3674	3495	3653	3495	0	0	NA	1	0	0	0
4	175295888	4_175295888_G_T	G	T	4584	3910	4540	3910	0	0	NA	0	0	0	0
4	179087340	4_179087340_A_T	A	T	4342	3939	4310	3939	0	0	NA	0	0	0	0
4	182148244	4_182148244_G_C	G	C	2890	2771	2879	2771	0	0	NA	0	1	0	0
4	186029394	4_186029394_A_T	A	T	1664	1618	1655	1618	0	0	NA	0	0	0	0
4	187862196	4_187862196_G_C	G	C	5077	4429	5049	4429	0	0	NA	0	0	0	0
5	2300040	5_2300040_T_A	T	A	4283	3804	4249	3804	0	0	NA	0	0	0	0
5	2897490	5_2897490_G_T	G	T	4642	3906	4601	3906	0	0	NA	0	0	0	0
5	5711957	5_5711957_T_A	T	A	4229	3911	4206	3911	0	0	NA	0	0	0	0
5	6596368	5_6596368_C_A	C	A	3718	3336	3698	3336	0	0	NA	1	0	0	0
5	6810831	5_6810831_T_A	T	A	4755	3960	4700	3960	0	0	NA	0	0	0	0
5	6827415	5_6827415_T_C	T	C	4002	3723	3990	3723	0	0	NA	0	0	0	0
5	8787089	5_8787089_A_G	A	G	4378	3977	4353	3977	0	0	NA	0	0	0	0
5	10233227	5_10233227_T_G	T	G	4496	4022	4452	4022	0	0	NA	1	0	0	0
5	10654836	5_10654836_A_C	A	C	4420	3645	4395	3645	0	0	NA	0	0	0	0
5	12256147	5_12256147_A_G	A	G	4492	3913	4467	3913	0	0	NA	1	0	0	0
5	14137991	5_14137991_G_T	G	T	1955	1878	1945	1878	0	0	NA	0	0	0	0
5	14668623	5_14668623_T_G	T	G	2433	2336	2423	2336	0	0	NA	1	0	0	0
5	19395968	5_19395968_G_A	G	A	4110	3911	4079	3911	0	0	NA	0	0	0	0
5	21854122	5_21854122_T_A	T	A	4398	3817	4366	3817	0	0	NA	0	0	0	0
5	22122097	5_22122097_C_G	C	G	4032	3520	3981	3520	0	0	NA	0	0	0	0
5	30869795	5_30869795_T_A	T	A	4652	3994	4613	3994	0	0	NA	0	0	0	0
5	33041436	5_33041436_C_A	C	A	4343	3316	4295	3316	0	0	NA	0	0	0	0
5	36879112	5_36879112_A_T	A	T	2169	1973	2155	1973	0	0	NA	1	1	1	1
5	38286141	5_38286141_C_T	C	T	3966	3251	3903	3251	0	0	NA	0	0	0	0
5	40977836	5_40977836_C_T	C	T	4228	3757	4186	3754	3	3	NA	0	4	4	4
5	44097712	5_44097712_C_T	C	T	4523	4022	4468	4022	0	0	NA	0	1	1	1
5	57412003	5_57412003_G_A	G	A	4624	4271	4569	4271	0	0	NA	0	0	0	0
5	58351823	5_58351823_T_A	T	A	3377	3135	3364	3135	0	0	NA	0	0	0	0
5	58470879	5_58470879_C_T	C	T	4223	3791	4175	3791	0	0	NA	1	0	0	0
5	58856861	5_58856861_T_C	T	C	4646	4067	4617	4067	0	0	NA	0	0	0	0
5	62983374	5_62983374_G_A	G	A	4853	4018	4809	4018	0	0	NA	1	0	0	0
5	64678561	5_64678561_A_T	A	T	2859	2727	2836	2727	0	0	NA	0	0	0	0
5	70802193	5_70802193_A_G	A	G	4425	4027	4386	4027	0	0	NA	0	0	0	0
5	72882543	5_72882543_C_A	C	A	3464	3179	3445	3179	0	0	NA	0	0	0	0
5	75683103	5_75683103_C_A	C	A	1067	1021	1065	1021	0	0	NA	0	0	0	0
5	89434466	5_89434466_C_T	C	T	4645	4078	4599	4078	0	0	NA	0	0	0	0
5	91171453	5_91171453_G_T	G	T	4242	3745	4199	3745	0	0	NA	0	0	0	0
5	91298364	5_91298364_A_C	A	C	4239	4025	4216	4025	0	0	NA	0	0	0	0
5	96721764	5_96721764_A_G	A	G	4402	4026	4373	4026	0	0	NA	0	0	0	0
5	97742665	5_97742665_G_C	G	C	3724	3547	3707	3547	0	0	NA	0	0	0	0
5	98432802	5_98432802_C_T	C	T	4008	3311	3984	3311	0	0	NA	1	0	0	0
5	101991142	5_101991142_T_C	T	C	3749	3351	3723	3351	0	0	NA	0	0	0	0
5	103478794	5_103478794_T_C	T	C	5067	4384	5029	4384	0	0	NA	0	0	0	0
5	110413045	5_110413045_C_A	C	A	4592	3946	4526	3946	0	0	NA	0	0	0	0
5	110808215	5_110808215_T_A	T	A	3976	3791	3950	3791	0	0	NA	0	0	0	0
5	111176809	5_111176809_A_T	A	T	3859	3588	3841	3588	0	0	NA	0	0	0	0
5	113953237	5_113953237_G_T	G	T	4050	3799	4027	3799	0	0	NA	1	0	0	0
5	115325336	5_115325336_G_A	G	A	4232	3669	4188	3669	0	0	NA	0	0	0	0
5	116069563	5_116069563_G_A	G	A	2523	2429	2518	2429	0	0	NA	1	0	0	0
5	117264206	5_117264206_A_T	A	T	3199	3101	3186	3101	0	0	NA	0	0	0	0
5	118343515	5_118343515_C_A	C	A	4497	4192	4451	4192	0	0	NA	0	0	0	0
5	126065530	5_126065530_A_C	A	C	3701	1932	3670	1932	0	0	NA	0	0	0	0
5	127817097	5_127817097_T_C	T	C	3056	2950	3044	2950	0	0	NA	0	0	0	0
5	128060307	5_128060307_G_A	G	A	2225	2141	2211	2141	0	0	NA	2	0	0	0
5	130198590	5_130198590_T_G	T	G	2395	2327	2382	2322	5	5	NA	0	7	7	7
5	133442470	5_133442470_G_T	G	T	2589	2434	2563	2434	0	0	NA	0	0	0	0
5	134807349	5_134807349_C_T	C	T	4389	4020	4353	4020	0	0	NA	0	0	0	0
5	134861544	5_134861544_C_A	C	A	4641	3907	4593	3907	0	0	NA	0	0	0	0
5	135533847	5_135533847_G_A	G	A	4660	3937	4585	3937	0	0	NA	0	0	0	0
5	135595997	5_135595997_G_A	G	A	4149	3803	4113	3803	0	0	NA	1	1	1	1
5	136197866	5_136197866_T_A	T	A	3180	3027	3174	3027	0	0	NA	0	0	0	0
5	136498207	5_136498207_A_G	A	G	4574	3613	4532	3613	0	0	NA	0	0	0	0
5	138746857	5_138746857_G_T	G	T	4303	3833	4278	3833	0	0	NA	2	0	0	0
5	140792583	5_140792583_A_T	A	T	4737	3908	4644	3908	0	0	NA	0	0	0	0
5	141157858	5_141157858_G_C	G	C	4425	3535	4365	3535	0	0	NA	1	0	0	0
5	141175079	5_141175079_C_A	C	A	4617	3846	4568	3846	0	0	NA	0	0	0	0
5	147977764	5_147977764_T_G	T	G	5248	4530	5190	4530	0	0	NA	0	0	0	0
5	151637138	5_151637138_T_G	T	G	4691	4071	4653	4071	0	0	NA	0	0	0	0
5	152446906	5_152446906_C_T	C	T	5055	4241	5012	4241	0	0	NA	2	0	0	0
5	156028138	5_156028138_G_T	G	T	4879	4283	4834	4283	0	0	NA	0	0	0	0
5	157093119	5_157093119_T_C	T	C	4351	3833	4338	3833	0	0	NA	0	0	0	0
5	163218731	5_163218731_A_C	A	C	5153	4400	5110	4400	0	0	NA	0	0	0	0
5	167343912	5_167343912_C_T	C	T	4713	3913	4661	3913	0	0	NA	0	0	0	0
5	167638050	5_167638050_C_T	C	T	4582	4006	4523	4006	0	0	NA	0	0	0	0
5	168941189	5_168941189_A_T	A	T	4249	3822	4199	3822	0	0	NA	0	0	0	0
5	170336768	5_170336768_A_T	A	T	3427	3197	3411	3197	0	0	NA	0	0	0	0
5	170446211	5_170446211_C_A	C	A	5128	4317	5072	4317	0	0	NA	0	0	0	0
5	174431621	5_174431621_C_A	C	A	4951	4126	4835	4126	0	0	NA	0	0	0	0
5	178389137	5_178389137_T_G	T	G	3413	3015	3393	3015	0	0	NA	0	0	0	0
5	179484832	5_179484832_G_T	G	T	4361	3669	4338	3669	0	0	NA	0	0	0	0
6	531795	6_531795_A_G	A	G	5189	4370	5155	4370	0	0	NA	0	0	0	0
6	533689	6_533689_A_T	A	T	4664	3877	4626	3877	0	0	NA	0	0	0	0
6	1203447	6_1203447_G_T	G	T	4696	3847	4622	3847	0	0	NA	0	0	0	0
6	1316030	6_1316030_T_C	T	C	4488	3929	4454	3929	0	0	NA	0	0	0	0
6	3454179	6_3454179_A_T	A	T	5136	4312	5095	4312	0	0	NA	0	0	0	0
6	4355848	6_4355848_A_C	A	C	5082	4289	5051	4289	0	0	NA	0	0	0	0
6	8294290	6_8294290_G_A	G	A	4867	4053	4801	4053	0	0	NA	0	0	0	0
6	11046057	6_11046057_G_T	G	T	4972	4286	4928	4286	0	0	NA	0	0	0	0
6	13021499	6_13021499_C_A	C	A	4650	4186	4593	4186	0	0	NA	0	0	0	0
6	18079001	6_18079001_C_T	C	T	4972	4142	4872	4142	0	0	NA	0	0	0	0
6	19445094	6_19445094_A_G	A	G	4770	3975	4733	3975	0	0	NA	0	0	0	0
6	19666621	6_19666621_G_C	G	C	3852	3315	3789	3315	0	0	NA	0	0	0	0
6	20008059	6_20008059_C_A	C	A	5152	4264	5094	4264	0	0	NA	0	0	0	0
6	20611977	6_20611977_A_G	A	G	4779	4225	4734	4225	0	0	NA	0	0	0	0
6	23133721	6_23133721_C_A	C	A	4291	3623	4232	3623	0	0	NA	0	0	0	0
6	27688462	6_27688462_G_C	G	C	5110	4411	5075	4411	0	0	NA	0	0	0	0
6	34389762	6_34389762_A_G	A	G	2646	1924	2618	1924	0	0	NA	0	0	0	0
6	41012044	6_41012044_C_T	C	T	3808	3411	3762	3409	2	2	NA	0	2	2	2
6	42281055	6_42281055_G_C	G	C	4749	3989	4687	3989	0	0	NA	0	0	0	0
6	42719997	6_42719997_T_C	T	C	4752	3924	4720	3924	0	0	NA	0	0	0	0
6	43623417	6_43623417_G_A	G	A	4532	3746	4479	3746	0	0	NA	1	0	0	0
6	48347542	6_48347542_G_T	G	T	4895	4232	4857	4232	0	0	NA	0	0	0	0
6	49541202	6_49541202_G_A	G	A	4233	3745	4188	3745	0	0	NA	0	0	0	0
6	55322280	6_55322280_T_A	T	A	4396	4036	4379	4036	0	0	NA	0	0	0	0
6	56492291	6_56492291_C_T	C	T	4937	4173	4887	4173	0	0	NA	0	0	0	0
6	62613736	6_62613736_A_T	A	T	5088	4282	5059	4282	0	0	NA	0	0	0	0
6	69646230	6_69646230_G_T	G	T	5050	4239	4984	4239	0	0	NA	0	0	0	0
6	69891923	6_69891923_G_A	G	A	5479	4884	5455	4884	0	0	NA	0	0	0	0
6	71653003	6_71653003_T_G	T	G	5111	4485	5073	4485	0	0	NA	0	0	0	0
6	72262862	6_72262862_G_T	G	T	4364	3815	4325	3815	0	0	NA	1	0	0	0
6	75798819	6_75798819_T_A	T	A	4123	3313	4081	3313	0	0	NA	0	0	0	0
6	83118671	6_83118671_A_T	A	T	5082	4350	5051	4350	0	0	NA	0	0	0	0
6	93938439	6_93938439_G_T	G	T	4687	4279	4652	4279	0	0	NA	0	0	0	0
6	96674994	6_96674994_T_C	T	C	4627	3941	4604	3940	1	1	NA	0	1	1	1
6	98746547	6_98746547_C_A	C	A	5083	4403	5024	4403	0	0	NA	0	0	0	0
6	103780247	6_103780247_A_T	A	T	4861	4022	4830	4022	0	0	NA	0	0	0	0
6	106691293	6_106691293_C_A	C	A	3977	3277	3951	3277	0	0	NA	0	0	0	0
6	107582384	6_107582384_C_T	C	T	4955	4204	4930	4204	0	0	NA	0	0	0	0
6	116387873	6_116387873_C_A	C	A	836	802	830	802	0	0	NA	1	0	0	0
6	119201839	6_119201839_G_T	G	T	4394	4106	4346	4106	0	0	NA	0	0	0	0
6	120487682	6_120487682_G_T	G	T	4811	4019	4773	4019	0	0	NA	0	0	0	0
6	123180897	6_123180897_C_T	C	T	5067	4455	5020	4455	0	0	NA	0	0	0	0
6	124866439	6_124866439_C_A	C	A	4764	4021	4712	4021	0	0	NA	0	0	0	0
6	127110550	6_127110550_C_A	C	A	4675	3839	4624	3839	0	0	NA	0	0	0	0
6	127481681	6_127481681_G_T	G	T	4926	4189	4878	4189	0	0	NA	0	0	0	0
6	131750525	6_131750525_T_A	T	A	4360	3936	4338	3936	0	0	NA	0	0	0	0
6	137884476	6_137884476_A_T	A	T	4750	4026	4722	4026	0	0	NA	0	0	0	0
6	145437049	6_145437049_G_A	G	A	4908	4288	4868	4288	0	0	NA	0	0	0	0
6	146197782	6_146197782_T_C	T	C	5146	4508	5123	4508	0	0	NA	0	0	0	0
6	147760727	6_147760727_G_A	G	A	4464	4007	4415	4007	0	0	NA	0	0	0	0
6	152846360	6_152846360_T_C	T	C	4276	3892	4249	3891	1	1	NA	0	1	1	1
6	157883939	6_157883939_G_T	G	T	4798	4049	4771	4049	0	0	NA	1	0	0	0
6	159483703	6_159483703_T_A	T	A	4767	4121	4741	4121	0	0	NA	0	0	0	0
6	162258984	6_162258984_A_T	A	T	4965	4297	4924	4297	0	0	NA	0	0	0	0
6	163118669	6_163118669_G_A	G	A	5211	4564	5171	4564	0	0	NA	0	0	0	0
6	163729885	6_163729885_A_C	A	C	5133	4279	5100	4279	0	0	NA	0	0	0	0
6	165097778	6_165097778_C_T	C	T	4810	4102	4767	4102	0	0	NA	0	0	0	0
6	165397407	6_165397407_G_T	G	T	4934	4132	4863	4132	0	0	NA	2	0	0	0
6	165424971	6_165424971_A_G	A	G	4639	4201	4621	4201	0	0	NA	0	0	0	0
6	167408581	6_167408581_G_T	G	T	5144	4398	5112	4398	0	0	NA	0	0	0	0
7	4757898	7_4757898_C_T	C	T	4905	3036	4863	3036	0	0	NA	0	1	0	0
7	9622966	7_9622966_C_A	C	A	4929	4097	4878	4097	0	0	NA	0	0	0	0
7	10757784	7_10757784_G_A	G	A	4824	3961	4764	3961	0	0	NA	2	0	0	0
7	12875828	7_12875828_T_A	T	A	4858	4130	4831	4130	0	0	NA	0	0	0	0
7	15139171	7_15139171_T_A	T	A	4878	4173	4835	4173	0	0	NA	0	0	0	0
7	15452190	7_15452190_A_T	A	T	3506	2944	3491	2944	0	0	NA	0	0	0	0
7	15938695	7_15938695_T_G	T	G	5316	4644	5273	4644	0	0	NA	0	0	0	0
7	17190878	7_17190878_T_A	T	A	4951	4158	4915	4158	0	0	NA	0	0	0	0
7	17539351	7_17539351_G_T	G	T	4391	3277	4329	3277	0	0	NA	0	0	0	0
7	21773086	7_21773086_G_T	G	T	5177	4275	5135	4275	0	0	NA	0	0	0	0
7	25090067	7_25090067_C_G	C	G	5116	4211	5077	4211	0	0	NA	0	0	0	0
7	29345731	7_29345731_G_A	G	A	4747	4112	4709	4112	0	0	NA	0	0	0	0
7	32301541	7_32301541_T_A	T	A	3704	3071	3691	3071	0	0	NA	0	0	0	0
7	33049698	7_33049698_T_G	T	G	5368	4662	5339	4662	0	0	NA	0	0	0	0
7	39557793	7_39557793_C_A	C	A	3520	3094	3496	3094	0	0	NA	0	0	0	0
7	39735181	7_39735181_T_A	T	A	3771	3028	3746	3028	0	0	NA	0	0	0	0
7	41094869	7_41094869_G_T	G	T	4993	4335	4977	4335	0	0	NA	0	0	0	0
7	41655023	7_41655023_T_G	T	G	5024	4287	4958	4287	0	0	NA	0	0	0	0
7	51057541	7_51057541_C_T	C	T	3925	3394	3889	3394	0	0	NA	0	0	0	0
7	51530846	7_51530846_G_A	G	A	4814	4033	4761	4033	0	0	NA	0	0	0	0
7	52542977	7_52542977_A_G	A	G	5230	4664	5196	4664	0	0	NA	0	0	0	0
7	52599409	7_52599409_G_T	G	T	5194	4452	5140	4452	0	0	NA	0	0	0	0
7	52658765	7_52658765_C_A	C	A	4730	3935	4665	3935	0	0	NA	1	0	0	0
7	62512144	7_62512144_C_T	C	T	4106	3318	4076	3318	0	0	NA	0	0	0	0
7	63841121	7_63841121_G_T	G	T	4723	3919	4684	3919	0	0	NA	0	0	0	0
7	68042627	7_68042627_T_C	T	C	4900	4180	4867	4180	0	0	NA	0	0	0	0
7	70037110	7_70037110_G_T	G	T	5048	4248	4985	4248	0	0	NA	0	0	0	0
7	70655252	7_70655252_G_A	G	A	4662	3942	4616	3942	0	0	NA	1	0	0	0
7	71171125	7_71171125_A_G	A	G	4843	4037	4781	4037	0	0	NA	0	0	0	0
7	71567614	7_71567614_A_G	A	G	4696	3888	4663	3888	0	0	NA	0	0	0	0
7	82953387	7_82953387_G_C	G	C	4464	4116	4423	4116	0	0	NA	0	0	0	0
7	83527484	7_83527484_C_T	C	T	4982	4385	4928	4385	0	0	NA	0	0	0	0
7	90849521	7_90849521_C_A	C	A	4709	3630	4672	3630	0	0	NA	1	0	0	0
7	92859955	7_92859955_G_A	G	A	4962	4134	4905	4134	0	0	NA	0	0	0	0
7	93902670	7_93902670_A_G	A	G	4391	3479	4357	3479	0	0	NA	0	0	0	0
7	97429451	7_97429451_C_T	C	T	5120	4343	5085	4343	0	0	NA	0	0	0	0
7	107495099	7_107495099_T_A	T	A	4230	3401	4202	3401	0	0	NA	0	0	0	0
7	109061960	7_109061960_C_T	C	T	4490	3716	4438	3716	0	0	NA	0	0	0	0
7	109470630	7_109470630_A_C	A	C	5467	4725	5429	4725	0	0	NA	0	0	0	0
7	110106268	7_110106268_T_A	T	A	4674	4197	4651	4197	0	0	NA	0	0	0	0
7	112137059	7_112137059_T_A	T	A	5078	4211	5048	4210	1	1	NA	0	1	1	1
7	112586673	7_112586673_G_T	G	T	4985	4169	4933	4169	0	0	NA	0	0	0	0
7	113324611	7_113324611_A_T	A	T	5002	4219	4966	4219	0	0	NA	0	0	0	0
7	113647150	7_113647150_A_C	A	C	5099	4329	5066	4329	0	0	NA	0	0	0	0
7	113738522	7_113738522_T_C	T	C	4564	3866	4503	3866	0	0	NA	0	0	0	0
7	114874243	7_114874243_C_A	C	A	5109	4233	5041	4230	3	3	NA	0	3	3	3
7	116449400	7_116449400_A_T	A	T	4748	4148	4717	4148	0	0	NA	0	0	0	0
7	117848439	7_117848439_C_G	C	G	4859	4311	4812	4311	0	0	NA	0	1	1	1
7	119804300	7_119804300_C_A	C	A	5041	4263	4981	4263	0	0	NA	0	0	0	0
7	124482257	7_124482257_C_A	C	A	4846	4244	4769	4244	0	0	NA	0	0	0	0
7	127386754	7_127386754_A_C	A	C	4789	4098	4756	4098	0	0	NA	0	0	0	0
7	129934200	7_129934200_T_C	T	C	4447	3765	4422	3765	0	0	NA	0	0	0	0
7	131785612	7_131785612_C_G	C	G	4884	4052	4836	4052	0	0	NA	0	0	0	0
7	132121798	7_132121798_A_G	A	G	4938	4212	4910	4212	0	0	NA	0	0	0	0
7	134838841	7_134838841_A_G	A	G	5243	4485	5194	4485	0	0	NA	0	0	0	0
7	135491193	7_135491193_T_A	T	A	4354	3716	4322	3716	0	0	NA	0	0	0	0
7	136566000	7_136566000_A_T	A	T	4744	4191	4711	4191	0	0	NA	0	0	0	0
7	138993277	7_138993277_A_T	A	T	4745	3962	4709	3962	0	0	NA	0	0	0	0
7	144106210	7_144106210_A_T	A	T	5162	4583	5120	4583	0	0	NA	0	0	0	0
7	147156788	7_147156788_G_C	G	C	5027	4286	4996	4286	0	0	NA	0	0	0	0
7	153295941	7_153295941_C_T	C	T	5304	4618	5285	4618	0	0	NA	0	0	0	0
7	153937851	7_153937851_C_T	C	T	5177	4448	5136	4448	0	0	NA	0	0	0	0
7	155253608	7_155253608_C_T	C	T	4586	3743	4540	3743	0	0	NA	1	0	0	0
7	156833120	7_156833120_A_G	A	G	4621	3774	4596	3774	0	0	NA	0	0	0	0
8	2671703	8_2671703_C_A	C	A	5110	4311	5051	4311	0	0	NA	1	0	0	0
8	3181221	8_3181221_G_T	G	T	4568	3774	4545	3774	0	0	NA	0	0	0	0
8	3646725	8_3646725_T_C	T	C	4509	3806	4483	3806	0	0	NA	0	0	0	0
8	4083269	8_4083269_G_A	G	A	4660	3985	4625	3985	0	0	NA	0	0	0	0
8	4174349	8_4174349_C_T	C	T	4582	3740	4519	3740	0	0	NA	0	0	0	0
8	4263247	8_4263247_C_A	C	A	4962	4028	4932	4028	0	0	NA	0	0	0	0
8	11016217	8_11016217_C_T	C	T	5222	4492	5158	4492	0	0	NA	0	0	0	0
8	14425556	8_14425556_T_G	T	G	4661	3890	4618	3890	0	0	NA	0	0	0	0
8	15123904	8_15123904_G_T	G	T	5214	4357	5140	4357	0	0	NA	0	0	0	0
8	17737854	8_17737854_T_A	T	A	5249	4429	5214	4429	0	0	NA	0	0	0	0
8	18007297	8_18007297_G_A	G	A	4953	4122	4910	4122	0	0	NA	0	0	0	0
8	20202766	8_20202766_C_T	C	T	4609	3790	4542	3790	0	0	NA	1	0	0	0
8	23622406	8_23622406_G_C	G	C	4909	3972	4884	3972	0	0	NA	0	0	0	0
8	24591813	8_24591813_A_G	A	G	4915	3846	4878	3846	0	0	NA	0	0	0	0
8	25752470	8_25752470_G_A	G	A	4703	3902	4634	3898	4	4	NA	0	7	7	7
8	27218168	8_27218168_G_T	G	T	2762	2109	2738	2109	0	0	NA	0	0	0	0
8	30551468	8_30551468_A_G	A	G	4865	4149	4825	4149	0	0	NA	0	0	0	0
8	31495100	8_31495100_G_T	G	T	4836	3983	4773	3983	0	0	NA	0	0	0	0
8	35271676	8_35271676_G_A	G	A	4643	4094	4556	4094	0	0	NA	0	0	0	0
8	35788417	8_35788417_G_A	G	A	5019	4543	4964	4543	0	0	NA	1	0	0	0
8	37239413	8_37239413_G_A	G	A	5099	4246	5051	4246	0	0	NA	0	0	0	0
8	37346113	8_37346113_T_G	T	G	5394	4764	5370	4764	0	0	NA	0	0	0	0
8	40590042	8_40590042_C_A	C	A	5039	4199	4987	4199	0	0	NA	1	0	0	0
8	48770250	8_48770250_A_C	A	C	4762	3977	4712	3977	0	0	NA	0	0	0	0
8	51508237	8_51508237_T_G	T	G	4766	4396	4735	4396	0	0	NA	0	0	0	0
8	52275191	8_52275191_C_A	C	A	4601	3740	4572	3740	0	0	NA	0	0	0	0
8	52443815	8_52443815_C_A	C	A	4905	4088	4815	4088	0	0	NA	1	0	0	0
8	56287635	8_56287635_G_A	G	A	4653	3825	4623	3825	0	0	NA	0	1	0	0
8	62919373	8_62919373_A_T	A	T	4708	4149	4677	4149	0	0	NA	0	0	0	0
8	63856557	8_63856557_G_T	G	T	4690	4167	4646	4167	0	0	NA	0	0	0	0
8	66519796	8_66519796_A_C	A	C	5093	4450	5059	4450	0	0	NA	0	0	0	0
8	66974784	8_66974784_G_A	G	A	4515	3838	4475	3837	1	1	NA	0	1	1	1
8	68656810	8_68656810_G_T	G	T	4498	3473	4460	3473	0	0	NA	0	0	0	0
8	69907309	8_69907309_G_T	G	T	4909	4216	4802	4216	0	0	NA	0	0	0	0
8	70765712	8_70765712_T_C	T	C	5053	4142	5013	4142	0	0	NA	0	0	0	0
8	73555217	8_73555217_C_A	C	A	4620	4086	4582	4086	0	0	NA	0	0	0	0
8	75160374	8_75160374_G_T	G	T	4940	4311	4898	4311	0	0	NA	0	0	0	0
8	76832598	8_76832598_G_T	G	T	5092	4323	5059	4323	0	0	NA	0	0	0	0
8	77153810	8_77153810_A_G	A	G	5160	4532	5140	4532	0	0	NA	0	0	0	0
8	81212369	8_81212369_T_A	T	A	5418	4727	5390	4727	0	0	NA	0	0	0	0
8	81577175	8_81577175_A_C	A	C	5062	4378	5018	4378	0	0	NA	0	0	0	0
8	88420399	8_88420399_A_C	A	C	4434	3829	4372	3829	0	0	NA	0	0	0	0
8	96514938	8_96514938_T_A	T	A	4566	4005	4536	4005	0	0	NA	0	0	0	0
8	97103673	8_97103673_A_C	A	C	4825	3909	4755	3909	0	0	NA	0	0	0	0
8	97361499	8_97361499_G_T	G	T	4792	4116	4744	4116	0	0	NA	0	0	0	0
8	100666886	8_100666886_C_A	C	A	4768	4096	4721	4096	0	0	NA	0	0	0	0
8	100900090	8_100900090_C_T	C	T	4432	3758	4368	3758	0	0	NA	0	0	0	0
8	101896034	8_101896034_T_A	T	A	4868	3861	4835	3861	0	0	NA	0	0	0	0
8	103067762	8_103067762_C_A	C	A	5072	4404	5021	4404	0	0	NA	0	0	0	0
8	103230622	8_103230622_T_A	T	A	5040	4368	4996	4368	0	0	NA	0	0	0	0
8	103699144	8_103699144_A_T	A	T	4464	3814	4437	3814	0	0	NA	0	0	0	0
8	106184930	8_106184930_C_T	C	T	4753	4429	4696	4429	0	0	NA	0	0	0	0
8	108489297	8_108489297_A_G	A	G	5004	4280	4966	4280	0	0	NA	0	0	0	0
8	110526445	8_110526445_G_A	G	A	5039	4236	4959	4236	0	0	NA	1	1	1	1
8	116586203	8_116586203_T_G	T	G	5600	4848	5565	4848	0	0	NA	0	0	0	0
8	116695574	8_116695574_G_T	G	T	4845	4015	4807	4015	0	0	NA	0	0	0	0
8	119422943	8_119422943_T_C	T	C	5147	4292	5111	4292	0	0	NA	0	0	0	0
8	123251122	8_123251122_T_A	T	A	4323	3931	4291	3931	0	0	NA	0	0	0	0
8	133324590	8_133324590_A_T	A	T	4600	3784	4572	3784	0	0	NA	0	0	0	0
8	137061035	8_137061035_C_G	C	G	4488	3790	4439	3790	0	0	NA	0	0	0	0
8	138815149	8_138815149_C_A	C	A	4939	4271	4886	4271	0	0	NA	0	0	0	0
8	140017294	8_140017294_A_C	A	C	4624	3923	4605	3923	0	0	NA	0	0	0	0
8	145563051	8_145563051_G_A	G	A	4130	3543	4076	3543	0	0	NA	0	0	0	0
8	146266352	8_146266352_C_A	C	A	4926	4041	4890	4041	0	0	NA	1	0	0	0
9	1060334	9_1060334_C_T	C	T	4528	3840	4465	3840	0	0	NA	1	0	0	0
9	2790014	9_2790014_C_A	C	A	4780	4047	4704	4047	0	0	NA	0	0	0	0
9	4080912	9_4080912_A_T	A	T	4892	4199	4862	4199	0	0	NA	0	0	0	0
9	5209682	9_5209682_C_A	C	A	5279	4331	5229	4331	0	0	NA	0	0	0	0
9	10727170	9_10727170_A_T	A	T	5145	4399	5116	4399	0	0	NA	0	0	0	0
9	13612092	9_13612092_C_A	C	A	4825	4242	4781	4242	0	0	NA	0	0	0	0
9	16136473	9_16136473_T_A	T	A	5017	4282	4997	4282	0	0	NA	0	0	0	0
9	17062011	9_17062011_A_T	A	T	4951	4225	4918	4225	0	0	NA	0	0	0	0
9	21282417	9_21282417_C_A	C	A	5152	4505	5126	4505	0	0	NA	1	0	0	0
9	22061209	9_22061209_G_T	G	T	4893	4235	4866	4235	0	0	NA	0	0	0	0
9	23956345	9_23956345_C_A	C	A	4614	4142	4563	4142	0	0	NA	0	0	0	0
9	24098785	9_24098785_G_A	G	A	5001	4201	4958	4201	0	0	NA	0	0	0	0
9	24156926	9_24156926_T_A	T	A	4282	3730	4254	3730	0	0	NA	0	0	0	0
9	28096624	9_28096624_C_A	C	A	5387	1402	5334	1402	0	0	NA	0	5	0	0
9	29291715	9_29291715_T_A	T	A	5343	4612	5325	4612	0	0	NA	0	0	0	0
9	32842712	9_32842712_G_C	G	C	5233	4546	5208	4546	0	0	NA	0	0	0	0
9	34516513	9_34516513_T_C	T	C	5458	4518	5416	4518	0	0	NA	0	0	0	0
9	36771425	9_36771425_T_G	T	G	4708	3984	4671	3984	0	0	NA	0	0	0	0
9	73948904	9_73948904_G_T	G	T	5079	4348	5031	4348	0	0	NA	0	0	0	0
9	74249506	9_74249506_C_A	C	A	4939	4255	4887	4255	0	0	NA	0	0	0	0
9	76519288	9_76519288_C_A	C	A	5144	4370	5100	4370	0	0	NA	0	0	0	0
9	79506477	9_79506477_C_T	C	T	5245	4412	5208	4412	0	0	NA	0	0	0	0
9	82798195	9_82798195_G_T	G	T	5053	4351	5022	4351	0	0	NA	0	0	0	0
9	83976250	9_83976250_C_T	C	T	4940	4226	4893	4226	0	0	NA	0	0	0	0
9	87511727	9_87511727_G_T	G	T	5092	4379	5055	4379	0	0	NA	1	0	0	0
9	91596057	9_91596057_A_C	A	C	5015	4216	4986	4216	0	0	NA	0	0	0	0
9	91757940	9_91757940_T_C	T	C	4948	4068	4927	4068	0	0	NA	0	0	0	0
9	91801443	9_91801443_A_T	A	T	4404	3716	4356	3716	0	0	NA	0	0	0	0
9	96628511	9_96628511_C_A	C	A	4753	4015	4701	4015	0	0	NA	0	0	0	0
9	100159030	9_100159030_G_A	G	A	4729	3981	4697	3981	0	0	NA	0	0	0	0
9	105479049	9_105479049_T_C	T	C	4962	4537	4949	4537	0	0	NA	0	0	0	0
9	105706334	9_105706334_C_A	C	A	4929	4319	4864	4319	0	0	NA	0	0	0	0
9	112629935	9_112629935_T_A	T	A	5079	4389	5063	4389	0	0	NA	0	0	0	0
9	117168268	9_117168268_T_G	T	G	4629	3788	4590	3788	0	0	NA	0	0	0	0
9	119487027	9_119487027_G_T	G	T	5196	4363	5144	4363	0	0	NA	0	0	0	0
9	124227593	9_124227593_A_T	A	T	5040	4174	5012	4174	0	0	NA	0	0	0	0
9	125027867	9_125027867_C_T	C	T	5106	4305	5036	4305	0	0	NA	2	0	0	0
9	125123668	9_125123668_T_A	T	A	4175	3257	4152	3257	0	0	NA	0	0	0	0
9	126474888	9_126474888_A_C	A	C	5067	4283	5036	4283	0	0	NA	0	0	0	0
9	126999794	9_126999794_C_T	C	T	5056	4441	5006	4441	0	0	NA	0	0	0	0
9	130312836	9_130312836_C_T	C	T	4963	4141	4936	4141	0	0	NA	0	0	0	0
10	1163562	10_1163562_C_A	C	A	5022	4281	4990	4281	0	0	NA	0	0	0	0
10	2215670	10_2215670_C_G	C	G	5214	4469	5143	4469	0	0	NA	0	0	0	0
10	2373242	10_2373242_T_C	T	C	4689	3870	4668	3869	1	1	NA	0	2	2	2
10	3692648	10_3692648_T_A	T	A	4700	3931	4642	3931	0	0	NA	0	0	0	0
10	4633616	10_4633616_G_T	G	T	4828	4095	4778	4095	0	0	NA	0	0	0	0
10	5802837	10_5802837_T_C	T	C	4467	3998	4448	3998	0	0	NA	0	0	0	0
10	8289316	10_8289316_T_G	T	G	4549	3854	4490	3854	0	0	NA	0	0	0	0
10	8402017	10_8402017_G_A	G	A	5001	4275	4953	4275	0	0	NA	1	1	1	1
10	14577840	10_14577840_C_T	C	T	5031	4250	4967	4250	0	0	NA	0	0	0	0
10	15780692	10_15780692_C_T	C	T	4749	4009	4673	4009	1	0	NA	0	1	0	0
10	16072817	10_16072817_G_A	G	A	5274	4403	5229	4403	0	0	NA	2	0	0	0
10	19690026	10_19690026_G_T	G	T	4986	4547	4953	4547	0	0	NA	1	0	0	0
10	19705551	10_19705551_C_A	C	A	4830	3984	4799	3984	0	0	NA	0	0	0	0
10	23521244	10_23521244_G_T	G	T	4496	4082	4443	4082	0	0	NA	0	0	0	0
10	25817920	10_25817920_G_T	G	T	4994	4371	4960	4371	1	0	NA	0	1	0	0
10	27319282	10_27319282_T_C	T	C	4671	3929	4649	3929	0	0	NA	0	0	0	0
10	31809573	10_31809573_C_A	C	A	5040	4323	4982	4323	0	0	NA	0	0	0	0
10	36185403	10_36185403_T_C	T	C	4910	4166	4884	4166	0	0	NA	0	0	0	0
10	43849877	10_43849877_C_T	C	T	5048	4173	5002	4169	5	4	NA	2	5	4	4
10	48533179	10_48533179_T_C	T	C	4498	3832	4477	3832	0	0	NA	0	0	0	0
10	53917828	10_53917828_C_T	C	T	5366	4688	5314	4688	0	0	NA	0	0	0	0
10	63584839	10_63584839_T_G	T	G	5228	4423	5197	4423	0	0	NA	0	0	0	0
10	68108930	10_68108930_A_T	A	T	5090	4451	5064	4451	0	0	NA	0	0	0	0
10	68667836	10_68667836_T_A	T	A	4983	4283	4956	4283	0	0	NA	0	0	0	0
10	68715068	10_68715068_C_T	C	T	4383	4083	4345	4083	0	0	NA	0	0	0	0
10	69366777	10_69366777_G_T	G	T	4680	3860	4623	3860	0	0	NA	0	0	0	0
10	71880052	10_71880052_C_T	C	T	4981	4240	4934	4240	0	0	NA	0	0	0	0
10	78862722	10_78862722_C_A	C	A	5067	4207	5004	4207	0	0	NA	0	0	0	0
10	79750848	10_79750848_C_A	C	A	4995	4267	4963	4267	0	0	NA	0	0	0	0
10	80537270	10_80537270_C_A	C	A	4617	3872	4587	3872	0	0	NA	0	0	0	0
10	82048236	10_82048236_T_A	T	A	5119	4294	5083	4294	0	0	NA	0	0	0	0
10	85131725	10_85131725_A_G	A	G	4823	3878	4805	3878	0	0	NA	0	0	0	0
10	85704403	10_85704403_G_T	G	T	5107	4331	5029	4331	0	0	NA	0	0	0	0
10	85950251	10_85950251_T_A	T	A	0	0	0	0	0	0	NA	0	0	0	0
10	86109048	10_86109048_A_T	A	T	4939	4112	4896	4112	0	0	NA	0	0	0	0
10	91762664	10_91762664_A_C	A	C	5308	4561	5270	4561	0	0	NA	0	0	0	0
10	92636587	10_92636587_G_T	G	T	4671	4240	4646	4240	0	0	NA	0	0	0	0
10	92960374	10_92960374_T_A	T	A	4778	3895	4736	3895	0	0	NA	0	0	0	0
10	94578412	10_94578412_A_T	A	T	4809	4084	4762	4084	0	0	NA	0	0	0	0
10	98670090	10_98670090_C_A	C	A	4709	4181	4650	4181	0	0	NA	0	0	0	0
10	99604812	10_99604812_T_A	T	A	4870	4196	4841	4196	0	0	NA	0	0	0	0
10	102742853	10_102742853_A_C	A	C	4837	3990	4808	3990	0	0	NA	0	0	0	0
10	113532777	10_113532777_T_C	T	C	4889	4129	4845	4125	4	4	NA	0	7	6	6
10	115192266	10_115192266_T_G	T	G	4568	3611	4537	3611	0	0	NA	0	0	0	0
10	117103717	10_117103717_C_A	C	A	5064	4297	5022	4297	0	0	NA	0	0	0	0
10	122101683	10_122101683_G_A	G	A	5112	4237	5016	4237	0	0	NA	0	0	0	0
10	122448088	10_122448088_A_G	A	G	4506	3943	4463	3943	0	0	NA	0	0	0	0
10	123067517	10_123067517_T_A	T	A	5105	4401	5074	4401	0	0	NA	0	0	0	0
10	125506371	10_125506371_C_T	C	T	4337	3548	4298	3548	0	0	NA	0	0	0	0
10	127527441	10_127527441_T_A	T	A	4094	3796	4062	3796	0	0	NA	0	0	0	0
10	132638387	10_132638387_T_A	T	A	4794	3960	4771	3960	0	0	NA	0	0	0	0
10	132755990	10_132755990_C_T	C	T	4916	4114	4870	4114	0	0	NA	0	0	0	0
10	134477224	10_134477224_T_G	T	G	4989	4262	4960	4262	0	0	NA	0	0	0	0
10	134491216	10_134491216_A_T	A	T	4947	4097	4909	4097	0	0	NA	0	0	0	0
10	135303610	10_135303610_T_G	T	G	7021	5950	6983	5950	0	0	NA	1	0	0	0
11	212030	11_212030_G_T	G	T	4898	4059	4864	4059	0	0	NA	0	0	0	0
11	6595424	11_6595424_G_A	G	A	5092	4340	5065	4340	0	0	NA	0	0	0	0
11	6942901	11_6942901_C_A	C	A	4504	3737	4455	3737	0	0	NA	1	0	0	0
11	8249127	11_8249127_A_G	A	G	5145	4433	5110	4433	0	0	NA	0	0	0	0
11	8320267	11_8320267_C_G	C	G	4553	3777	4514	3777	0	0	NA	0	0	0	0
11	9623255	11_9623255_T_G	T	G	5098	4246	5043	4246	0	0	NA	0	0	0	0
11	9769883	11_9769883_C_T	C	T	5079	4264	5004	4264	0	0	NA	1	0	0	0
11	11457558	11_11457558_C_T	C	T	4802	4081	4766	4081	0	0	NA	0	0	0	0
11	15097144	11_15097144_C_G	C	G	4742	3955	4662	3955	0	0	NA	0	0	0	0
11	16913689	11_16913689_C_A	C	A	5028	4254	4948	4254	0	0	NA	0	0	0	0
11	19130655	11_19130655_A_T	A	T	4742	4023	4713	4023	0	0	NA	0	0	0	0
11	22966468	11_22966468_C_A	C	A	5185	4327	5135	4327	0	0	NA	0	0	0	0
11	24972665	11_24972665_A_G	A	G	4468	4085	4433	4085	0	0	NA	0	0	0	0
11	30149325	11_30149325_G_A	G	A	4779	4029	4729	4029	0	0	NA	1	0	0	0
11	30402581	11_30402581_A_G	A	G	4768	4213	4729	4213	0	0	NA	0	0	0	0
11	32780685	11_32780685_T_C	T	C	4522	4198	4516	4198	0	0	NA	0	0	0	0
11	32821018	11_32821018_A_T	A	T	3233	2139	3085	2139	0	0	NA	0	0	0	0
11	35902689	11_35902689_A_G	A	G	4414	4116	4385	4116	0	0	NA	0	0	0	0
11	35946640	11_35946640_G_T	G	T	4742	4162	4669	4162	0	0	NA	0	0	0	0
11	45387585	11_45387585_G_T	G	T	5052	4246	4999	4246	0	0	NA	0	0	0	0
11	45695270	11_45695270_C_A	C	A	4599	3653	4564	3653	0	0	NA	0	0	0	0
11	46405358	11_46405358_C_A	C	A	4139	3528	4103	3528	0	0	NA	1	0	0	0
11	48204011	11_48204011_C_T	C	T	4353	3678	4313	3678	0	0	NA	0	0	0	0
11	59235289	11_59235289_A_T	A	T	4822	4322	4784	4322	0	0	NA	0	0	0	0
11	60311223	11_60311223_A_G	A	G	4924	4380	4860	4380	0	0	NA	0	0	0	0
11	61292355	11_61292355_C_A	C	A	4753	3957	4706	3957	0	0	NA	0	0	0	0
11	61498013	11_61498013_A_C	A	C	4708	3814	4635	3814	0	0	NA	0	0	0	0
11	63853252	11_63853252_C_A	C	A	4240	3498	4195	3498	0	0	NA	0	0	0	0
11	64284143	11_64284143_G_A	G	A	4883	4145	4809	4145	0	0	NA	0	1	1	1
11	64519858	11_64519858_A_C	A	C	5053	4355	5011	4355	0	0	NA	0	0	0	0
11	69559474	11_69559474_A_T	A	T	5186	4338	5134	4338	0	0	NA	0	0	0	0
11	70593684	11_70593684_G_A	G	A	4859	4144	4837	4144	0	0	NA	0	0	0	0
11	72623859	11_72623859_T_A	T	A	5072	4320	5041	4320	0	0	NA	0	0	0	0
11	74299190	11_74299190_C_A	C	A	4292	4027	4262	4027	0	0	NA	0	0	0	0
11	74357385	11_74357385_A_T	A	T	4573	3855	4538	3855	0	0	NA	0	0	0	0
11	76491425	11_76491425_G_T	G	T	3387	2573	3326	2573	0	0	NA	0	0	0	0
11	77393943	11_77393943_G_A	G	A	4947	4085	4906	4085	0	0	NA	0	0	0	0
11	80101260	11_80101260_C_T	C	T	4707	4097	4673	4095	2	2	NA	0	3	3	3
11	92800470	11_92800470_T_G	T	G	4454	3965	4431	3965	0	0	NA	0	0	0	0
11	94314431	11_94314431_A_T	A	T	4344	3717	4309	3717	0	0	NA	0	0	0	0
11	97382747	11_97382747_C_G	C	G	5328	4662	5277	4662	0	0	NA	0	0	0	0
11	99389700	11_99389700_A_T	A	T	5276	4557	5255	4557	0	0	NA	0	0	0	0
11	103325314	11_103325314_C_A	C	A	5172	4484	5126	4484	0	0	NA	0	0	0	0
11	103797952	11_103797952_C_A	C	A	4889	4192	4830	4192	0	0	NA	0	0	0	0
11	106200444	11_106200444_C_T	C	T	4593	3962	4493	3962	1	0	NA	0	1	0	0
11	109096997	11_109096997_T_A	T	A	5434	4473	5303	4473	0	0	NA	0	0	0	0
11	109934998	11_109934998_T_A	T	A	4609	4200	4569	4200	0	0	NA	0	0	0	0
11	110812668	11_110812668_G_C	G	C	4906	4124	4880	4124	0	0	NA	0	0	0	0
11	111729473	11_111729473_A_T	A	T	5236	4462	5208	4462	0	0	NA	0	0	0	0
11	112271722	11_112271722_C_T	C	T	4905	4115	4872	4115	0	0	NA	0	0	0	0
11	112829874	11_112829874_C_T	C	T	4471	3796	4408	3796	0	0	NA	0	0	0	0
11	118795277	11_118795277_T_C	T	C	4916	4146	4871	4146	0	0	NA	0	0	0	0
11	119900283	11_119900283_A_T	A	T	4875	4102	4854	4102	0	0	NA	0	0	0	0
11	121396278	11_121396278_T_G	T	G	4813	4355	4785	4355	0	0	NA	0	0	0	0
11	122733039	11_122733039_A_T	A	T	5219	4420	5176	4420	0	0	NA	1	0	0	0
11	123167016	11_123167016_G_A	G	A	4852	3999	4821	3999	0	0	NA	0	0	0	0
11	128232128	11_128232128_G_A	G	A	4370	4021	4325	4021	0	0	NA	0	0	0	0
11	132714969	11_132714969_G_T	G	T	3827	3002	3790	3001	1	1	NA	2	1	1	1
11	132730621	11_132730621_G_C	G	C	4898	4071	4863	4071	0	0	NA	0	0	0	0
11	134532795	11_134532795_C_G	C	G	4742	3838	4660	3838	0	0	NA	0	0	0	0
11	134585270	11_134585270_C_T	C	T	4427	3943	4348	3943	0	0	NA	3	1	1	1
12	3375329	12_3375329_G_C	G	C	4968	4063	4916	4063	0	0	NA	0	0	0	0
12	6298148	12_6298148_C_A	C	A	5357	4717	5339	4717	0	0	NA	0	0	0	0
12	12232787	12_12232787_C_A	C	A	4542	3642	4482	3642	0	0	NA	0	0	0	0
12	14575621	12_14575621_C_A	C	A	5120	4390	5066	4390	0	0	NA	0	0	0	0
12	15960341	12_15960341_A_T	A	T	4797	4194	4759	4194	0	0	NA	0	0	0	0
12	16946164	12_16946164_C_T	C	T	4733	4070	4693	4070	0	0	NA	0	0	0	0
12	18114489	12_18114489_G_C	G	C	5238	4358	5190	4358	0	0	NA	0	0	0	0
12	24727691	12_24727691_A_C	A	C	5093	4382	5073	4382	0	0	NA	0	0	0	0
12	25562698	12_25562698_T_C	T	C	5201	2961	5180	2961	0	0	NA	0	0	0	0
12	28810650	12_28810650_C_T	C	T	5071	4167	5023	4167	0	0	NA	0	0	0	0
12	29855464	12_29855464_C_G	C	G	4652	3757	4581	3757	0	0	NA	0	0	0	0
12	42286208	12_42286208_G_A	G	A	5004	4445	4969	4445	0	0	NA	0	0	0	0
12	42959062	12_42959062_C_T	C	T	4998	4219	4943	4219	0	0	NA	0	0	0	0
12	50791494	12_50791494_A_G	A	G	3856	3141	3833	3141	0	0	NA	0	0	0	0
12	51847571	12_51847571_C_G	C	G	4976	4153	4928	4153	0	0	NA	0	0	0	0
12	52092658	12_52092658_T_A	T	A	4681	4222	4642	4222	0	0	NA	0	0	0	0
12	55320594	12_55320594_T_G	T	G	5016	4247	4940	4247	0	0	NA	0	0	0	0
12	58739536	12_58739536_G_A	G	A	4482	3886	4428	3885	1	1	NA	1	1	1	1
12	59941175	12_59941175_T_A	T	A	5295	4365	5270	4365	0	0	NA	0	0	0	0
12	60100978	12_60100978_A_G	A	G	4650	4189	4616	4189	0	0	NA	0	0	0	0
12	61218581	12_61218581_C_T	C	T	4936	4262	4886	4262	0	0	NA	0	2	2	2
12	62417898	12_62417898_G_T	G	T	4955	4234	4871	4234	0	0	NA	1	0	0	0
12	63587817	12_63587817_G_A	G	A	4258	3012	2236	1653	1960	1359	NA	2	3380	2271	2271
12	67870705	12_67870705_T_A	T	A	5182	4470	5153	4470	0	0	NA	0	0	0	0
12	67974302	12_67974302_C_T	C	T	5396	4525	5355	4525	0	0	NA	0	0	0	0
12	68220745	12_68220745_G_A	G	A	5355	4707	5330	4707	0	0	NA	1	0	0	0
12	68263498	12_68263498_C_G	C	G	4794	3983	2418	2110	2335	1873	NA	0	3424	2795	2795
12	72335679	12_72335679_A_T	A	T	4814	4068	4795	4068	0	0	NA	0	0	0	0
12	72427106	12_72427106_T_C	T	C	5019	4285	4970	4283	2	2	NA	0	2	2	2
12	74143889	12_74143889_T_A	T	A	5544	3883	5506	3883	0	0	NA	0	0	0	0
12	80748232	12_80748232_A_G	A	G	4083	3532	4053	3532	0	0	NA	0	0	0	0
12	87661250	12_87661250_G_A	G	A	4844	4181	4783	4181	0	0	NA	0	0	0	0
12	89256792	12_89256792_C_T	C	T	5042	4343	5004	4339	4	4	NA	1	6	6	6
12	91909936	12_91909936_C_T	C	T	4832	4278	4775	4278	0	0	NA	0	1	1	1
12	95490704	12_95490704_C_A	C	A	4873	4101	4822	4101	0	0	NA	0	0	0	0
12	95493542	12_95493542_T_C	T	C	4311	3889	4277	3889	0	0	NA	0	0	0	0
12	99366650	12_99366650_A_G	A	G	4980	4257	4937	4255	2	2	NA	0	5	5	5
12	100241822	12_100241822_C_G	C	G	5103	4382	5021	4382	0	0	NA	0	0	0	0
12	109666593	12_109666593_C_A	C	A	4767	3912	4711	3912	0	0	NA	1	0	0	0
12	113001381	12_113001381_T_G	T	G	4067	3584	4045	3584	0	0	NA	0	0	0	0
12	114363546	12_114363546_T_C	T	C	4847	4013	4809	4013	0	0	NA	0	0	0	0
12	120600075	12_120600075_T_C	T	C	4928	4024	4871	4024	0	0	NA	0	0	0	0
12	124105705	12_124105705_A_C	A	C	5006	4384	4972	4384	0	0	NA	0	0	0	0
12	126294554	12_126294554_C_T	C	T	4956	4263	4914	4263	0	0	NA	0	0	0	0
12	128942369	12_128942369_C_A	C	A	4472	3843	4425	3843	0	0	NA	0	0	0	0
13	23365242	13_23365242_C_T	C	T	5276	4507	5220	4507	0	0	NA	0	0	0	0
13	25615977	13_25615977_T_A	T	A	4852	4002	4819	4002	0	0	NA	0	0	0	0
13	28575931	13_28575931_C_A	C	A	4968	4182	4930	4182	0	0	NA	0	0	0	0
13	29864969	13_29864969_G_A	G	A	4960	4146	4907	4146	0	0	NA	3	0	0	0
13	33353289	13_33353289_G_A	G	A	4749	3975	4708	3975	0	0	NA	0	0	0	0
13	38378223	13_38378223_C_T	C	T	4748	4075	4691	4075	0	0	NA	0	0	0	0
13	42996161	13_42996161_C_A	C	A	4682	3973	4629	3973	0	0	NA	0	0	0	0
13	44415490	13_44415490_A_T	A	T	4871	4302	4849	4302	0	0	NA	0	0	0	0
13	50423152	13_50423152_A_T	A	T	4660	4173	4633	4173	0	0	NA	0	0	0	0
13	53382995	13_53382995_A_C	A	C	5039	4534	5015	4534	0	0	NA	0	0	0	0
13	53484969	13_53484969_C_T	C	T	5110	4160	5040	4160	0	0	NA	0	0	0	0
13	53948861	13_53948861_G_T	G	T	4893	4137	4833	4137	0	0	NA	1	0	0	0
13	54576886	13_54576886_G_T	G	T	5205	4545	5173	4545	0	0	NA	0	0	0	0
13	55356001	13_55356001_C_T	C	T	4635	3786	4576	3786	0	0	NA	0	1	0	0
13	66010542	13_66010542_T_C	T	C	4857	4098	4806	4098	0	0	NA	0	0	0	0
13	67104938	13_67104938_G_A	G	A	5129	4502	5101	4502	0	0	NA	2	0	0	0
13	72704157	13_72704157_C_A	C	A	4312	3564	4275	3564	0	0	NA	0	0	0	0
13	72787522	13_72787522_G_T	G	T	5544	4828	5513	4828	0	0	NA	1	0	0	0
13	78479909	13_78479909_A_C	A	C	5065	4376	5033	4376	0	0	NA	0	0	0	0
13	79156120	13_79156120_G_A	G	A	4901	4198	4845	4198	0	0	NA	0	0	0	0
13	79290032	13_79290032_G_A	G	A	5333	4592	5280	4592	0	0	NA	0	0	0	0
13	79701752	13_79701752_A_T	A	T	4846	4179	4819	4179	0	0	NA	0	0	0	0
13	84854429	13_84854429_T_A	T	A	5640	4877	5625	4877	0	0	NA	0	0	0	0
13	86589006	13_86589006_C_A	C	A	4572	4050	4538	4050	0	0	NA	0	0	0	0
13	88054486	13_88054486_A_T	A	T	4956	4201	4915	4201	0	0	NA	0	0	0	0
13	93438063	13_93438063_A_T	A	T	5381	4574	5364	4574	0	0	NA	0	0	0	0
13	94006004	13_94006004_C_T	C	T	4892	4072	4821	4071	1	1	NA	1	2	2	2
13	98449263	13_98449263_T_A	T	A	4488	3957	4469	3957	0	0	NA	0	0	0	0
13	99287029	13_99287029_T_A	T	A	4838	4128	4813	4128	0	0	NA	0	0	0	0
13	99481711	13_99481711_G_A	G	A	4597	3809	4550	3809	0	0	NA	0	0	0	0
13	101285860	13_101285860_T_A	T	A	5018	4182	4977	4182	0	0	NA	1	0	0	0
13	101730304	13_101730304_A_G	A	G	5348	4675	5330	4675	0	0	NA	0	0	0	0
13	102889012	13_102889012_A_G	A	G	4728	3995	4686	3995	0	0	NA	0	0	0	0
13	106138784	13_106138784_G_A	G	A	4953	4239	4915	4238	1	1	NA	0	1	1	1
13	108045930	13_108045930_C_T	C	T	4706	4048	4621	4048	0	0	NA	0	0	0	0
13	108723136	13_108723136_C_T	C	T	5008	4309	4931	4279	33	30	NA	0	54	47	47
13	110491080	13_110491080_T_A	T	A	5208	4466	5171	4466	0	0	NA	0	0	0	0
13	110835359	13_110835359_T_A	T	A	4652	3891	4585	3891	0	0	NA	0	0	0	0
13	112217855	13_112217855_G_A	G	A	4458	3477	4392	3477	0	0	NA	3	1	1	1
13	112810433	13_112810433_G_A	G	A	4866	4168	4822	4168	0	0	NA	0	0	0	0
14	24329389	14_24329389_T_A	T	A	4597	4137	4553	4137	0	0	NA	0	0	0	0
14	25115456	14_25115456_C_G	C	G	4890	3940	4844	3940	0	0	NA	0	0	0	0
14	25710583	14_25710583_C_A	C	A	5262	4385	5192	4385	0	0	NA	0	0	0	0
14	30068704	14_30068704_A_G	A	G	4725	4337	4697	4337	0	0	NA	0	0	0	0
14	31141851	14_31141851_T_C	T	C	5167	4431	5145	4429	2	2	NA	0	2	2	2
14	32090537	14_32090537_G_T	G	T	4394	3511	4356	3511	0	0	NA	1	0	0	0
14	32442023	14_32442023_C_T	C	T	4823	4380	4785	4380	0	0	NA	0	0	0	0
14	32498064	14_32498064_G_T	G	T	4614	3774	4564	3774	0	0	NA	0	0	0	0
14	37103774	14_37103774_T_A	T	A	4538	3782	4511	3782	0	0	NA	0	0	0	0
14	38220871	14_38220871_G_A	G	A	4983	4332	4934	4332	0	0	NA	0	0	0	0
14	40582490	14_40582490_T_C	T	C	4817	4016	4801	4016	0	0	NA	0	0	0	0
14	41848872	14_41848872_G_A	G	A	4823	4431	4785	4431	1	0	NA	0	2	1	1
14	53152539	14_53152539_C_A	C	A	5111	4373	5083	4373	0	0	NA	0	0	0	0
14	54777720	14_54777720_A_G	A	G	4660	3959	4612	3959	0	0	NA	0	0	0	0
14	58139940	14_58139940_T_C	T	C	4795	3945	4745	3945	0	0	NA	0	0	0	0
14	58443645	14_58443645_A_G	A	G	5129	4210	5029	4172	61	38	NA	1	104	58	58
14	60002910	14_60002910_C_A	C	A	4890	4122	4874	4122	0	0	NA	0	0	0	0
14	63462069	14_63462069_C_T	C	T	5189	4363	5165	4363	0	0	NA	0	0	0	0
14	64198350	14_64198350_G_T	G	T	4785	4296	4748	4296	0	0	NA	0	0	0	0
14	74980578	14_74980578_A_C	A	C	5056	2222	5016	2222	0	0	NA	0	0	0	0
14	77865479	14_77865479_A_C	A	C	4808	4295	4795	4295	0	0	NA	0	0	0	0
14	79804759	14_79804759_C_T	C	T	4516	3935	4480	3935	0	0	NA	1	0	0	0
14	79913503	14_79913503_G_T	G	T	4907	4337	4877	4337	0	0	NA	0	0	0	0
14	83520983	14_83520983_G_T	G	T	4734	4033	4691	4033	0	0	NA	0	0	0	0
14	83754855	14_83754855_C_A	C	A	4785	4213	4749	4213	0	0	NA	0	0	0	0
14	83913981	14_83913981_C_A	C	A	4697	4053	4654	4053	0	0	NA	0	0	0	0
14	85170327	14_85170327_G_C	G	C	4406	3777	4373	3777	0	0	NA	0	0	0	0
14	86035416	14_86035416_G_C	G	C	4969	4160	4924	4160	0	0	NA	0	0	0	0
14	87150516	14_87150516_T_A	T	A	4943	4511	4919	4511	0	0	NA	0	0	0	0
14	89167183	14_89167183_G_A	G	A	4421	3996	4382	3996	0	0	NA	0	0	0	0
14	90229032	14_90229032_A_T	A	T	4931	4127	4895	4127	0	0	NA	0	0	0	0
14	90914648	14_90914648_G_C	G	C	4881	4086	4834	4086	0	0	NA	0	0	0	0
14	94498420	14_94498420_C_G	C	G	4814	4087	4742	4087	0	0	NA	0	0	0	0
14	96078122	14_96078122_G_A	G	A	4285	3739	4256	3739	0	0	NA	0	0	0	0
14	97989955	14_97989955_T_A	T	A	4700	4050	4671	4050	0	0	NA	0	0	0	0
14	98015076	14_98015076_T_G	T	G	5220	4395	5189	4395	0	0	NA	0	0	0	0
14	98847071	14_98847071_A_T	A	T	5173	4441	5142	4441	0	0	NA	0	0	0	0
14	99958658	14_99958658_G_T	G	T	4950	4265	4924	4265	0	0	NA	0	0	0	0
15	26488207	15_26488207_G_T	G	T	4962	4110	4928	4110	0	0	NA	0	0	0	0
15	26568178	15_26568178_G_T	G	T	4451	3694	4418	3694	0	0	NA	0	0	0	0
15	27283716	15_27283716_C_T	C	T	4973	4182	4938	4182	0	0	NA	0	0	0	0
15	28292101	15_28292101_G_A	G	A	4968	4227	4891	4224	7	3	NA	0	8	4	4
15	33990723	15_33990723_C_G	C	G	3826	3186	3786	3186	0	0	NA	0	0	0	0
15	38304552	15_38304552_T_A	T	A	5042	3832	5002	3832	0	0	NA	0	0	0	0
15	43533558	15_43533558_C_A	C	A	4804	4033	4731	4033	0	0	NA	0	0	0	0
15	44307869	15_44307869_C_G	C	G	4642	3828	4591	3828	0	0	NA	0	0	0	0
15	46633257	15_46633257_T_C	T	C	5199	4552	5178	4552	0	0	NA	0	0	0	0
15	47735425	15_47735425_G_T	G	T	4721	4147	4683	4147	0	0	NA	0	0	0	0
15	48407003	15_48407003_G_A	G	A	4936	4143	4890	4143	0	0	NA	3	0	0	0
15	50344737	15_50344737_G_T	G	T	5226	4434	5184	4434	1	0	NA	0	1	0	0
15	53443146	15_53443146_C_A	C	A	5057	4347	5025	4347	0	0	NA	0	0	0	0
15	57207953	15_57207953_G_T	G	T	5002	4292	4944	4292	0	0	NA	0	0	0	0
15	58303667	15_58303667_G_T	G	T	4992	4335	4932	4334	0	0	NA	0	0	0	0
15	60034226	15_60034226_T_C	T	C	5069	4354	5047	4354	0	0	NA	0	0	0	0
15	60861199	15_60861199_C_T	C	T	2811	1820	2779	1820	0	0	NA	0	0	0	0
15	65715803	15_65715803_T_G	T	G	4710	3935	4678	3935	0	0	NA	0	0	0	0
15	65731907	15_65731907_A_G	A	G	4818	4053	4787	4053	0	0	NA	0	0	0	0
15	67004605	15_67004605_G_A	G	A	4666	4044	4614	4044	0	0	NA	0	0	0	0
15	67061485	15_67061485_T_A	T	A	4529	3577	4476	3577	0	0	NA	0	0	0	0
15	67421707	15_67421707_C_G	C	G	5227	4424	5174	4424	0	0	NA	0	0	0	0
15	69640458	15_69640458_G_C	G	C	4839	3898	4819	3898	0	0	NA	0	0	0	0
15	69697391	15_69697391_C_A	C	A	4983	4113	4929	4113	0	0	NA	0	0	0	0
15	71227372	15_71227372_T_G	T	G	4915	4311	4880	4311	0	0	NA	0	0	0	0
15	74511881	15_74511881_G_T	G	T	4944	4067	4860	4067	0	0	NA	0	0	0	0
15	76946122	15_76946122_C_A	C	A	5122	4366	5073	4366	0	0	NA	1	0	0	0
15	77935993	15_77935993_C_T	C	T	4853	3974	4799	3974	0	0	NA	0	0	0	0
15	78566423	15_78566423_G_T	G	T	4741	3966	4703	3966	0	0	NA	0	0	0	0
15	87533364	15_87533364_G_A	G	A	4941	4161	4902	4161	0	0	NA	1	0	0	0
15	88736341	15_88736341_T_A	T	A	4568	3663	4533	3663	0	0	NA	0	0	0	0
15	91833005	15_91833005_C_T	C	T	4955	4250	4912	4250	0	0	NA	0	0	0	0
15	94489763	15_94489763_T_C	T	C	5184	4433	5149	4433	0	0	NA	0	0	0	0
15	95160896	15_95160896_C_T	C	T	5137	4364	5075	4364	0	0	NA	0	1	0	0
15	96523068	15_96523068_G_T	G	T	4645	3589	4618	3589	0	0	NA	0	0	0	0
15	98668952	15_98668952_C_T	C	T	4669	3731	4615	3731	0	0	NA	1	0	0	0
16	2513847	16_2513847_C_A	C	A	4902	4071	4830	4071	0	0	NA	0	0	0	0
16	6083112	16_6083112_G_T	G	T	4628	3710	4568	3710	0	0	NA	0	0	0	0
16	6943914	16_6943914_C_A	C	A	5502	4691	5432	4691	0	0	NA	0	0	0	0
16	11694213	16_11694213_G_T	G	T	4826	4081	4795	4081	0	0	NA	0	0	0	0
16	13773279	16_13773279_G_A	G	A	4888	4169	4852	4169	0	0	NA	0	0	0	0
16	14334505	16_14334505_G_T	G	T	4653	4020	4604	4020	0	0	NA	0	0	0	0
16	17697681	16_17697681_A_C	A	C	4734	3984	4703	3984	0	0	NA	0	0	0	0
16	20419354	16_20419354_G_A	G	A	3358	2396	3320	2396	0	0	NA	1	0	0	0
16	22978251	16_22978251_A_G	A	G	4972	4153	4929	4153	0	0	NA	0	0	0	0
16	23692043	16_23692043_T_C	T	C	5280	4529	5241	4529	0	0	NA	0	0	0	0
16	26334645	16_26334645_T_C	T	C	5014	4221	4973	4220	1	1	NA	0	1	1	1
16	28032219	16_28032219_C_G	C	G	5199	4369	5166	4369	0	0	NA	0	0	0	0
16	29993668	16_29993668_A_G	A	G	4866	4023	4832	4023	0	0	NA	0	0	0	0
16	35033978	16_35033978_A_T	A	T	5365	4618	5334	4618	0	0	NA	0	0	0	0
16	35055563	16_35055563_T_C	T	C	4733	4316	4701	4316	0	0	NA	0	0	0	0
16	35184677	16_35184677_G_T	G	T	5214	4411	5170	4411	0	0	NA	1	0	0	0
16	48239538	16_48239538_G_T	G	T	4414	3544	4356	3541	3	3	NA	0	7	6	6
16	50410130	16_50410130_T_A	T	A	4410	3672	4392	3672	0	0	NA	0	0	0	0
16	51880208	16_51880208_T_A	T	A	4768	4138	4741	4138	0	0	NA	0	0	0	0
16	52484869	16_52484869_C_T	C	T	5226	3991	5173	3990	1	1	NA	1	1	1	1
16	52517061	16_52517061_A_C	A	C	5032	4316	4996	4316	0	0	NA	0	0	0	0
16	54682572	16_54682572_A_G	A	G	4648	3733	4597	3733	0	0	NA	0	0	0	0
16	55745710	16_55745710_A_G	A	G	4810	4036	4762	4036	0	0	NA	0	0	0	0
16	56116073	16_56116073_A_C	A	C	4738	4159	4709	4159	0	0	NA	0	0	0	0
16	57921198	16_57921198_C_G	C	G	4957	4184	4925	4184	0	0	NA	0	0	0	0
16	60177234	16_60177234_T_C	T	C	4976	4470	4945	4468	3	2	NA	0	6	4	4
16	62131282	16_62131282_T_A	T	A	5132	4274	5092	4274	0	0	NA	0	0	0	0
16	65165235	16_65165235_C_G	C	G	4936	4167	4886	4167	0	0	NA	0	0	0	0
16	65857997	16_65857997_G_T	G	T	5293	4548	5248	4548	0	0	NA	0	0	0	0
16	67336061	16_67336061_G_A	G	A	4521	3804	4474	3804	0	0	NA	0	0	0	0
16	68399607	16_68399607_C_T	C	T	4705	3736	4641	3736	0	0	NA	1	0	0	0
16	70594509	16_70594509_T_C	T	C	5102	4249	5048	4249	0	0	NA	0	0	0	0
16	75583287	16_75583287_G_A	G	A	4897	4209	4860	4209	0	0	NA	1	0	0	0
16	80777021	16_80777021_G_A	G	A	4399	3803	4348	3803	0	0	NA	0	1	1	1
16	82439426	16_82439426_G_T	G	T	5029	4187	4988	4187	0	0	NA	0	0	0	0
17	5461761	17_5461761_A_C	A	C	4769	3848	4725	3848	0	0	NA	0	0	0	0
17	6011838	17_6011838_G_T	G	T	5263	4512	5227	4512	0	0	NA	0	0	0	0
17	6258033	17_6258033_G_C	G	C	4661	4020	4639	4020	0	0	NA	0	0	0	0
17	6279252	17_6279252_G_T	G	T	4171	3597	4128	3597	0	0	NA	0	0	0	0
17	9074794	17_9074794_G_A	G	A	4656	3955	4618	3955	0	0	NA	0	0	0	0
17	9611686	17_9611686_G_T	G	T	5286	4453	5258	4453	0	0	NA	0	0	0	0
17	11212149	17_11212149_C_A	C	A	5056	4328	5009	4327	1	1	NA	0	1	1	1
17	13005077	17_13005077_A_C	A	C	4917	4305	4889	4305	0	0	NA	0	0	0	0
17	14652979	17_14652979_G_A	G	A	5310	4524	5276	4524	0	0	NA	0	0	0	0
17	17343273	17_17343273_C_T	C	T	4598	4151	4563	4151	0	0	NA	1	0	0	0
17	17561447	17_17561447_C_T	C	T	4951	4307	4909	4307	0	0	NA	1	0	0	0
17	19200784	17_19200784_A_T	A	T	4945	4302	4916	4302	0	0	NA	0	0	0	0
17	26531583	17_26531583_T_G	T	G	5427	4550	5393	4550	0	0	NA	0	0	0	0
17	27490483	17_27490483_C_A	C	A	4993	4261	4944	4261	0	0	NA	0	0	0	0
17	31050309	17_31050309_T_A	T	A	4624	4018	4570	4018	0	0	NA	0	0	0	0
17	31368798	17_31368798_T_A	T	A	5172	4452	5154	4452	0	0	NA	0	0	0	0
17	33057808	17_33057808_C_T	C	T	4920	4064	4856	4063	1	1	NA	1	2	2	2
17	33428225	17_33428225_G_A	G	A	4944	4289	4907	4289	0	0	NA	2	1	1	1
17	35086573	17_35086573_T_G	T	G	4627	3810	4573	3810	0	0	NA	0	0	0	0
17	48960370	17_48960370_G_A	G	A	4415	3822	4387	3822	0	0	NA	0	0	0	0
17	50743407	17_50743407_T_A	T	A	5097	4292	5070	4292	0	0	NA	0	0	0	0
17	51191053	17_51191053_C_A	C	A	5262	4299	5218	4299	0	0	NA	0	0	0	0
17	52221233	17_52221233_G_T	G	T	4640	4060	4594	4060	0	0	NA	0	0	0	0
17	53149518	17_53149518_C_A	C	A	4996	4217	4940	4217	0	0	NA	0	0	0	0
17	58482904	17_58482904_C_A	C	A	4685	3936	4656	3936	0	0	NA	0	0	0	0
17	62056379	17_62056379_A_G	A	G	4783	3826	4713	3826	0	0	NA	0	0	0	0
17	64736573	17_64736573_C_A	C	A	4833	4088	4793	4088	0	0	NA	0	0	0	0
17	66960279	17_66960279_A_T	A	T	5070	4385	5035	4385	0	0	NA	0	0	0	0
17	67283152	17_67283152_C_A	C	A	5073	4180	5006	4180	0	0	NA	0	0	0	0
17	67699028	17_67699028_G_A	G	A	5539	4874	5504	4874	0	0	NA	1	0	0	0
17	71164322	17_71164322_G_A	G	A	4479	3936	4447	3936	0	0	NA	0	0	0	0
17	78936747	17_78936747_A_G	A	G	3851	3401	3836	3401	0	0	NA	0	0	0	0
18	5027908	18_5027908_A_C	A	C	4939	4176	4902	4176	0	0	NA	0	0	0	0
18	5350611	18_5350611_C_A	C	A	4141	3539	4101	3539	0	0	NA	0	0	0	0
18	5583007	18_5583007_C_T	C	T	5004	3987	4921	3987	0	0	NA	0	0	0	0
18	7461374	18_7461374_G_T	G	T	4935	4206	4893	4206	0	0	NA	0	0	0	0
18	7556082	18_7556082_T_G	T	G	5451	4727	5433	4727	0	0	NA	0	0	0	0
18	11032331	18_11032331_C_T	C	T	5115	4309	5058	4309	0	0	NA	0	1	1	1
18	12779089	18_12779089_G_T	G	T	4836	3995	4804	3995	0	0	NA	0	0	0	0
18	14075430	18_14075430_G_T	G	T	5018	4224	4987	4224	0	0	NA	0	0	0	0
18	22182584	18_22182584_A_C	A	C	5353	4674	5322	4674	0	0	NA	0	0	0	0
18	24578908	18_24578908_G_A	G	A	4989	4161	4926	4161	0	0	NA	1	0	0	0
18	24940584	18_24940584_C_A	C	A	5118	4461	5061	4461	0	0	NA	2	0	0	0
18	25592569	18_25592569_T_A	T	A	5446	4693	5424	4693	0	0	NA	0	0	0	0
18	29129071	18_29129071_G_A	G	A	4679	3941	4639	3941	0	0	NA	0	0	0	0
18	30996030	18_30996030_A_C	A	C	4562	3793	4526	3793	0	0	NA	0	0	0	0
18	31053528	18_31053528_A_C	A	C	3879	3321	3856	3321	0	0	NA	0	0	0	0
18	31214807	18_31214807_G_T	G	T	5061	4280	5016	4280	0	0	NA	1	0	0	0
18	32487527	18_32487527_T_A	T	A	4599	4108	4552	4108	0	0	NA	0	0	0	0
18	38746577	18_38746577_C_A	C	A	4679	4086	4632	4086	0	0	NA	0	0	0	0
18	41658034	18_41658034_C_A	C	A	5044	4554	4997	4554	0	0	NA	0	0	0	0
18	44094365	18_44094365_T_A	T	A	4579	3945	4519	3945	0	0	NA	1	0	0	0
18	47444849	18_47444849_C_A	C	A	4917	4219	4877	4219	0	0	NA	0	0	0	0
18	48236290	18_48236290_C_G	C	G	5034	4361	4998	4361	0	0	NA	0	1	0	0
18	53503635	18_53503635_T_G	T	G	5097	4457	5049	4457	0	0	NA	0	0	0	0
18	54813779	18_54813779_C_T	C	T	4785	4292	4758	4292	0	0	NA	0	0	0	0
18	56128369	18_56128369_A_T	A	T	4493	3493	4438	3493	0	0	NA	0	0	0	0
18	57107364	18_57107364_T_C	T	C	5113	4329	5092	4329	0	0	NA	0	0	0	0
18	61588898	18_61588898_C_A	C	A	4592	3815	4535	3815	0	0	NA	0	0	0	0
18	62041082	18_62041082_G_A	G	A	5045	4204	4976	4202	2	2	NA	0	3	2	2
18	62185594	18_62185594_C_A	C	A	5427	4663	5399	4662	1	1	NA	0	2	2	2
18	62462703	18_62462703_T_A	T	A	4846	4131	4825	4131	0	0	NA	0	1	1	1
18	66493544	18_66493544_C_A	C	A	4704	3898	4664	3898	0	0	NA	0	0	0	0
18	67624979	18_67624979_G_T	G	T	5226	4381	5160	4381	0	0	NA	0	1	0	0
18	71607567	18_71607567_C_T	C	T	5333	4618	5256	4618	0	0	NA	0	0	0	0
18	72061179	18_72061179_G_T	G	T	5178	4404	5119	4404	0	0	NA	1	0	0	0
18	72937110	18_72937110_A_T	A	T	4653	4075	4628	4075	0	0	NA	0	0	0	0
18	76016118	18_76016118_A_G	A	G	4984	4186	4959	4186	0	0	NA	0	0	0	0
18	76425945	18_76425945_A_T	A	T	4501	3718	4457	3718	0	0	NA	0	0	0	0
18	77061049	18_77061049_A_G	A	G	4816	4453	4786	4453	0	0	NA	0	0	0	0
19	6290994	19_6290994_T_C	T	C	4955	4101	4880	4101	0	0	NA	0	0	0	0
19	7006572	19_7006572_C_T	C	T	4862	4041	4819	4041	0	0	NA	1	0	0	0
19	13710422	19_13710422_T_G	T	G	4112	3552	4091	3552	0	0	NA	0	0	0	0
19	31221691	19_31221691_G_A	G	A	4941	4097	4885	4097	0	0	NA	0	0	0	0
19	31804952	19_31804952_T_C	T	C	5051	4229	5012	4228	1	1	NA	0	1	1	1
19	32430361	19_32430361_G_T	G	T	5059	4142	5025	4142	0	0	NA	0	0	0	0
19	32719937	19_32719937_C_A	C	A	4783	3898	4741	3898	0	0	NA	0	0	0	0
19	35424580	19_35424580_A_T	A	T	5238	4495	5211	4495	0	0	NA	0	0	0	0
19	38479417	19_38479417_C_A	C	A	5065	4462	5031	4462	0	0	NA	1	0	0	0
19	41741739	19_41741739_C_A	C	A	4783	4045	4725	4045	0	0	NA	0	0	0	0
19	51984447	19_51984447_C_A	C	A	5122	4378	5071	4378	0	0	NA	0	0	0	0
19	57547112	19_57547112_T_G	T	G	4896	3952	4868	3952	0	0	NA	0	0	0	0
20	2355369	20_2355369_A_T	A	T	4797	3957	4768	3957	0	0	NA	0	0	0	0
20	4534244	20_4534244_C_A	C	A	4638	3931	4593	3928	3	3	NA	0	5	4	4
20	6206246	20_6206246_C_A	C	A	4762	4262	4735	4262	0	0	NA	0	0	0	0
20	8115709	20_8115709_C_A	C	A	4955	4215	4912	4215	0	0	NA	0	0	0	0
20	12151474	20_12151474_C_A	C	A	5164	4381	5098	4381	0	0	NA	0	0	0	0
20	12804964	20_12804964_A_C	A	C	4858	4249	4819	4249	0	0	NA	0	0	0	0
20	20247660	20_20247660_C_A	C	A	4992	4290	4938	4290	0	0	NA	0	0	0	0
20	20517427	20_20517427_G_A	G	A	5372	4674	5317	4674	0	0	NA	0	0	0	0
20	21813134	20_21813134_A_T	A	T	4598	3779	4558	3779	0	0	NA	0	0	0	0
20	31979714	20_31979714_T_C	T	C	4480	3717	4449	3717	0	0	NA	0	0	0	0
20	35425870	20_35425870_A_G	A	G	4303	3570	4260	3570	0	0	NA	0	0	0	0
20	35570872	20_35570872_A_T	A	T	4438	3746	4377	3746	0	0	NA	0	0	0	0
20	41556380	20_41556380_C_T	C	T	5346	4605	5299	4605	0	0	NA	0	0	0	0
20	45708733	20_45708733_A_G	A	G	4626	4019	4601	4019	0	0	NA	0	0	0	0
20	50184240	20_50184240_C_A	C	A	4992	4226	4945	4226	0	0	NA	0	0	0	0
20	51383442	20_51383442_C_T	C	T	5006	4138	4927	4138	0	0	NA	0	0	0	0
20	53298296	20_53298296_C_A	C	A	4018	2531	3979	2531	0	0	NA	0	0	0	0
20	55740071	20_55740071_G_C	G	C	5004	4275	4962	4275	0	0	NA	0	0	0	0
20	57895186	20_57895186_A_C	A	C	4727	3932	4683	3932	0	0	NA	0	0	0	0
20	60385810	20_60385810_A_C	A	C	4260	3548	4226	3548	0	0	NA	0	0	0	0
20	61994345	20_61994345_C_T	C	T	4997	4178	4927	4178	0	0	NA	0	0	0	0
21	15536895	21_15536895_G_A	G	A	5132	4370	5092	4366	4	4	NA	1	7	5	5
21	15596198	21_15596198_C_A	C	A	5403	4642	5370	4642	0	0	NA	0	0	0	0
21	19332426	21_19332426_G_T	G	T	5278	4515	5205	4515	0	0	NA	0	0	0	0
21	22391244	21_22391244_T_G	T	G	4842	3468	4817	3468	0	0	NA	0	0	0	0
21	23683346	21_23683346_G_A	G	A	5615	4892	5583	4892	0	0	NA	0	0	0	0
21	27421281	21_27421281_C_T	C	T	5204	4454	5133	4454	0	0	NA	0	0	0	0
21	29013619	21_29013619_A_T	A	T	5000	4348	4981	4348	0	0	NA	0	0	0	0
21	29867368	21_29867368_G_T	G	T	4717	4086	4672	4086	0	0	NA	0	0	0	0
21	30057459	21_30057459_T_A	T	A	5163	4243	5123	4243	0	0	NA	0	0	0	0
21	32298622	21_32298622_C_G	C	G	4745	4030	4717	4030	0	0	NA	0	0	0	0
21	34007685	21_34007685_T_G	T	G	4839	3944	4806	3944	0	0	NA	0	0	0	0
21	34093341	21_34093341_T_C	T	C	4655	4162	4623	4162	0	0	NA	0	0	0	0
21	35204592	21_35204592_C_T	C	T	4712	3996	4659	3996	0	0	NA	0	0	0	0
21	39297797	21_39297797_G_T	G	T	4632	3978	4588	3978	0	0	NA	1	0	0	0
21	39908035	21_39908035_G_T	G	T	4397	3722	4369	3722	0	0	NA	0	0	0	0
21	41978536	21_41978536_C_A	C	A	4946	4051	4900	4051	0	0	NA	0	0	0	0
21	46016288	21_46016288_C_T	C	T	4718	3663	4674	3663	0	0	NA	0	0	0	0
22	19878465	22_19878465_C_A	C	A	4761	3968	4729	3968	0	0	NA	0	0	0	0
22	23380288	22_23380288_C_T	C	T	4767	3948	4717	3948	0	0	NA	0	1	0	0
22	26317455	22_26317455_T_A	T	A	5243	4376	5193	4376	0	0	NA	0	0	0	0
22	27085109	22_27085109_A_T	A	T	5081	4344	5052	4344	0	0	NA	0	0	0	0
22	29183761	22_29183761_C_A	C	A	4261	3862	4230	3862	0	0	NA	0	0	0	0
22	29526407	22_29526407_G_T	G	T	4522	4021	4488	4021	0	0	NA	0	1	0	0
22	33919415	22_33919415_A_T	A	T	4244	3718	4217	3718	0	0	NA	0	0	0	0
22	34099503	22_34099503_G_T	G	T	4264	3710	4235	3710	0	0	NA	0	0	0	0
22	34302737	22_34302737_G_A	G	A	4823	4104	4758	4104	0	0	NA	0	0	0	0
22	35466537	22_35466537_C_T	C	T	5082	4013	5035	4012	1	1	NA	0	2	1	1
22	38396144	22_38396144_A_G	A	G	4712	3936	4617	3909	35	27	NA	0	61	46	46
22	38704974	22_38704974_T_A	T	A	5023	4246	4984	4246	0	0	NA	0	0	0	0
22	43382443	22_43382443_C_A	C	A	3860	3099	3811	3099	0	0	NA	0	0	0	0
22	45281484	22_45281484_C_T	C	T	4775	4065	4730	4065	0	0	NA	1	0	0	0
22	47589574	22_47589574_C_A	C	A	4849	3888	4804	3888	0	0	NA	0	0	0	0
22	47682652	22_47682652_C_T	C	T	4678	3941	4633	3941	0	0	NA	0	0	0	0
22	50069832	22_50069832_C_T	C	T	5117	4389	5082	4389	0	0	NA	0	0	0	0
X	2892008	X_2892008_G_A	G	A	4689	3735	4651	3735	0	0	NA	1	1	1	1
X	7404834	X_7404834_A_T	A	T	4908	4167	4874	4167	0	0	NA	0	0	0	0
X	8416408	X_8416408_G_A	G	A	5326	4564	5294	4564	0	0	NA	0	0	0	0
X	9302190	X_9302190_C_G	C	G	4925	4207	4885	4207	0	0	NA	0	0	0	0
X	9345076	X_9345076_T_C	T	C	4572	3907	4550	3907	0	0	NA	0	0	0	0
X	10452375	X_10452375_C_A	C	A	4633	4029	4561	4029	0	0	NA	0	0	0	0
X	11691332	X_11691332_G_T	G	T	4291	3780	4252	3780	0	0	NA	1	0	0	0
X	13122520	X_13122520_A_G	A	G	4682	3962	4649	3962	0	0	NA	0	0	0	0
X	15889712	X_15889712_A_C	A	C	5001	3056	4974	3056	0	0	NA	1	1	0	0
X	16287334	X_16287334_T_A	T	A	4824	4285	4785	4285	0	0	NA	0	0	0	0
X	17503859	X_17503859_G_C	G	C	4567	3762	4545	3762	0	0	NA	0	0	0	0
X	18246423	X_18246423_G_T	G	T	4708	3940	4639	3940	0	0	NA	0	0	0	0
X	24158796	X_24158796_C_A	C	A	4639	3926	4610	3926	0	0	NA	0	0	0	0
X	24566724	X_24566724_A_T	A	T	4994	4303	4965	4303	0	0	NA	0	0	0	0
X	28945976	X_28945976_C_A	C	A	4166	3762	4135	3762	0	0	NA	0	0	0	0
X	29984537	X_29984537_G_C	G	C	4925	4357	4891	4357	0	0	NA	0	0	0	0
X	30940588	X_30940588_G_T	G	T	4711	4293	4663	4293	0	0	NA	1	0	0	0
X	32012874	X_32012874_C_T	C	T	4087	3485	4059	3485	0	0	NA	0	0	0	0
X	32180423	X_32180423_C_T	C	T	4750	3843	4696	3843	0	0	NA	1	0	0	0
X	36532806	X_36532806_C_T	C	T	5105	4387	5037	4385	3	2	NA	1	3	2	2
X	38154212	X_38154212_G_C	G	C	5141	4540	5092	4540	0	0	NA	0	0	0	0
X	43364085	X_43364085_C_G	C	G	4676	3978	4648	3978	0	0	NA	0	0	0	0
X	43367299	X_43367299_G_A	G	A	4713	4104	4693	4103	1	1	NA	0	2	2	2
X	45555964	X_45555964_A_T	A	T	4616	3779	4565	3779	0	0	NA	0	0	0	0
X	45830600	X_45830600_C_T	C	T	4788	4159	4734	4159	2	0	NA	0	2	0	0
X	50582966	X_50582966_C_A	C	A	4821	4038	4765	4037	1	1	NA	0	1	1	1
X	57919057	X_57919057_A_C	A	C	4688	3927	4655	3927	0	0	NA	0	0	0	0
X	64306393	X_64306393_A_T	A	T	4738	3933	4705	3932	1	1	NA	0	1	1	1
X	66967111	X_66967111_C_A	C	A	4507	3675	4471	3675	0	0	NA	0	0	0	0
X	68239938	X_68239938_A_T	A	T	5011	4301	4974	4301	0	0	NA	0	0	0	0
X	68463073	X_68463073_T_C	T	C	5132	4362	5118	4362	0	0	NA	0	0	0	0
X	71288231	X_71288231_G_A	G	A	5069	4392	5035	4392	0	0	NA	0	1	0	0
X	73281690	X_73281690_A_C	A	C	5164	4408	5120	4408	0	0	NA	0	0	0	0
X	81708008	X_81708008_T_A	T	A	4411	3592	4377	3592	0	0	NA	0	0	0	0
X	83261162	X_83261162_C_T	C	T	4779	4078	4734	4078	0	0	NA	0	0	0	0
X	86264843	X_86264843_T_G	T	G	5244	4518	5220	4518	0	0	NA	0	0	0	0
X	97349850	X_97349850_G_T	G	T	4956	4482	4903	4482	0	0	NA	0	0	0	0
X	98607151	X_98607151_G_T	G	T	4794	4131	4758	4131	0	0	NA	0	0	0	0
X	101352183	X_101352183_T_G	T	G	4906	4185	4857	4185	0	0	NA	0	0	0	0
X	103165632	X_103165632_C_A	C	A	5196	4481	5143	4481	0	0	NA	0	0	0	0
X	104105708	X_104105708_G_A	G	A	4876	4162	4810	4162	0	0	NA	1	0	0	0
X	104572637	X_104572637_T_A	T	A	4666	4107	4638	4107	0	0	NA	0	0	0	0
X	104678933	X_104678933_C_A	C	A	5636	4918	5610	4918	0	0	NA	0	0	0	0
X	108753133	X_108753133_G_A	G	A	5482	4766	5402	4766	0	0	NA	0	0	0	0
X	110424371	X_110424371_C_A	C	A	4873	4436	4848	4436	0	0	NA	0	0	0	0
X	110660839	X_110660839_G_C	G	C	5048	4190	5005	4190	0	0	NA	0	0	0	0
X	115626792	X_115626792_G_T	G	T	4904	3984	4753	3901	108	83	NA	0	169	133	133
X	116203945	X_116203945_G_A	G	A	4705	3928	4668	3928	0	0	NA	2	0	0	0
X	116469256	X_116469256_C_A	C	A	4847	4200	4788	4200	0	0	NA	0	0	0	0
X	122379089	X_122379089_C_G	C	G	5323	4569	5250	4569	0	0	NA	0	0	0	0
X	130268442	X_130268442_G_A	G	A	5086	4386	5035	4386	0	0	NA	3	0	0	0
X	135329556	X_135329556_A_C	A	C	4913	4169	4876	4168	1	1	NA	0	3	2	2
X	135699207	X_135699207_G_A	G	A	4935	4062	4877	4062	0	0	NA	0	0	0	0
X	137320295	X_137320295_C_A	C	A	4933	4040	4874	4040	0	0	NA	0	0	0	0
X	139999812	X_139999812_A_T	A	T	2701	2059	2684	2059	0	0	NA	0	0	0	0
X	141069548	X_141069548_C_A	C	A	4812	4000	4773	4000	0	0	NA	0	0	0	0
X	142388465	X_142388465_G_T	G	T	4810	4244	4777	4244	0	0	NA	0	0	0	0
X	142496219	X_142496219_C_T	C	T	4803	4417	4742	4417	0	0	NA	0	0	0	0
X	150629335	X_150629335_A_T	A	T	4616	3876	4602	3876	0	0	NA	0	0	0	0
