contig	position	id	ref_allele	alt_allele	depth	depth_pass	n_ref_total	n_ref_pass	n_alt_total	n_alt_pass	seen_in_norm	n_alt_dsc_suppressed	n_alt_ssc_total	n_alt_ssc_pass	n_alt_ssc_only
1	3005776	1_3005776_A_T	A	T	4812	4435	4805	4435	0	0	NA	0	0	0	0
1	4079303	1_4079303_C_T	C	T	7792	6899	7748	6899	0	0	NA	2	0	0	0
1	9424140	1_9424140_T_A	T	A	7842	7019	7814	7019	0	0	NA	0	0	0	0
1	14257554	1_14257554_C_T	C	T	7158	6687	7120	6687	0	0	NA	0	0	0	0
1	17893476	1_17893476_C_G	C	G	3185	3007	3167	3007	0	0	NA	2	0	0	0
1	21858090	1_21858090_G_C	G	C	6858	6521	6840	6521	0	0	NA	0	0	0	0
1	24503934	1_24503934_G_A	G	A	7558	6718	7522	6718	0	0	NA	0	0	0	0
1	26510719	1_26510719_A_T	A	T	6472	5942	6411	5942	0	0	NA	0	0	0	0
1	31236385	1_31236385_C_T	C	T	3350	3147	3341	3147	0	0	NA	1	0	0	0
1	33829735	1_33829735_A_C	A	C	5731	5410	5712	5410	0	0	NA	0	0	0	0
1	34250698	1_34250698_C_G	C	G	8038	7406	8006	7406	0	0	NA	0	0	0	0
1	37481668	1_37481668_A_T	A	T	8089	7230	8059	7230	0	0	NA	0	0	0	0
1	38743418	1_38743418_G_A	G	A	1192	1109	1185	1109	0	0	NA	1	0	0	0
1	38990259	1_38990259_C_G	C	G	8181	7642	8151	7642	0	0	NA	0	0	0	0
1	40269419	1_40269419_T_A	T	A	5523	5270	5505	5270	0	0	NA	0	0	0	0
1	50814652	1_50814652_A_T	A	T	7171	6591	7146	6591	0	0	NA	0	0	0	0
1	59940230	1_59940230_A_G	A	G	8527	7609	8490	7609	0	0	NA	0	0	0	0
1	63239347	1_63239347_G_T	G	T	8032	7223	7981	7223	0	0	NA	1	0	0	0
1	63566756	1_63566756_A_G	A	G	7135	6718	7107	6718	0	0	NA	2	1	1	1
1	64498254	1_64498254_G_A	G	A	7374	6893	7345	6893	0	0	NA	0	0	0	0
1	67116703	1_67116703_G_T	G	T	6998	6574	6973	6574	0	0	NA	0	0	0	0
1	70366719	1_70366719_G_T	G	T	5491	5236	5464	5236	0	0	NA	1	1	1	1
1	77782695	1_77782695_T_G	T	G	7795	6749	7767	6749	0	0	NA	1	0	0	0
1	88144323	1_88144323_G_T	G	T	7441	7097	7398	7097	0	0	NA	1	0	0	0
1	88714579	1_88714579_G_A	G	A	5179	4992	5160	4992	0	0	NA	3	0	0	0
1	88984011	1_88984011_C_A	C	A	8087	7371	8039	7371	0	0	NA	0	0	0	0
1	95786199	1_95786199_G_A	G	A	7970	7233	7946	7233	0	0	NA	1	0	0	0
1	97718145	1_97718145_G_T	G	T	6906	6453	6881	6453	0	0	NA	1	0	0	0
1	100343528	1_100343528_A_G	A	G	6604	6297	6582	6297	0	0	NA	0	0	0	0
1	102327563	1_102327563_T_C	T	C	7142	6802	7116	6802	0	0	NA	0	0	0	0
1	112188313	1_112188313_C_A	C	A	5899	5457	5870	5457	0	0	NA	1	0	0	0
1	112875207	1_112875207_T_G	T	G	7442	6753	7421	6753	0	0	NA	0	0	0	0
1	113233454	1_113233454_C_A	C	A	8292	7515	8239	7515	0	0	NA	0	0	0	0
1	113270343	1_113270343_C_A	C	A	8889	7797	8848	7797	0	0	NA	1	1	0	0
1	114659897	1_114659897_G_C	G	C	8679	7512	8631	7512	0	0	NA	0	0	0	0
1	147313884	1_147313884_T_G	T	G	8396	7440	8359	7440	0	0	NA	0	0	0	0
1	156409039	1_156409039_A_C	A	C	7316	6282	7227	6282	0	0	NA	0	0	0	0
1	157996093	1_157996093_C_A	C	A	8008	7157	7965	7157	0	0	NA	2	0	0	0
1	159677102	1_159677102_C_T	C	T	7624	6955	7590	6955	0	0	NA	0	0	0	0
1	175990413	1_175990413_C_A	C	A	6985	6555	6939	6555	0	0	NA	1	0	0	0
1	177824765	1_177824765_T_C	T	C	6685	6406	6662	6406	0	0	NA	1	1	1	1
1	179749957	1_179749957_T_A	T	A	7081	6657	7072	6657	0	0	NA	0	0	0	0
1	180777795	1_180777795_A_T	A	T	7726	7097	7700	7097	0	0	NA	0	0	0	0
1	181949042	1_181949042_G_C	G	C	7230	6646	7196	6646	0	0	NA	0	0	0	0
1	188158428	1_188158428_T_C	T	C	8847	7880	8801	7880	0	0	NA	2	0	0	0
1	192924284	1_192924284_C_G	C	G	8436	7450	8404	7450	0	0	NA	1	0	0	0
1	198369874	1_198369874_C_T	C	T	5422	5059	5395	5059	0	0	NA	1	0	0	0
1	201376630	1_201376630_C_T	C	T	7751	6884	7697	6884	0	0	NA	4	1	1	1
1	201538898	1_201538898_C_T	C	T	7765	6978	7723	6978	0	0	NA	5	0	0	0
1	204925675	1_204925675_C_T	C	T	8287	7241	8246	7241	0	0	NA	0	0	0	0
1	217270703	1_217270703_G_T	G	T	7108	6612	7070	6612	0	0	NA	1	0	0	0
1	218577883	1_218577883_T_A	T	A	8285	7418	8245	7418	0	0	NA	1	0	0	0
1	221199688	1_221199688_A_T	A	T	8569	7425	8510	7425	0	0	NA	0	0	0	0
1	237199632	1_237199632_C_T	C	T	8296	7207	8249	7207	0	0	NA	1	1	1	1
1	237253787	1_237253787_A_G	A	G	7695	7026	7662	7026	0	0	NA	3	0	0	0
1	240601413	1_240601413_G_T	G	T	6705	6296	6691	6296	0	0	NA	1	0	0	0
1	240995277	1_240995277_C_T	C	T	7202	6407	7158	6406	1	1	NA	0	2	2	2
2	5277872	2_5277872_G_T	G	T	6611	5985	6589	5985	0	0	NA	0	0	0	0
2	6659046	2_6659046_T_A	T	A	7032	6659	6983	6659	0	0	NA	2	0	0	0
2	7209803	2_7209803_C_A	C	A	6181	5973	6159	5973	0	0	NA	1	0	0	0
2	8385308	2_8385308_C_T	C	T	5127	4987	5107	4987	0	0	NA	1	0	0	0
2	8911572	2_8911572_C_A	C	A	6771	6378	6732	6378	0	0	NA	1	0	0	0
2	21770150	2_21770150_C_A	C	A	8564	7838	8525	7838	0	0	NA	0	0	0	0
2	36577965	2_36577965_G_A	G	A	7967	7320	7924	7320	0	0	NA	0	0	0	0
2	38735719	2_38735719_C_T	C	T	5752	5309	5721	5309	0	0	NA	1	0	0	0
2	49477700	2_49477700_T_C	T	C	8894	8103	8844	8103	0	0	NA	1	0	0	0
2	51805746	2_51805746_T_C	T	C	6907	6591	6872	6591	0	0	NA	0	0	0	0
2	52448594	2_52448594_T_A	T	A	6794	6437	6776	6437	0	0	NA	0	0	0	0
2	55275349	2_55275349_C_T	C	T	7974	7240	7941	7240	0	0	NA	2	0	0	0
2	61115987	2_61115987_A_G	A	G	8557	7975	8529	7975	0	0	NA	0	0	0	0
2	61310345	2_61310345_A_G	A	G	7496	6882	7468	6882	0	0	NA	0	0	0	0
2	78136826	2_78136826_C_T	C	T	5940	5561	5918	5561	0	0	NA	2	0	0	0
2	88794726	2_88794726_C_T	C	T	7158	6772	7113	6772	0	0	NA	1	0	0	0
2	103527367	2_103527367_T_G	T	G	7809	7052	7773	7052	0	0	NA	0	0	0	0
2	106001702	2_106001702_C_A	C	A	8524	7600	8479	7600	0	0	NA	4	0	0	0
2	108047385	2_108047385_C_A	C	A	6788	6427	6753	6427	0	0	NA	1	1	1	1
2	108178403	2_108178403_G_T	G	T	8035	7258	8000	7258	0	0	NA	0	0	0	0
2	112906247	2_112906247_G_T	G	T	9109	7694	9058	7694	0	0	NA	0	0	0	0
2	120938043	2_120938043_T_G	T	G	8143	7575	8111	7575	0	0	NA	0	0	0	0
2	128460818	2_128460818_G_T	G	T	9005	7835	8968	7835	0	0	NA	0	0	0	0
2	131854388	2_131854388_G_C	G	C	7315	6622	7276	6622	0	0	NA	0	0	0	0
2	134129617	2_134129617_G_A	G	A	5732	5419	5695	5419	0	0	NA	1	0	0	0
2	134138682	2_134138682_T_A	T	A	7890	7067	7857	7067	0	0	NA	1	0	0	0
2	138180088	2_138180088_G_T	G	T	8368	7611	8316	7611	0	0	NA	0	0	0	0
2	147919981	2_147919981_C_A	C	A	7301	6626	7248	6626	0	0	NA	3	0	0	0
2	150172943	2_150172943_G_T	G	T	7530	6898	7482	6898	0	0	NA	4	0	0	0
2	171549852	2_171549852_G_T	G	T	7868	7075	7831	7075	0	0	NA	1	0	0	0
2	172951742	2_172951742_T_G	T	G	7501	6663	7468	6663	0	0	NA	0	0	0	0
2	175803904	2_175803904_T_C	T	C	7393	6811	7366	6811	0	0	NA	0	0	0	0
2	180698701	2_180698701_G_T	G	T	7179	6794	7138	6794	0	0	NA	1	0	0	0
2	182130865	2_182130865_C_A	C	A	8352	7471	8295	7471	0	0	NA	1	0	0	0
2	182927573	2_182927573_A_G	A	G	7166	6604	7133	6604	0	0	NA	0	0	0	0
2	184473389	2_184473389_G_C	G	C	6763	6585	6739	6585	0	0	NA	1	0	0	0
2	194733509	2_194733509_C_A	C	A	7259	6530	7228	6530	0	0	NA	0	0	0	0
2	199590512	2_199590512_A_G	A	G	7342	6986	7325	6986	0	0	NA	0	0	0	0
2	201540178	2_201540178_A_T	A	T	8716	8084	8679	8084	0	0	NA	1	0	0	0
2	207350552	2_207350552_G_T	G	T	5468	5224	5445	5224	0	0	NA	0	0	0	0
2	207618938	2_207618938_G_T	G	T	6793	6434	6767	6434	0	0	NA	0	0	0	0
2	207873961	2_207873961_G_A	G	A	6803	6341	6763	6341	0	0	NA	1	0	0	0
2	209431863	2_209431863_A_T	A	T	6302	6071	6283	6071	0	0	NA	0	0	0	0
2	212309565	2_212309565_C_T	C	T	8507	7667	8447	7667	0	0	NA	5	0	0	0
2	212977380	2_212977380_T_A	T	A	7592	6970	7547	6970	0	0	NA	1	0	0	0
2	215892644	2_215892644_A_T	A	T	7548	6499	7509	6499	0	0	NA	0	0	0	0
2	220905335	2_220905335_G_A	G	A	8707	7622	8668	7622	0	0	NA	4	1	1	1
2	223793095	2_223793095_A_T	A	T	7505	7189	7473	7189	0	0	NA	0	0	0	0
2	224970247	2_224970247_A_C	A	C	5759	5277	5744	5277	0	0	NA	1	0	0	0
2	232325045	2_232325045_T_C	T	C	7968	7012	7920	7012	0	0	NA	0	0	0	0
2	233969192	2_233969192_G_A	G	A	6026	5690	6003	5690	0	0	NA	1	0	0	0
2	236545082	2_236545082_G_A	G	A	6640	6037	6616	6037	0	0	NA	1	0	0	0
3	2038748	3_2038748_G_A	G	A	6178	5709	6156	5709	0	0	NA	2	0	0	0
3	8264470	3_8264470_A_T	A	T	7415	6957	7393	6957	0	0	NA	0	0	0	0
3	9432613	3_9432613_G_A	G	A	8418	7496	8366	7496	0	0	NA	2	0	0	0
3	18758889	3_18758889_T_G	T	G	8103	7255	8070	7255	0	0	NA	3	0	0	0
3	20479448	3_20479448_G_T	G	T	9095	8146	9013	8146	0	0	NA	3	0	0	0
3	26032725	3_26032725_C_T	C	T	7132	6653	7089	6653	0	0	NA	0	0	0	0
3	26467291	3_26467291_G_A	G	A	6350	6106	6310	6106	0	0	NA	0	0	0	0
3	28772309	3_28772309_T_A	T	A	7533	6983	7512	6983	0	0	NA	0	0	0	0
3	39056929	3_39056929_T_A	T	A	6106	5716	6084	5716	0	0	NA	0	0	0	0
3	39675555	3_39675555_C_A	C	A	7286	6564	7245	6564	0	0	NA	1	0	0	0
3	42089061	3_42089061_T_G	T	G	5029	4856	5016	4856	0	0	NA	2	0	0	0
3	53861682	3_53861682_C_G	C	G	6339	5869	6306	5869	0	0	NA	0	0	0	0
3	57030852	3_57030852_A_C	A	C	5795	4190	5775	4190	0	0	NA	0	0	0	0
3	58365356	3_58365356_G_T	G	T	5553	5333	5548	5333	0	0	NA	1	0	0	0
3	59033381	3_59033381_T_G	T	G	7494	6845	7468	6845	0	0	NA	0	0	0	0
3	59700052	3_59700052_A_T	A	T	8315	7423	8271	7423	0	0	NA	0	0	0	0
3	63795435	3_63795435_G_A	G	A	8356	7404	8284	7404	0	0	NA	4	0	0	0
3	66317476	3_66317476_C_T	C	T	6258	5666	6216	5666	0	0	NA	0	0	0	0
3	83369794	3_83369794_C_A	C	A	7744	7129	7687	7129	0	0	NA	1	0	0	0
3	86581982	3_86581982_T_A	T	A	8720	7575	8667	7575	0	0	NA	0	0	0	0
3	101434956	3_101434956_G_A	G	A	6339	5736	6297	5736	0	0	NA	3	0	0	0
3	102790685	3_102790685_G_A	G	A	8408	7711	8365	7711	0	0	NA	5	0	0	0
3	113435156	3_113435156_G_A	G	A	7725	7279	7697	7279	0	0	NA	0	0	0	0
3	119478838	3_119478838_T_G	T	G	8160	7768	8120	7768	0	0	NA	1	0	0	0
3	132599696	3_132599696_G_T	G	T	5282	5093	5258	5093	0	0	NA	1	0	0	0
3	139565841	3_139565841_A_T	A	T	8290	7375	8243	7375	0	0	NA	0	0	0	0
3	143610976	3_143610976_C_T	C	T	7478	6653	7411	6653	0	0	NA	1	0	0	0
3	145628675	3_145628675_C_T	C	T	7004	6814	6973	6814	0	0	NA	0	0	0	0
3	146345091	3_146345091_G_A	G	A	6352	5749	6311	5749	0	0	NA	1	0	0	0
3	151513242	3_151513242_T_C	T	C	6931	6616	6910	6616	0	0	NA	1	0	0	0
3	159006558	3_159006558_C_A	C	A	7734	6822	7686	6822	0	0	NA	1	0	0	0
3	169409210	3_169409210_T_G	T	G	8119	7397	8073	7397	0	0	NA	0	0	0	0
3	170830500	3_170830500_A_T	A	T	5286	4834	5268	4834	0	0	NA	0	0	0	0
3	172023263	3_172023263_T_G	T	G	9074	7969	9014	7969	0	0	NA	0	0	0	0
3	178070332	3_178070332_C_A	C	A	8974	8233	8913	8233	0	0	NA	0	0	0	0
3	179223468	3_179223468_G_T	G	T	8142	7509	8093	7509	0	0	NA	0	0	0	0
3	193924083	3_193924083_C_T	C	T	7118	6413	7058	6413	0	0	NA	0	0	0	0
3	195954429	3_195954429_C_A	C	A	7423	6510	7391	6510	0	0	NA	3	0	0	0
3	196789800	3_196789800_T_C	T	C	7982	7385	7711	7385	0	0	NA	16	3	3	3
4	764430	4_764430_T_C	T	C	6749	6213	6711	6213	0	0	NA	0	0	0	0
4	1952220	4_1952220_G_A	G	A	6014	5578	5985	5578	0	0	NA	2	1	0	0
4	2138011	4_2138011_T_C	T	C	5608	5424	5592	5424	0	0	NA	0	0	0	0
4	7087136	4_7087136_C_T	C	T	6528	6120	6501	6120	0	0	NA	0	0	0	0
4	8710101	4_8710101_A_T	A	T	8012	7217	7967	7217	0	0	NA	2	0	0	0
4	12332773	4_12332773_G_T	G	T	6349	5794	6320	5794	0	0	NA	1	0	0	0
4	12393282	4_12393282_G_T	G	T	8977	8034	8920	8034	0	0	NA	1	1	1	1
4	15876426	4_15876426_A_T	A	T	8401	7267	8354	7267	0	0	NA	2	0	0	0
4	18448644	4_18448644_T_C	T	C	7814	7159	7776	7159	0	0	NA	0	0	0	0
4	18798832	4_18798832_C_A	C	A	8306	7317	8268	7317	0	0	NA	2	0	0	0
4	18951155	4_18951155_A_T	A	T	7413	7025	7322	7025	0	0	NA	1	0	0	0
4	22681672	4_22681672_G_A	G	A	5870	5646	5846	5645	1	1	NA	0	1	1	1
4	25275967	4_25275967_G_T	G	T	7378	6872	7345	6872	0	0	NA	0	0	0	0
4	37433225	4_37433225_A_T	A	T	7676	7086	7645	7086	0	0	NA	0	0	0	0
4	40154500	4_40154500_G_T	G	T	9069	7960	9037	7960	0	0	NA	0	0	0	0
4	41547580	4_41547580_C_T	C	T	8444	7529	8402	7529	0	0	NA	2	0	0	0
4	65131370	4_65131370_A_T	A	T	7484	6931	7455	6931	0	0	NA	0	0	0	0
4	70814766	4_70814766_T_A	T	A	5940	5792	5926	5792	0	0	NA	0	0	0	0
4	82967945	4_82967945_G_A	G	A	8188	7326	8155	7326	0	0	NA	0	0	0	0
4	86751812	4_86751812_C_T	C	T	7023	6698	6997	6698	0	0	NA	1	0	0	0
4	87143486	4_87143486_A_G	A	G	7913	7273	7888	7273	0	0	NA	0	0	0	0
4	92011349	4_92011349_A_G	A	G	7269	6422	7246	6422	0	0	NA	1	0	0	0
4	93477046	4_93477046_C_A	C	A	6010	5700	5980	5700	0	0	NA	0	0	0	0
4	106457667	4_106457667_A_C	A	C	6644	6316	6627	6316	0	0	NA	0	0	0	0
4	106575013	4_106575013_A_G	A	G	8370	7686	8352	7686	0	0	NA	1	0	0	0
4	114460055	4_114460055_C_A	C	A	8388	7135	8338	7135	0	0	NA	2	0	0	0
4	118137117	4_118137117_G_T	G	T	7172	6689	7147	6689	0	0	NA	0	0	0	0
4	123520455	4_123520455_C_A	C	A	6890	6611	6864	6611	0	0	NA	1	0	0	0
4	125753880	4_125753880_T_G	T	G	6371	6184	6354	6184	0	0	NA	2	0	0	0
4	127813027	4_127813027_C_G	C	G	6727	6111	6667	6111	0	0	NA	0	0	0	0
4	138181556	4_138181556_C_T	C	T	8303	6935	8227	6934	2	1	NA	4	4	3	3
4	140877006	4_140877006_T_G	T	G	8713	7716	8660	7716	0	0	NA	2	0	0	0
4	144642585	4_144642585_G_T	G	T	7490	6954	7454	6954	0	0	NA	3	0	0	0
4	145384123	4_145384123_C_A	C	A	7417	6937	7364	6937	0	0	NA	1	0	0	0
4	150753815	4_150753815_G_T	G	T	6819	6512	6789	6512	0	0	NA	1	0	0	0
4	154758078	4_154758078_G_A	G	A	7202	5367	7143	5367	0	0	NA	2	0	0	0
4	163121775	4_163121775_G_T	G	T	8449	7668	8407	7668	0	0	NA	1	0	0	0
4	163151693	4_163151693_A_T	A	T	7807	7474	7784	7474	0	0	NA	1	1	1	1
4	168339652	4_168339652_T_C	T	C	6314	6081	6290	6081	0	0	NA	0	0	0	0
4	169591229	4_169591229_T_C	T	C	6363	6156	6349	6156	0	0	NA	0	0	0	0
4	177576912	4_177576912_T_C	T	C	6288	6008	6268	6008	0	0	NA	1	0	0	0
4	179174196	4_179174196_C_T	C	T	7931	7176	7882	7176	0	0	NA	3	0	0	0
4	182296812	4_182296812_C_G	C	G	7838	7201	7812	7201	0	0	NA	1	0	0	0
4	183744669	4_183744669_C_T	C	T	5414	4992	5384	4992	0	0	NA	0	0	0	0
4	190766263	4_190766263_G_A	G	A	6114	5295	6057	5295	0	0	NA	2	1	1	1
5	5785292	5_5785292_T_A	T	A	7161	6796	7144	6796	0	0	NA	0	0	0	0
5	14181819	5_14181819_C_A	C	A	7585	6791	7531	6791	0	0	NA	0	0	0	0
5	14913317	5_14913317_C_T	C	T	8203	7092	8144	7092	0	0	NA	0	0	0	0
5	19088090	5_19088090_T_C	T	C	6424	6231	6396	6231	0	0	NA	0	0	0	0
5	24684218	5_24684218_A_G	A	G	8023	7232	7983	7232	0	0	NA	0	0	0	0
5	33074304	5_33074304_G_A	G	A	6665	6378	6639	6378	0	0	NA	0	0	0	0
5	34739431	5_34739431_G_A	G	A	3912	3746	3901	3746	0	0	NA	2	0	0	0
5	41283044	5_41283044_C_T	C	T	6579	6224	6534	6224	0	0	NA	0	0	0	0
5	54096410	5_54096410_A_T	A	T	6224	5912	6208	5912	0	0	NA	0	0	0	0
5	68220221	5_68220221_A_G	A	G	7215	6769	7200	6769	0	0	NA	0	0	0	0
5	77093515	5_77093515_C_A	C	A	5478	5241	5456	5241	0	0	NA	0	0	0	0
5	78129586	5_78129586_G_T	G	T	7603	6714	7572	6714	0	0	NA	1	0	0	0
5	82144117	5_82144117_T_A	T	A	5869	5688	5859	5688	0	0	NA	2	0	0	0
5	82551311	5_82551311_C_A	C	A	7096	6771	7062	6771	0	0	NA	3	0	0	0
5	83147651	5_83147651_A_T	A	T	5480	5359	5472	5359	0	0	NA	0	0	0	0
5	89259691	5_89259691_A_G	A	G	7315	6667	7290	6667	0	0	NA	0	1	1	1
5	93516605	5_93516605_C_T	C	T	7920	6917	7869	6917	0	0	NA	0	0	0	0
5	100472243	5_100472243_T_C	T	C	7159	6637	7145	6637	0	0	NA	0	0	0	0
5	105217352	5_105217352_C_A	C	A	8623	7684	8568	7684	0	0	NA	1	0	0	0
5	108602255	5_108602255_G_T	G	T	5899	5612	5881	5612	0	0	NA	0	0	0	0
5	114068006	5_114068006_C_A	C	A	7541	6932	7504	6932	0	0	NA	0	0	0	0
5	115836912	5_115836912_C_T	C	T	6358	6162	6341	6162	0	0	NA	0	0	0	0
5	121774652	5_121774652_G_T	G	T	8206	7557	8172	7557	0	0	NA	1	0	0	0
5	125432542	5_125432542_G_T	G	T	6879	6394	6854	6394	0	0	NA	3	0	0	0
5	125870135	5_125870135_T_A	T	A	6932	6554	6904	6554	0	0	NA	0	0	0	0
5	132679103	5_132679103_T_A	T	A	8012	7137	7980	7137	0	0	NA	0	0	0	0
5	134267096	5_134267096_G_T	G	T	8488	7457	8440	7457	0	0	NA	2	0	0	0
5	145130574	5_145130574_T_A	T	A	8098	7558	8052	7558	0	0	NA	0	0	0	0
5	149939269	5_149939269_G_T	G	T	6628	6047	6602	6047	0	0	NA	2	0	0	0
5	151157630	5_151157630_C_A	C	A	7762	6721	7708	6721	0	0	NA	1	0	0	0
5	151888941	5_151888941_C_A	C	A	6157	5969	6135	5969	0	0	NA	0	0	0	0
5	155057972	5_155057972_C_T	C	T	6235	5737	6208	5737	0	0	NA	0	0	0	0
5	157244676	5_157244676_G_A	G	A	7881	7458	7847	7458	0	0	NA	1	0	0	0
5	158903068	5_158903068_G_A	G	A	8372	7387	8315	7387	0	0	NA	3	1	0	0
5	163022259	5_163022259_T_C	T	C	7200	6554	7174	6554	0	0	NA	1	0	0	0
5	165476925	5_165476925_C_A	C	A	8085	7202	8042	7202	0	0	NA	0	0	0	0
5	170677265	5_170677265_G_A	G	A	8498	7557	8459	7557	0	0	NA	1	0	0	0
5	170964323	5_170964323_C_T	C	T	7216	6698	7159	6698	0	0	NA	3	0	0	0
5	173268480	5_173268480_T_A	T	A	8294	7220	8260	7220	0	0	NA	0	0	0	0
5	177719946	5_177719946_T_A	T	A	6811	5640	6786	5640	0	0	NA	0	0	0	0
6	5877474	6_5877474_A_T	A	T	7861	7380	7822	7380	0	0	NA	0	0	0	0
6	6086245	6_6086245_A_C	A	C	7866	7172	7824	7172	0	0	NA	1	0	0	0
6	6321998	6_6321998_G_T	G	T	6241	5830	6203	5830	0	0	NA	1	0	0	0
6	12441504	6_12441504_G_T	G	T	8696	7788	8653	7788	0	0	NA	0	0	0	0
6	18907309	6_18907309_A_T	A	T	9251	7997	9179	7997	0	0	NA	0	0	0	0
6	27969454	6_27969454_C_T	C	T	7630	6704	7555	6704	0	0	NA	3	2	2	2
6	35324983	6_35324983_T_C	T	C	8295	7307	8251	7306	1	1	NA	1	1	1	1
6	35544660	6_35544660_G_A	G	A	7112	6390	7082	6390	0	0	NA	0	2	2	2
6	37181124	6_37181124_G_A	G	A	8557	7576	8527	7576	0	0	NA	0	1	1	1
6	39867150	6_39867150_C_A	C	A	7868	7181	7823	7181	0	0	NA	1	1	1	1
6	40618113	6_40618113_A_C	A	C	6962	3973	6961	3973	0	0	NA	0	0	0	0
6	45158461	6_45158461_C_A	C	A	6358	6052	6329	6052	0	0	NA	0	0	0	0
6	48357318	6_48357318_T_G	T	G	6969	5878	6949	5878	0	0	NA	0	0	0	0
6	51271189	6_51271189_G_T	G	T	7832	7091	7797	7091	0	0	NA	2	0	0	0
6	51864368	6_51864368_C_G	C	G	7356	6842	7318	6842	0	0	NA	0	0	0	0
6	56009737	6_56009737_C_G	C	G	6358	6021	6333	6021	0	0	NA	1	0	0	0
6	64014575	6_64014575_C_A	C	A	8114	7794	8076	7794	0	0	NA	0	1	1	1
6	65831170	6_65831170_C_G	C	G	6784	6368	6748	6368	0	0	NA	0	0	0	0
6	66202470	6_66202470_G_A	G	A	7589	6998	7565	6998	0	0	NA	0	0	0	0
6	66244844	6_66244844_G_A	G	A	8159	6844	8054	6844	0	0	NA	10	0	0	0
6	69536609	6_69536609_T_A	T	A	8830	8037	8787	8037	0	0	NA	0	0	0	0
6	69563339	6_69563339_G_A	G	A	7651	6912	7605	6912	0	0	NA	0	0	0	0
6	70047536	6_70047536_A_G	A	G	8583	7836	8559	7836	0	0	NA	3	0	0	0
6	70076063	6_70076063_A_T	A	T	7220	6604	7173	6604	0	0	NA	0	0	0	0
6	73173129	6_73173129_C_T	C	T	8411	7175	8334	7175	0	0	NA	2	0	0	0
6	73313708	6_73313708_A_T	A	T	8051	7175	8011	7175	0	0	NA	0	0	0	0
6	74239170	6_74239170_C_A	C	A	7855	7224	7806	7224	0	0	NA	1	0	0	0
6	77060829	6_77060829_C_A	C	A	8098	7245	8030	7245	0	0	NA	0	0	0	0
6	79369069	6_79369069_A_C	A	C	8307	7284	8270	7284	0	0	NA	0	0	0	0
6	85715582	6_85715582_A_C	A	C	7407	6796	7338	6796	0	0	NA	0	0	0	0
6	92858125	6_92858125_A_T	A	T	8109	7590	8085	7590	0	0	NA	0	0	0	0
6	96131449	6_96131449_A_G	A	G	6166	4261	6149	4261	0	0	NA	1	0	0	0
6	97708443	6_97708443_T_C	T	C	8294	7607	8268	7607	0	0	NA	0	0	0	0
6	99008899	6_99008899_T_A	T	A	6008	5036	5969	5036	0	0	NA	0	0	0	0
6	100579749	6_100579749_T_C	T	C	7937	7229	7917	7229	0	0	NA	0	0	0	0
6	103299296	6_103299296_C_T	C	T	7796	7349	7770	7349	0	0	NA	1	0	0	0
6	104215751	6_104215751_A_T	A	T	6121	5887	6093	5887	0	0	NA	1	0	0	0
6	107877382	6_107877382_T_G	T	G	8059	7248	8020	7248	0	0	NA	2	0	0	0
6	110252038	6_110252038_G_A	G	A	6109	5761	6079	5761	0	0	NA	0	0	0	0
6	110259286	6_110259286_T_A	T	A	6113	5674	6095	5674	0	0	NA	0	0	0	0
6	124265346	6_124265346_A_T	A	T	8945	7664	8901	7664	0	0	NA	1	0	0	0
6	128547613	6_128547613_A_T	A	T	5675	5412	5645	5412	0	0	NA	0	0	0	0
6	128998861	6_128998861_G_C	G	C	7161	6503	7103	6485	19	18	NA	0	23	22	22
6	131290473	6_131290473_C_T	C	T	7143	6565	7105	6565	0	0	NA	2	1	1	1
6	132945574	6_132945574_T_C	T	C	7724	6926	7698	6926	0	0	NA	1	0	0	0
6	143367434	6_143367434_C_G	C	G	6447	6184	6392	6184	0	0	NA	0	0	0	0
6	150674002	6_150674002_C_G	C	G	8151	7248	8113	7248	0	0	NA	0	0	0	0
6	150756580	6_150756580_C_A	C	A	5442	5133	5426	5133	0	0	NA	0	1	0	0
6	151613647	6_151613647_C_T	C	T	8448	7750	8415	7750	0	0	NA	0	0	0	0
6	152804952	6_152804952_C_A	C	A	7774	7245	7751	7245	0	0	NA	1	0	0	0
6	154869195	6_154869195_C_T	C	T	6130	5785	6102	5785	0	0	NA	0	0	0	0
6	160678565	6_160678565_G_A	G	A	6744	6225	6700	6225	0	0	NA	1	0	0	0
6	162175055	6_162175055_A_G	A	G	6748	6075	6705	6075	0	0	NA	2	0	0	0
6	169313213	6_169313213_A_C	A	C	8109	2702	8054	2702	0	0	NA	0	0	0	0
7	1766943	7_1766943_A_C	A	C	5305	5073	5284	5073	0	0	NA	1	0	0	0
7	3697020	7_3697020_G_A	G	A	8033	7156	7976	7156	0	0	NA	4	0	0	0
7	8633796	7_8633796_C_A	C	A	7170	6616	7142	6616	0	0	NA	0	0	0	0
7	14411578	7_14411578_G_C	G	C	5858	5422	5827	5422	0	0	NA	0	0	0	0
7	15472312	7_15472312_T_G	T	G	7864	7389	7840	7389	0	0	NA	0	0	0	0
7	15689293	7_15689293_T_A	T	A	8470	7649	8439	7649	0	0	NA	0	1	0	0
7	18792485	7_18792485_T_A	T	A	6929	6497	6907	6497	0	0	NA	3	0	0	0
7	35348822	7_35348822_C_A	C	A	7417	6751	7373	6751	0	0	NA	1	0	0	0
7	36143331	7_36143331_T_A	T	A	7338	6995	7316	6995	0	0	NA	0	0	0	0
7	40600877	7_40600877_G_T	G	T	7778	7267	7740	7267	0	0	NA	1	0	0	0
7	42489937	7_42489937_A_G	A	G	7210	6990	7189	6990	0	0	NA	1	0	0	0
7	49037456	7_49037456_C_T	C	T	5378	5088	5363	5088	0	0	NA	0	0	0	0
7	50502919	7_50502919_C_A	C	A	6695	6377	6668	6377	0	0	NA	0	0	0	0
7	51297243	7_51297243_A_C	A	C	8021	7104	7982	7104	0	0	NA	0	0	0	0
7	51433309	7_51433309_G_C	G	C	8519	7762	8485	7762	0	0	NA	0	0	0	0
7	71570557	7_71570557_T_A	T	A	6790	6408	6770	6408	0	0	NA	0	0	0	0
7	79587768	7_79587768_G_C	G	C	8251	7726	8200	7726	0	0	NA	0	0	0	0
7	80150489	7_80150489_A_G	A	G	8366	7473	4305	3869	3994	3604	NA	13	7068	6382	6382
7	84578202	7_84578202_A_G	A	G	7685	6961	7655	6961	0	0	NA	0	0	0	0
7	91240513	7_91240513_G_T	G	T	7502	6917	7473	6917	0	0	NA	1	0	0	0
7	94298441	7_94298441_A_T	A	T	8352	7727	8314	7727	0	0	NA	0	0	0	0
7	97105012	7_97105012_A_C	A	C	7013	6711	6986	6710	1	1	NA	0	2	2	2
7	98874881	7_98874881_C_T	C	T	7975	7065	7921	7065	0	0	NA	4	0	0	0
7	101249150	7_101249150_A_T	A	T	7686	6893	7636	6893	0	0	NA	0	0	0	0
7	103209181	7_103209181_T_C	T	C	7149	6681	7128	6681	0	0	NA	0	0	0	0
7	104244310	7_104244310_C_T	C	T	7883	7323	7833	7323	0	0	NA	1	0	0	0
7	106794394	7_106794394_A_C	A	C	6736	6556	6712	6556	0	0	NA	1	0	0	0
7	110820473	7_110820473_A_C	A	C	8955	7918	8922	7918	0	0	NA	0	0	0	0
7	127947847	7_127947847_T_A	T	A	7626	7016	7582	7016	0	0	NA	0	0	0	0
7	130397463	7_130397463_G_T	G	T	7091	6377	7049	6377	0	0	NA	2	0	0	0
7	131334483	7_131334483_G_T	G	T	7053	6489	7028	6489	0	0	NA	2	0	0	0
7	133657566	7_133657566_G_T	G	T	6903	6410	6873	6410	0	0	NA	2	0	0	0
7	137211279	7_137211279_A_G	A	G	6924	6348	6906	6348	0	0	NA	2	0	0	0
7	141727928	7_141727928_A_G	A	G	7607	6805	7571	6805	0	0	NA	0	0	0	0
7	151536829	7_151536829_T_C	T	C	7144	6450	7098	6450	0	0	NA	0	0	0	0
7	154892808	7_154892808_G_T	G	T	8879	7808	8830	7808	0	0	NA	1	0	0	0
7	157532579	7_157532579_G_A	G	A	8989	7711	8893	7711	0	0	NA	3	2	0	0
8	2755004	8_2755004_C_A	C	A	7048	6578	7008	6578	0	0	NA	3	0	0	0
8	4060291	8_4060291_T_G	T	G	6834	6543	6788	6543	0	0	NA	0	0	0	0
8	9201456	8_9201456_T_G	T	G	7628	7064	7593	7064	0	0	NA	1	0	0	0
8	15158943	8_15158943_C_A	C	A	7599	6931	7559	6931	0	0	NA	0	0	0	0
8	22076167	8_22076167_G_A	G	A	8132	7080	8089	7080	0	0	NA	2	0	0	0
8	27971300	8_27971300_C_A	C	A	7069	6335	7023	6335	0	0	NA	3	0	0	0
8	28444608	8_28444608_T_C	T	C	8328	7187	8283	7187	0	0	NA	0	0	0	0
8	35400169	8_35400169_T_C	T	C	8462	7621	8432	7621	0	0	NA	0	0	0	0
8	40999743	8_40999743_A_G	A	G	8305	7218	8272	7218	0	0	NA	0	0	0	0
8	47000429	8_47000429_G_C	G	C	6020	5539	5999	5534	6	5	NA	1	6	5	5
8	49634500	8_49634500_T_A	T	A	8105	7224	8054	7224	0	0	NA	1	0	0	0
8	50164731	8_50164731_C_A	C	A	9029	8176	8980	8176	0	0	NA	0	0	0	0
8	50981179	8_50981179_T_A	T	A	7662	6834	7638	6834	0	0	NA	0	0	0	0
8	51176371	8_51176371_C_T	C	T	8063	7483	8022	7482	1	1	NA	0	4	4	4
8	51640095	8_51640095_A_T	A	T	7926	7119	7881	7119	0	0	NA	0	0	0	0
8	65032607	8_65032607_G_T	G	T	7364	6581	7317	6581	0	0	NA	1	0	0	0
8	70143917	8_70143917_C_T	C	T	7326	6713	7295	6713	0	0	NA	1	0	0	0
8	76490950	8_76490950_G_A	G	A	7014	6528	6985	6528	0	0	NA	2	0	0	0
8	91111600	8_91111600_G_C	G	C	5051	4781	5027	4781	0	0	NA	0	0	0	0
8	93331556	8_93331556_C_T	C	T	7409	6538	7357	6538	0	0	NA	0	0	0	0
8	96494453	8_96494453_T_G	T	G	6625	6419	6605	6419	0	0	NA	0	0	0	0
8	99784897	8_99784897_C_A	C	A	7639	6695	7581	6695	0	0	NA	1	1	0	0
8	100481712	8_100481712_T_A	T	A	6324	5960	6309	5960	0	0	NA	0	0	0	0
8	102998950	8_102998950_A_T	A	T	7457	6747	7426	6747	0	0	NA	0	0	0	0
8	111538617	8_111538617_A_T	A	T	7750	7320	7707	7320	0	0	NA	0	0	0	0
8	117281310	8_117281310_C_G	C	G	7522	6933	7472	6933	0	0	NA	2	0	0	0
8	134092131	8_134092131_C_T	C	T	6485	5705	6449	5705	0	0	NA	0	0	0	0
8	136118331	8_136118331_T_G	T	G	7899	7109	7877	7109	0	0	NA	1	0	0	0
8	137748490	8_137748490_G_T	G	T	8452	7624	8397	7624	0	0	NA	0	0	0	0
8	138044964	8_138044964_G_C	G	C	5258	5055	5247	5055	0	0	NA	0	0	0	0
8	138245917	8_138245917_T_C	T	C	8154	7176	8113	7176	0	0	NA	1	0	0	0
8	139140923	8_139140923_G_T	G	T	7246	6736	7195	6736	0	0	NA	3	0	0	0
8	140444252	8_140444252_T_G	T	G	8482	7351	8428	7351	0	0	NA	1	0	0	0
9	12622886	9_12622886_C_G	C	G	7549	6835	7507	6835	0	0	NA	0	0	0	0
9	16509911	9_16509911_T_G	T	G	7957	7204	7889	7204	0	0	NA	4	0	0	0
9	73018818	9_73018818_G_T	G	T	6401	5954	6379	5954	0	0	NA	0	0	0	0
9	82644356	9_82644356_C_A	C	A	5581	5346	5557	5346	0	0	NA	0	0	0	0
9	92968195	9_92968195_C_A	C	A	5490	4677	5438	4677	0	0	NA	0	1	0	0
9	99282291	9_99282291_A_T	A	T	6286	6012	6264	6012	0	0	NA	1	0	0	0
9	102897537	9_102897537_C_G	C	G	5215	5036	5189	5036	0	0	NA	0	0	0	0
9	105111103	9_105111103_C_A	C	A	7485	7080	7446	7080	0	0	NA	0	1	1	1
9	109991471	9_109991471_C_G	C	G	7011	6417	6967	6417	0	0	NA	2	0	0	0
9	116005122	9_116005122_C_G	C	G	7138	6658	7106	6658	0	0	NA	0	0	0	0
9	128069907	9_128069907_T_G	T	G	8472	7461	8451	7461	0	0	NA	0	1	1	1
9	128793433	9_128793433_A_C	A	C	7009	6101	6931	6101	0	0	NA	1	1	0	0
9	129047031	9_129047031_T_A	T	A	8445	7566	8416	7566	0	0	NA	1	0	0	0
10	3050036	10_3050036_C_T	C	T	8401	7579	8397	7579	0	0	NA	0	0	0	0
10	5316326	10_5316326_G_A	G	A	8061	7585	8017	7585	0	0	NA	0	0	0	0
10	8321918	10_8321918_T_A	T	A	6020	4164	5962	4164	0	0	NA	0	0	0	0
10	8540847	10_8540847_A_C	A	C	7443	6889	7409	6889	0	0	NA	0	0	0	0
10	11459227	10_11459227_T_A	T	A	7648	6626	7586	6626	0	0	NA	1	0	0	0
10	24422977	10_24422977_G_A	G	A	7805	7079	7760	7079	0	0	NA	0	0	0	0
10	25892894	10_25892894_G_A	G	A	6737	6278	6708	6278	0	0	NA	1	0	0	0
10	26372290	10_26372290_T_A	T	A	7170	6713	7145	6713	0	0	NA	0	0	0	0
10	27929245	10_27929245_G_A	G	A	6571	6274	6547	6274	0	0	NA	0	0	0	0
10	29178479	10_29178479_T_A	T	A	5502	5369	5486	5369	0	0	NA	0	0	0	0
10	34756350	10_34756350_C_G	C	G	5875	5301	5837	5301	0	0	NA	0	0	0	0
10	49952694	10_49952694_G_A	G	A	6898	6409	6880	6409	0	0	NA	0	0	0	0
10	60547048	10_60547048_G_A	G	A	7520	6653	7470	6653	0	0	NA	0	0	0	0
10	62841480	10_62841480_C_A	C	A	7597	6900	7559	6900	0	0	NA	1	0	0	0
10	64059570	10_64059570_C_T	C	T	7739	7132	7689	7132	0	0	NA	0	0	0	0
10	67703556	10_67703556_T_A	T	A	7718	7358	7684	7358	0	0	NA	1	0	0	0
10	79265032	10_79265032_G_T	G	T	8220	7341	8187	7341	0	0	NA	1	0	0	0
10	80615321	10_80615321_C_A	C	A	8136	7224	8075	7224	0	0	NA	0	0	0	0
10	80788044	10_80788044_T_G	T	G	8540	7441	8478	7441	0	0	NA	1	0	0	0
10	93467553	10_93467553_A_T	A	T	5605	5485	5593	5485	0	0	NA	0	0	0	0
10	93852857	10_93852857_A_G	A	G	6225	5972	6200	5972	0	0	NA	3	0	0	0
10	94245272	10_94245272_C_A	C	A	7959	7228	7927	7228	0	0	NA	0	0	0	0
10	95397542	10_95397542_G_C	G	C	7282	7021	7251	7021	0	0	NA	0	0	0	0
10	109613347	10_109613347_T_C	T	C	8648	7799	8622	7799	0	0	NA	1	0	0	0
10	113541510	10_113541510_C_T	C	T	8331	7605	8286	7605	0	0	NA	1	0	0	0
10	127140394	10_127140394_C_T	C	T	6152	5744	6116	5744	0	0	NA	2	0	0	0
11	618540	11_618540_G_T	G	T	8496	7499	8455	7499	0	0	NA	1	0	0	0
11	8538166	11_8538166_G_T	G	T	8154	6949	8082	6949	0	0	NA	1	0	0	0
11	9004161	11_9004161_A_T	A	T	7892	7290	7865	7290	0	0	NA	0	0	0	0
11	13989606	11_13989606_G_C	G	C	9071	7947	9024	7947	0	0	NA	0	0	0	0
11	15732660	11_15732660_G_A	G	A	8481	7525	8428	7525	0	0	NA	1	0	0	0
11	20121757	11_20121757_C_A	C	A	8294	7728	8237	7728	0	0	NA	1	0	0	0
11	21270356	11_21270356_G_A	G	A	9362	8229	9306	8229	0	0	NA	0	0	0	0
11	21468314	11_21468314_T_A	T	A	8648	7638	8610	7638	0	0	NA	1	0	0	0
11	25852432	11_25852432_C_G	C	G	7709	7278	7676	7278	0	0	NA	1	0	0	0
11	40720380	11_40720380_C_A	C	A	7985	7166	7943	7166	0	0	NA	1	0	0	0
11	43214756	11_43214756_A_C	A	C	8157	7556	8112	7556	0	0	NA	0	0	0	0
11	74852160	11_74852160_T_G	T	G	7608	6704	7556	6704	0	0	NA	0	0	0	0
11	75788971	11_75788971_C_G	C	G	7654	7227	7619	7227	0	0	NA	1	0	0	0
11	83654686	11_83654686_C_T	C	T	7028	6717	6988	6717	0	0	NA	1	0	0	0
11	88272369	11_88272369_G_C	G	C	7700	7078	7675	7078	0	0	NA	0	0	0	0
11	92213093	11_92213093_G_A	G	A	8550	7641	8509	7641	0	0	NA	4	0	0	0
11	97098853	11_97098853_G_C	G	C	8102	7324	8058	7324	0	0	NA	0	0	0	0
11	100108139	11_100108139_A_T	A	T	7450	7043	7429	7043	0	0	NA	0	0	0	0
11	102388337	11_102388337_G_T	G	T	7964	7675	7940	7675	0	0	NA	1	0	0	0
11	104617443	11_104617443_G_T	G	T	8669	7609	8629	7609	0	0	NA	0	2	0	0
11	113709182	11_113709182_A_T	A	T	9289	8234	9192	8234	0	0	NA	1	0	0	0
11	115498913	11_115498913_A_T	A	T	9096	7645	9020	7645	0	0	NA	0	0	0	0
11	120512385	11_120512385_G_T	G	T	8986	7979	8942	7979	0	0	NA	0	0	0	0
11	125126580	11_125126580_C_A	C	A	8371	7138	8329	7138	0	0	NA	0	0	0	0
11	129789468	11_129789468_G_T	G	T	8459	7734	8430	7734	0	0	NA	0	0	0	0
11	130617763	11_130617763_G_A	G	A	7821	7352	7747	7352	0	0	NA	1	0	0	0
12	1650140	12_1650140_G_C	G	C	8524	7695	8479	7695	0	0	NA	0	0	0	0
12	2460510	12_2460510_G_T	G	T	9166	7902	9128	7902	0	0	NA	1	2	2	2
12	2631361	12_2631361_C_A	C	A	8408	7644	8379	7644	0	0	NA	2	0	0	0
12	3159249	12_3159249_C_T	C	T	8865	7500	8838	7500	0	0	NA	0	0	0	0
12	4099713	12_4099713_G_A	G	A	8025	6926	7989	6926	0	0	NA	0	0	0	0
12	7166223	12_7166223_T_G	T	G	9270	8185	9231	8185	0	0	NA	2	0	0	0
12	17292099	12_17292099_A_T	A	T	9743	8546	9697	8546	0	0	NA	0	0	0	0
12	24683238	12_24683238_C_A	C	A	9030	8009	8982	8009	0	0	NA	0	0	0	0
12	26588519	12_26588519_G_T	G	T	7928	7439	7887	7439	0	0	NA	1	0	0	0
12	29160643	12_29160643_G_A	G	A	7298	6989	7267	6989	0	0	NA	0	0	0	0
12	43162254	12_43162254_T_A	T	A	8520	7436	8471	7436	0	0	NA	0	0	0	0
12	47668441	12_47668441_T_G	T	G	8284	7766	8254	7766	0	0	NA	1	0	0	0
12	49272655	12_49272655_G_C	G	C	9200	7901	9152	7901	0	0	NA	1	0	0	0
12	62004232	12_62004232_A_G	A	G	8510	7834	8471	7834	0	0	NA	1	0	0	0
12	65997895	12_65997895_C_G	C	G	7904	6739	7851	6739	0	0	NA	0	0	0	0
12	68946198	12_68946198_G_A	G	A	8086	6927	8033	6927	0	0	NA	1	0	0	0
12	75121787	12_75121787_T_G	T	G	9560	8647	9517	8647	0	0	NA	3	0	0	0
12	82040114	12_82040114_C_T	C	T	9236	7933	9192	7933	0	0	NA	1	0	0	0
12	82672732	12_82672732_C_A	C	A	7620	7044	7574	7044	0	0	NA	0	0	0	0
12	83540296	12_83540296_G_T	G	T	8748	8248	8600	8137	116	111	NA	0	198	188	188
12	87907687	12_87907687_G_T	G	T	7956	7582	7907	7582	0	0	NA	2	0	0	0
12	92479370	12_92479370_G_T	G	T	8031	7159	7978	7159	0	0	NA	1	0	0	0
12	96357939	12_96357939_C_T	C	T	7177	6368	7149	6368	0	0	NA	2	1	1	1
12	97531304	12_97531304_T_C	T	C	8893	7968	8854	7968	0	0	NA	2	0	0	0
12	101176025	12_101176025_C_A	C	A	10074	8730	10015	8730	0	0	NA	0	0	0	0
12	113510858	12_113510858_T_G	T	G	8376	7107	8307	7107	0	0	NA	0	0	0	0
12	116732019	12_116732019_A_G	A	G	8493	7814	8451	7814	0	0	NA	2	0	0	0
12	123593703	12_123593703_G_T	G	T	8381	7535	8318	7535	0	0	NA	2	0	0	0
12	130304948	12_130304948_G_T	G	T	8477	7360	8394	7360	0	0	NA	3	0	0	0
12	130581464	12_130581464_C_A	C	A	6832	6482	6795	6482	0	0	NA	0	0	0	0
13	26298352	13_26298352_A_T	A	T	7796	6970	7766	6970	0	0	NA	0	0	0	0
13	28313597	13_28313597_C_T	C	T	9089	8377	9044	8377	0	0	NA	0	0	0	0
13	29690186	13_29690186_T_C	T	C	8499	7406	8470	7406	0	0	NA	1	0	0	0
13	35338377	13_35338377_G_A	G	A	8898	7686	8859	7686	0	0	NA	0	0	0	0
13	37557334	13_37557334_C_T	C	T	8872	7852	8777	7852	0	0	NA	4	1	0	0
13	43227675	13_43227675_A_G	A	G	8577	7573	8533	7573	0	0	NA	1	0	0	0
13	44692191	13_44692191_G_T	G	T	9104	8140	9065	8140	0	0	NA	1	0	0	0
13	45391723	13_45391723_C_T	C	T	8657	7456	8591	7456	0	0	NA	1	0	0	0
13	50046640	13_50046640_C_A	C	A	8331	7522	8310	7522	0	0	NA	0	0	0	0
13	57969791	13_57969791_T_C	T	C	8305	7642	8269	7642	0	0	NA	0	0	0	0
13	59027743	13_59027743_T_G	T	G	7885	7185	7854	7185	0	0	NA	0	0	0	0
13	67668663	13_67668663_C_A	C	A	7749	7248	7700	7248	0	0	NA	3	0	0	0
13	68586887	13_68586887_T_A	T	A	8263	7613	8213	7613	0	0	NA	3	0	0	0
13	68717401	13_68717401_G_T	G	T	9276	8192	9231	8192	0	0	NA	0	0	0	0
13	73082512	13_73082512_G_C	G	C	8999	7987	8969	7987	0	0	NA	0	0	0	0
13	76762060	13_76762060_C_A	C	A	8568	7683	8517	7683	0	0	NA	0	0	0	0
13	76785838	13_76785838_C_A	C	A	8877	7933	8820	7933	0	0	NA	0	0	0	0
13	80164069	13_80164069_C_T	C	T	8760	7768	8697	7768	0	0	NA	4	1	1	1
13	85310461	13_85310461_G_T	G	T	8491	7617	8431	7617	0	0	NA	3	0	0	0
13	86265900	13_86265900_A_G	A	G	8259	7632	8228	7632	0	0	NA	0	0	0	0
13	88934705	13_88934705_C_G	C	G	8431	7712	8364	7712	0	0	NA	0	0	0	0
13	95579532	13_95579532_A_G	A	G	7721	7436	7699	7436	0	0	NA	0	0	0	0
13	95639628	13_95639628_G_T	G	T	7899	6986	7858	6986	0	0	NA	0	0	0	0
13	110192882	13_110192882_C_T	C	T	8635	7492	8570	7492	0	0	NA	0	0	0	0
14	23861017	14_23861017_T_G	T	G	8293	7403	8244	7403	0	0	NA	1	0	0	0
14	26572638	14_26572638_C_T	C	T	8870	8182	8821	8182	0	0	NA	0	0	0	0
14	30337282	14_30337282_C_A	C	A	7625	7029	7574	7029	0	0	NA	3	0	0	0
14	57618814	14_57618814_C_A	C	A	9806	8907	9747	8907	0	0	NA	1	0	0	0
14	64486409	14_64486409_G_A	G	A	8575	6945	8525	6945	0	0	NA	3	0	0	0
14	66998928	14_66998928_C_A	C	A	7677	7009	7629	7009	0	0	NA	0	0	0	0
14	72637698	14_72637698_T_A	T	A	8424	7783	8327	7730	55	53	NA	1	103	98	98
14	72927327	14_72927327_A_T	A	T	9252	7906	9194	7906	0	0	NA	0	0	0	0
14	77425788	14_77425788_T_C	T	C	9051	7764	9006	7764	0	0	NA	0	0	0	0
14	77742860	14_77742860_C_A	C	A	9331	7925	9273	7925	0	0	NA	1	1	0	0
14	78299438	14_78299438_A_C	A	C	8644	7693	8602	7693	0	0	NA	0	0	0	0
14	82846963	14_82846963_C_A	C	A	8056	7262	8002	7262	0	0	NA	2	0	0	0
14	83004349	14_83004349_T_G	T	G	8976	7999	8923	7999	0	0	NA	1	0	0	0
14	93915017	14_93915017_G_T	G	T	8415	7435	8380	7435	0	0	NA	1	0	0	0
14	94603428	14_94603428_G_A	G	A	7903	7182	7871	7182	0	0	NA	1	0	0	0
14	96523493	14_96523493_A_G	A	G	8840	7924	8797	7922	2	2	NA	0	2	2	2
15	26157469	15_26157469_G_T	G	T	9400	8115	9286	8115	0	0	NA	0	0	0	0
15	26870336	15_26870336_T_C	T	C	7758	6944	7724	6944	0	0	NA	0	0	0	0
15	28411599	15_28411599_T_C	T	C	8294	7730	8244	7730	0	0	NA	0	0	0	0
15	33490647	15_33490647_G_T	G	T	8640	7968	8615	7968	0	0	NA	0	0	0	0
15	38406737	15_38406737_T_G	T	G	8890	7548	8837	7548	0	0	NA	0	0	0	0
15	40700320	15_40700320_A_T	A	T	9822	8480	9781	8480	0	0	NA	0	0	0	0
15	51663817	15_51663817_G_A	G	A	8410	7581	8367	7581	0	0	NA	1	0	0	0
15	54163113	15_54163113_C_A	C	A	8983	8152	8938	8152	0	0	NA	0	0	0	0
15	58756698	15_58756698_T_G	T	G	7328	6960	7287	6960	0	0	NA	1	0	0	0
15	60938202	15_60938202_C_T	C	T	8515	7136	8464	7136	0	0	NA	1	0	0	0
15	63465563	15_63465563_G_T	G	T	8382	7454	8333	7454	0	0	NA	0	1	1	1
15	64553170	15_64553170_A_C	A	C	8374	7450	8302	7450	0	0	NA	0	0	0	0
15	65056652	15_65056652_C_A	C	A	8184	7009	8145	7009	0	0	NA	2	0	0	0
15	67709671	15_67709671_T_G	T	G	8751	7809	8705	7809	0	0	NA	0	0	0	0
15	76463987	15_76463987_G_T	G	T	8594	7511	8562	7511	0	0	NA	1	0	0	0
15	84695227	15_84695227_A_G	A	G	8847	7877	8818	7877	0	0	NA	1	0	0	0
15	85947498	15_85947498_A_C	A	C	9017	7776	8974	7776	0	0	NA	0	0	0	0
15	88815883	15_88815883_G_T	G	T	8808	7825	8751	7825	0	0	NA	0	0	0	0
15	92902993	15_92902993_G_A	G	A	6992	6521	6973	6521	0	0	NA	2	0	0	0
16	4616535	16_4616535_T_A	T	A	7502	7216	7477	7216	0	0	NA	0	0	0	0
16	7225301	16_7225301_T_A	T	A	9346	8128	9307	8128	0	0	NA	1	0	0	0
16	7921451	16_7921451_T_C	T	C	6931	6346	6896	6346	0	0	NA	1	0	0	0
16	8761924	16_8761924_T_C	T	C	8810	8004	8756	8004	0	0	NA	0	0	0	0
16	12675819	16_12675819_T_C	T	C	8887	7380	8844	7380	0	0	NA	0	0	0	0
16	15912098	16_15912098_T_A	T	A	8882	7704	8845	7704	0	0	NA	1	0	0	0
16	28071235	16_28071235_A_C	A	C	8765	7514	8708	7514	0	0	NA	0	0	0	0
16	35166123	16_35166123_T_A	T	A	8600	7495	8543	7495	0	0	NA	0	0	0	0
16	46958677	16_46958677_A_C	A	C	8069	7027	8023	7027	0	0	NA	0	0	0	0
16	48684885	16_48684885_G_A	G	A	8369	7618	8323	7618	0	0	NA	4	2	2	2
16	49643958	16_49643958_G_T	G	T	8515	7558	8467	7558	0	0	NA	0	0	0	0
16	60782488	16_60782488_C_T	C	T	8367	7621	8286	7621	0	0	NA	2	0	0	0
16	61974800	16_61974800_C_T	C	T	9279	8300	9217	8300	0	0	NA	1	0	0	0
16	62753092	16_62753092_A_G	A	G	9092	8395	9048	8395	1	0	NA	4	4	3	3
16	65672450	16_65672450_T_A	T	A	8465	7296	8403	7296	0	0	NA	0	0	0	0
16	66408925	16_66408925_C_A	C	A	7090	5836	7039	5836	0	0	NA	0	0	0	0
16	66938497	16_66938497_C_T	C	T	8361	7202	8297	7202	0	0	NA	1	0	0	0
16	71424066	16_71424066_G_C	G	C	8798	7502	8731	7502	0	0	NA	0	0	0	0
16	77426916	16_77426916_G_A	G	A	7911	6856	7868	6856	0	0	NA	2	0	0	0
16	87596761	16_87596761_C_G	C	G	8609	7456	8560	7456	0	0	NA	0	0	0	0
17	8038411	17_8038411_C_T	C	T	6810	6359	6776	6359	0	0	NA	1	0	0	0
17	10263519	17_10263519_G_C	G	C	8922	7990	8878	7990	0	0	NA	0	0	0	0
17	27876413	17_27876413_A_T	A	T	7926	7209	7898	7209	0	0	NA	0	0	0	0
17	31015317	17_31015317_T_A	T	A	8459	7432	8414	7432	0	0	NA	0	0	0	0
17	41784795	17_41784795_A_T	A	T	8159	7458	8131	7458	0	0	NA	0	0	0	0
17	44925744	17_44925744_C_G	C	G	8183	7059	8134	7059	0	0	NA	1	0	0	0
17	47940509	17_47940509_G_T	G	T	7506	6757	7472	6757	0	0	NA	3	0	0	0
17	52262191	17_52262191_C_T	C	T	8410	7701	8334	7701	0	0	NA	0	0	0	0
17	53224320	17_53224320_T_A	T	A	9572	8658	9542	8658	0	0	NA	0	0	0	0
17	56467447	17_56467447_T_A	T	A	8848	7625	8749	7625	0	0	NA	1	0	0	0
17	58505711	17_58505711_A_G	A	G	8809	7687	8755	7687	0	0	NA	0	0	0	0
17	62601723	17_62601723_A_T	A	T	6070	5644	6033	5644	0	0	NA	0	0	0	0
17	73015793	17_73015793_A_T	A	T	9007	7593	8944	7593	0	0	NA	0	0	0	0
17	73058133	17_73058133_G_A	G	A	8825	7781	8780	7780	1	1	NA	1	1	1	1
17	75785961	17_75785961_G_T	G	T	8773	7376	8694	7376	0	0	NA	2	0	0	0
17	80993444	17_80993444_A_C	A	C	7395	6737	7381	6737	0	0	NA	1	0	0	0
18	6258261	18_6258261_C_A	C	A	9556	8195	9511	8195	0	0	NA	0	0	0	0
18	10315050	18_10315050_A_T	A	T	7442	6088	7406	6088	0	0	NA	0	0	0	0
18	19283424	18_19283424_C_G	C	G	8184	7202	8144	7202	0	0	NA	0	0	0	0
18	23666270	18_23666270_A_C	A	C	8244	7732	8221	7732	0	0	NA	1	0	0	0
18	27545397	18_27545397_A_C	A	C	7681	7422	7658	7422	0	0	NA	1	0	0	0
18	27942344	18_27942344_C_A	C	A	8784	7461	8743	7461	0	0	NA	0	0	0	0
18	30326519	18_30326519_G_A	G	A	7199	6792	7146	6792	0	0	NA	0	0	0	0
18	30642686	18_30642686_T_G	T	G	9352	8159	9311	8159	0	0	NA	1	0	0	0
18	35104482	18_35104482_G_A	G	A	8349	6933	8279	6933	0	0	NA	4	0	0	0
18	39991943	18_39991943_T_C	T	C	8876	7922	8831	7922	0	0	NA	0	0	0	0
18	40847603	18_40847603_T_A	T	A	8921	8135	8874	8134	0	0	NA	0	0	0	0
18	44849649	18_44849649_G_A	G	A	9025	7785	8996	7785	0	0	NA	0	0	0	0
18	52250150	18_52250150_G_A	G	A	8320	7588	8267	7588	0	0	NA	0	0	0	0
18	68331888	18_68331888_T_G	T	G	8737	8204	8708	8204	0	0	NA	0	0	0	0
18	70539853	18_70539853_C_A	C	A	7803	6683	7728	6683	0	0	NA	2	0	0	0
18	72981218	18_72981218_C_A	C	A	9198	7825	9148	7825	0	0	NA	0	0	0	0
18	74295957	18_74295957_G_T	G	T	8025	7170	7977	7170	0	0	NA	0	0	0	0
19	14949896	19_14949896_G_T	G	T	8221	7119	8193	7119	0	0	NA	0	0	0	0
19	21411196	19_21411196_T_G	T	G	8782	7863	8748	7863	0	0	NA	1	0	0	0
19	29516234	19_29516234_A_C	A	C	7329	6833	7312	6833	0	0	NA	0	0	0	0
19	41915256	19_41915256_T_A	T	A	7789	7184	7760	7184	0	0	NA	0	0	0	0
19	42669581	19_42669581_C_T	C	T	8115	7316	8058	7316	0	0	NA	0	0	0	0
20	1675554	20_1675554_A_C	A	C	7984	7166	7897	7166	0	0	NA	1	0	0	0
20	3144926	20_3144926_A_T	A	T	7602	6818	7572	6818	0	0	NA	0	0	0	0
20	10958277	20_10958277_A_G	A	G	8477	7460	8409	7460	0	0	NA	0	1	1	1
20	14992672	20_14992672_G_T	G	T	9035	7853	9004	7853	0	0	NA	0	0	0	0
20	21055439	20_21055439_C_T	C	T	8781	7348	8720	7348	0	0	NA	1	0	0	0
20	21628588	20_21628588_T_C	T	C	8119	7243	8061	7243	0	0	NA	0	0	0	0
20	24830825	20_24830825_T_A	T	A	9054	7724	9008	7724	0	0	NA	0	0	0	0
20	30756462	20_30756462_T_G	T	G	8854	7874	8807	7874	0	0	NA	2	0	0	0
20	45858208	20_45858208_T_C	T	C	8909	7747	8871	7747	0	0	NA	0	0	0	0
20	53111244	20_53111244_T_A	T	A	7645	7205	7611	7205	0	0	NA	0	0	0	0
20	54310643	20_54310643_T_G	T	G	9393	8659	9344	8659	0	0	NA	0	0	0	0
20	58854805	20_58854805_T_A	T	A	8727	7897	8674	7897	0	0	NA	0	0	0	0
20	59500428	20_59500428_T_A	T	A	8896	7642	8845	7642	0	0	NA	1	0	0	0
20	59771123	20_59771123_G_C	G	C	8685	7040	8639	7040	0	0	NA	0	0	0	0
20	60492395	20_60492395_T_A	T	A	8069	7223	8033	7223	0	0	NA	0	0	0	0
21	17326794	21_17326794_G_T	G	T	8131	7029	8099	7029	0	0	NA	0	0	0	0
21	32588884	21_32588884_C_T	C	T	7919	7006	7872	7006	0	0	NA	0	0	0	0
21	33218294	21_33218294_G_T	G	T	8113	7706	8074	7706	0	0	NA	1	0	0	0
21	34451380	21_34451380_T_G	T	G	8944	7698	8902	7698	0	0	NA	0	0	0	0
21	39074192	21_39074192_T_C	T	C	8331	7311	8283	7311	0	0	NA	1	0	0	0
21	40375156	21_40375156_T_G	T	G	8540	7414	8492	7414	0	0	NA	1	0	0	0
21	41366161	21_41366161_G_A	G	A	7925	4100	7863	4100	0	0	NA	1	0	0	0
21	43324706	21_43324706_A_C	A	C	8558	7663	8528	7663	0	0	NA	2	0	0	0
21	47042699	21_47042699_A_T	A	T	8862	7365	8789	7365	0	0	NA	0	0	0	0
22	21425899	22_21425899_G_A	G	A	8303	7295	8271	7295	0	0	NA	0	0	0	0
22	26025201	22_26025201_G_C	G	C	9044	7646	9000	7646	0	0	NA	0	0	0	0
22	28355612	22_28355612_C_T	C	T	8491	7721	8466	7721	0	0	NA	2	0	0	0
22	30683425	22_30683425_C_T	C	T	8672	7105	4348	3647	4251	3458	NA	4	7333	6009	6009
22	33634221	22_33634221_A_C	A	C	7979	7463	7958	7463	0	0	NA	0	0	0	0
22	39674084	22_39674084_T_C	T	C	8090	7472	8032	7472	0	0	NA	2	0	0	0
22	39770052	22_39770052_T_C	T	C	7733	7013	7694	7013	0	0	NA	1	1	1	1
22	47154585	22_47154585_G_T	G	T	7610	7065	7572	7065	0	0	NA	0	0	0	0
22	48394917	22_48394917_C_T	C	T	8928	7771	8853	7771	0	0	NA	2	0	0	0
22	49767241	22_49767241_A_C	A	C	8478	7054	8420	7054	0	0	NA	0	0	0	0
X	22182467	X_22182467_A_C	A	C	4792	4429	4772	4429	0	0	NA	1	0	0	0
X	33048061	X_33048061_G_A	G	A	4924	4115	4887	4115	0	0	NA	1	0	0	0
X	37332737	X_37332737_A_C	A	C	4539	3936	4522	3936	0	0	NA	0	0	0	0
X	43936247	X_43936247_A_C	A	C	4543	4003	4521	4003	0	0	NA	0	0	0	0
X	44207941	X_44207941_C_T	C	T	4680	4001	4651	4001	0	0	NA	0	0	0	0
X	55804962	X_55804962_C_A	C	A	4883	4212	4850	4212	0	0	NA	1	0	0	0
X	68088210	X_68088210_G_T	G	T	4640	3845	4623	3845	0	0	NA	0	0	0	0
X	73339458	X_73339458_T_G	T	G	5056	4299	5032	4299	0	0	NA	0	0	0	0
X	82166727	X_82166727_G_A	G	A	5118	4344	5069	4344	0	0	NA	2	0	0	0
X	87718964	X_87718964_A_G	A	G	4782	4144	4765	4144	0	0	NA	1	0	0	0
X	88219182	X_88219182_C_A	C	A	4300	3780	4271	3780	0	0	NA	0	0	0	0
X	89279937	X_89279937_G_A	G	A	3757	3444	3732	3444	0	0	NA	2	0	0	0
X	92421896	X_92421896_C_A	C	A	4680	4124	4644	4124	0	0	NA	0	0	0	0
X	95536368	X_95536368_T_A	T	A	4306	3774	4285	3774	0	0	NA	1	0	0	0
X	108699337	X_108699337_G_T	G	T	4670	4069	4651	4069	0	0	NA	1	0	0	0
X	111616582	X_111616582_G_A	G	A	4737	4073	4721	4073	0	0	NA	0	0	0	0
X	122849971	X_122849971_C_G	C	G	4668	3925	4640	3925	0	0	NA	0	0	0	0
X	129975305	X_129975305_C_T	C	T	4738	4098	4693	4098	0	0	NA	0	0	0	0
X	131970197	X_131970197_C_T	C	T	4778	4010	4752	4010	0	0	NA	2	0	0	0
X	132865144	X_132865144_A_G	A	G	4690	4236	4667	4236	0	0	NA	0	0	0	0
X	146276613	X_146276613_A_T	A	T	4746	4052	4718	4052	0	0	NA	0	0	0	0
