contig	position	id	ref_allele	alt_allele	depth	depth_pass	n_ref_total	n_ref_pass	n_alt_total	n_alt_pass	seen_in_norm	n_alt_dsc_suppressed	n_alt_ssc_total	n_alt_ssc_pass	n_alt_ssc_only
1	3005776	1_3005776_A_T	A	T	4077	3520	4048	3520	0	0	NA	0	0	0	0
1	4079303	1_4079303_C_T	C	T	4699	3980	4663	3980	0	0	NA	1	0	0	0
1	9424140	1_9424140_T_A	T	A	4750	3990	4710	3990	0	0	NA	1	0	0	0
1	14257554	1_14257554_C_T	C	T	4899	4206	4856	4206	0	0	NA	0	0	0	0
1	17893476	1_17893476_C_G	C	G	3577	3320	3556	3320	0	0	NA	0	0	0	0
1	21858090	1_21858090_G_C	G	C	4574	4016	4545	4016	0	0	NA	0	0	0	0
1	24503934	1_24503934_G_A	G	A	4689	3840	4651	3840	0	0	NA	2	1	1	1
1	26510719	1_26510719_A_T	A	T	3946	3242	3864	3242	0	0	NA	0	0	0	0
1	31236385	1_31236385_C_T	C	T	3804	3485	3785	3485	0	0	NA	0	0	0	0
1	33829735	1_33829735_A_C	A	C	4074	3532	4019	3532	0	0	NA	0	0	0	0
1	34250698	1_34250698_C_G	C	G	5022	4309	4984	4309	0	0	NA	0	0	0	0
1	37481668	1_37481668_A_T	A	T	4969	4103	4932	4103	0	0	NA	0	0	0	0
1	38743418	1_38743418_G_A	G	A	2248	2124	2230	2124	0	0	NA	1	1	1	1
1	38990259	1_38990259_C_G	C	G	5057	4389	5017	4389	0	0	NA	0	0	0	0
1	40269419	1_40269419_T_A	T	A	4576	4116	4540	4116	0	0	NA	0	0	0	0
1	50814652	1_50814652_A_T	A	T	4748	4033	4702	4033	0	0	NA	0	0	0	0
1	59940230	1_59940230_A_G	A	G	5398	4559	5359	4559	0	0	NA	0	0	0	0
1	63239347	1_63239347_G_T	G	T	5087	4283	5042	4283	0	0	NA	0	0	0	0
1	63566756	1_63566756_A_G	A	G	5091	4395	5042	4394	2	1	NA	0	3	2	2
1	64498254	1_64498254_G_A	G	A	5111	4421	5055	4421	0	0	NA	1	0	0	0
1	67116703	1_67116703_G_T	G	T	4863	4295	4821	4295	0	0	NA	0	0	0	0
1	70366719	1_70366719_G_T	G	T	4500	4092	4455	4092	0	0	NA	0	0	0	0
1	77782695	1_77782695_T_G	T	G	5172	4162	5142	4162	0	0	NA	0	0	0	0
1	88144323	1_88144323_G_T	G	T	4884	4375	4843	4375	0	0	NA	0	0	0	0
1	88714579	1_88714579_G_A	G	A	3806	3448	3778	3448	0	0	NA	1	0	0	0
1	88984011	1_88984011_C_A	C	A	5243	4442	5179	4442	0	0	NA	0	0	0	0
1	95786199	1_95786199_G_A	G	A	5230	4470	5190	4470	0	0	NA	1	0	0	0
1	97718145	1_97718145_G_T	G	T	4940	4282	4907	4282	0	0	NA	0	0	0	0
1	100343528	1_100343528_A_G	A	G	4718	4288	4679	4288	0	0	NA	0	0	0	0
1	102327563	1_102327563_T_C	T	C	4757	4197	4711	4197	0	0	NA	0	0	0	0
1	112188313	1_112188313_C_A	C	A	4680	4047	4624	4047	0	0	NA	0	0	0	0
1	112875207	1_112875207_T_G	T	G	4895	4070	4861	4070	0	0	NA	0	0	0	0
1	113233454	1_113233454_C_A	C	A	4819	4118	4776	4118	0	0	NA	2	0	0	0
1	113270343	1_113270343_C_A	C	A	5174	4298	5124	4298	0	0	NA	0	0	0	0
1	114659897	1_114659897_G_C	G	C	5124	4282	5087	4282	0	0	NA	0	0	0	0
1	147313884	1_147313884_T_G	T	G	5042	4244	5006	4244	0	0	NA	0	0	0	0
1	156409039	1_156409039_A_C	A	C	4530	3392	4417	3392	0	0	NA	0	0	0	0
1	157996093	1_157996093_C_A	C	A	5095	4360	5044	4360	0	0	NA	0	0	0	0
1	159677102	1_159677102_C_T	C	T	4970	4247	4917	4247	0	0	NA	1	0	0	0
1	175990413	1_175990413_C_A	C	A	4478	3914	4410	3914	0	0	NA	0	0	0	0
1	177824765	1_177824765_T_C	T	C	4654	4231	4620	4231	0	0	NA	0	1	0	0
1	179749957	1_179749957_T_A	T	A	5026	4345	5005	4345	0	0	NA	0	0	0	0
1	180777795	1_180777795_A_T	A	T	5233	4501	5193	4501	0	0	NA	0	0	0	0
1	181949042	1_181949042_G_C	G	C	4919	4259	4872	4259	0	0	NA	0	0	0	0
1	188158428	1_188158428_T_C	T	C	5413	4554	5375	4554	0	0	NA	1	0	0	0
1	192924284	1_192924284_C_G	C	G	5245	4405	5201	4405	0	0	NA	0	0	0	0
1	198369874	1_198369874_C_T	C	T	4714	4119	4664	4119	0	0	NA	0	0	0	0
1	201376630	1_201376630_C_T	C	T	4974	4224	4902	4224	0	0	NA	1	0	0	0
1	201538898	1_201538898_C_T	C	T	4999	4128	4941	4128	0	0	NA	2	0	0	0
1	204925675	1_204925675_C_T	C	T	5086	4374	5057	4374	0	0	NA	0	0	0	0
1	217270703	1_217270703_G_T	G	T	4314	3678	4266	3678	0	0	NA	0	0	0	0
1	218577883	1_218577883_T_A	T	A	5067	4314	5044	4314	0	0	NA	0	0	0	0
1	221199688	1_221199688_A_T	A	T	5102	4191	5030	4191	0	0	NA	0	0	0	0
1	237199632	1_237199632_C_T	C	T	5143	4297	5092	4297	0	0	NA	0	0	0	0
1	237253787	1_237253787_A_G	A	G	5130	4439	5082	4439	0	0	NA	1	0	0	0
1	240601413	1_240601413_G_T	G	T	4892	4267	4855	4267	0	0	NA	0	0	0	0
1	240995277	1_240995277_C_T	C	T	4695	3948	4642	3948	0	0	NA	0	0	0	0
2	5277872	2_5277872_G_T	G	T	4966	4252	4919	4252	0	0	NA	0	0	0	0
2	6659046	2_6659046_T_A	T	A	5046	4461	4979	4461	0	0	NA	1	0	0	0
2	7209803	2_7209803_C_A	C	A	4227	3835	4196	3835	0	0	NA	0	0	0	0
2	8385308	2_8385308_C_T	C	T	4300	4061	4267	4061	0	0	NA	0	0	0	0
2	8911572	2_8911572_C_A	C	A	5072	4462	5013	4462	0	0	NA	1	0	0	0
2	21770150	2_21770150_C_A	C	A	5342	4574	5301	4574	0	0	NA	0	0	0	0
2	36577965	2_36577965_G_A	G	A	4903	4082	4842	4082	0	0	NA	0	0	0	0
2	38735719	2_38735719_C_T	C	T	4573	4043	4531	4043	0	0	NA	0	0	0	0
2	49477700	2_49477700_T_C	T	C	5351	4639	5284	4639	0	0	NA	0	0	0	0
2	51805746	2_51805746_T_C	T	C	4820	4420	4789	4420	0	0	NA	0	0	0	0
2	52448594	2_52448594_T_A	T	A	4897	4283	4858	4283	0	0	NA	0	0	0	0
2	55275349	2_55275349_C_T	C	T	5305	4521	5247	4521	0	0	NA	0	0	0	0
2	61115987	2_61115987_A_G	A	G	5254	4626	5210	4626	0	0	NA	0	0	0	0
2	61310345	2_61310345_A_G	A	G	5122	4403	5087	4403	0	0	NA	0	0	0	0
2	78136826	2_78136826_C_T	C	T	3939	3251	3925	3251	0	0	NA	0	0	0	0
2	88794726	2_88794726_C_T	C	T	4949	4342	4864	4342	0	0	NA	0	0	0	0
2	103527367	2_103527367_T_G	T	G	4873	4039	4839	4039	0	0	NA	0	0	0	0
2	106001702	2_106001702_C_A	C	A	5178	4334	5125	4334	0	0	NA	1	0	0	0
2	108047385	2_108047385_C_A	C	A	4817	4213	4758	4213	0	0	NA	0	0	0	0
2	108178403	2_108178403_G_T	G	T	5232	4382	5175	4382	0	0	NA	0	0	0	0
2	112906247	2_112906247_G_T	G	T	5556	4690	5521	4690	0	0	NA	0	0	0	0
2	120938043	2_120938043_T_G	T	G	5061	4398	5032	4398	0	0	NA	0	0	0	0
2	128460818	2_128460818_G_T	G	T	5195	4539	5158	4539	0	0	NA	0	0	0	0
2	131854388	2_131854388_G_C	G	C	4693	3915	4656	3915	0	0	NA	0	0	0	0
2	134129617	2_134129617_G_A	G	A	3328	2937	3282	2937	0	0	NA	0	0	0	0
2	134138682	2_134138682_T_A	T	A	5106	4280	5075	4280	0	0	NA	0	0	0	0
2	138180088	2_138180088_G_T	G	T	5326	4528	5272	4528	0	0	NA	0	0	0	0
2	147919981	2_147919981_C_A	C	A	4828	3967	4741	3967	0	0	NA	0	0	0	0
2	150172943	2_150172943_G_T	G	T	4785	4036	4713	4036	0	0	NA	1	0	0	0
2	171549852	2_171549852_G_T	G	T	5323	4436	5274	4436	0	0	NA	0	0	0	0
2	172951742	2_172951742_T_G	T	G	4552	3777	4510	3777	0	0	NA	0	0	0	0
2	175803904	2_175803904_T_C	T	C	4909	4288	4885	4288	0	0	NA	0	0	0	0
2	180698701	2_180698701_G_T	G	T	4762	4244	4713	4244	0	0	NA	0	0	0	0
2	182130865	2_182130865_C_A	C	A	5177	4300	5108	4300	0	0	NA	0	0	0	0
2	182927573	2_182927573_A_G	A	G	4989	4231	4936	4231	0	0	NA	0	0	0	0
2	184473389	2_184473389_G_C	G	C	4429	4103	4390	4103	0	0	NA	0	0	0	0
2	194733509	2_194733509_C_A	C	A	4671	3721	4629	3721	0	0	NA	1	1	0	0
2	199590512	2_199590512_A_G	A	G	4940	4348	4905	4348	0	0	NA	0	0	0	0
2	201540178	2_201540178_A_T	A	T	5345	4609	5309	4609	0	0	NA	0	0	0	0
2	207350552	2_207350552_G_T	G	T	4364	3977	4329	3977	0	0	NA	0	0	0	0
2	207618938	2_207618938_G_T	G	T	5127	4581	5078	4581	0	0	NA	0	0	0	0
2	207873961	2_207873961_G_A	G	A	4225	3707	4196	3707	0	0	NA	0	0	0	0
2	209431863	2_209431863_A_T	A	T	4565	4159	4518	4159	0	0	NA	0	0	0	0
2	212309565	2_212309565_C_T	C	T	5203	4371	5141	4371	0	0	NA	1	2	2	2
2	212977380	2_212977380_T_A	T	A	4742	4055	4701	4055	0	0	NA	0	0	0	0
2	215892644	2_215892644_A_T	A	T	5142	3899	5100	3899	0	0	NA	0	0	0	0
2	220905335	2_220905335_G_A	G	A	4974	4152	4933	4152	0	0	NA	0	0	0	0
2	223793095	2_223793095_A_T	A	T	4766	4262	4728	4262	0	0	NA	0	0	0	0
2	224970247	2_224970247_A_C	A	C	4309	3671	4267	3671	0	0	NA	1	0	0	0
2	232325045	2_232325045_T_C	T	C	5153	4277	5106	4277	0	0	NA	1	0	0	0
2	233969192	2_233969192_G_A	G	A	4731	4210	4696	4210	0	0	NA	0	0	0	0
2	236545082	2_236545082_G_A	G	A	4448	3732	4411	3732	0	0	NA	0	0	0	0
3	2038748	3_2038748_G_A	G	A	4800	4257	4778	4257	0	0	NA	0	0	0	0
3	8264470	3_8264470_A_T	A	T	5080	4470	5047	4470	0	0	NA	1	0	0	0
3	9432613	3_9432613_G_A	G	A	5271	4534	5231	4534	0	0	NA	0	0	0	0
3	18758889	3_18758889_T_G	T	G	5402	4566	5352	4566	0	0	NA	0	1	0	0
3	20479448	3_20479448_G_T	G	T	5569	4734	5490	4734	0	0	NA	0	0	0	0
3	26032725	3_26032725_C_T	C	T	4531	3878	4468	3878	0	0	NA	1	0	0	0
3	26467291	3_26467291_G_A	G	A	4430	4019	4388	4019	0	0	NA	0	0	0	0
3	28772309	3_28772309_T_A	T	A	5125	4384	5086	4384	0	0	NA	0	0	0	0
3	39056929	3_39056929_T_A	T	A	4871	4303	4832	4303	0	0	NA	0	0	0	0
3	39675555	3_39675555_C_A	C	A	4856	3943	4805	3943	0	0	NA	0	0	0	0
3	42089061	3_42089061_T_G	T	G	3975	3645	3954	3645	0	0	NA	0	0	0	0
3	53861682	3_53861682_C_G	C	G	4518	4006	4472	4006	0	0	NA	0	0	0	0
3	57030852	3_57030852_A_C	A	C	4048	2441	4020	2441	0	0	NA	0	0	0	0
3	58365356	3_58365356_G_T	G	T	3784	3441	3759	3441	0	0	NA	0	0	0	0
3	59033381	3_59033381_T_G	T	G	5065	4263	5040	4263	0	0	NA	0	0	0	0
3	59700052	3_59700052_A_T	A	T	5171	4323	5121	4323	0	0	NA	0	0	0	0
3	63795435	3_63795435_G_A	G	A	4989	4144	4910	4144	0	0	NA	1	0	0	0
3	66317476	3_66317476_C_T	C	T	5060	4302	5006	4302	0	0	NA	0	0	0	0
3	83369794	3_83369794_C_A	C	A	5276	4611	5230	4611	0	0	NA	0	0	0	0
3	86581982	3_86581982_T_A	T	A	5004	4287	4966	4287	0	0	NA	0	0	0	0
3	101434956	3_101434956_G_A	G	A	4469	3636	4422	3636	0	0	NA	1	0	0	0
3	102790685	3_102790685_G_A	G	A	5175	4437	5126	4437	0	0	NA	0	0	0	0
3	113435156	3_113435156_G_A	G	A	4678	4231	4632	4231	0	0	NA	0	0	0	0
3	119478838	3_119478838_T_G	T	G	4968	4520	4920	4520	0	0	NA	0	0	0	0
3	132599696	3_132599696_G_T	G	T	4406	4028	4381	4028	0	0	NA	0	0	0	0
3	139565841	3_139565841_A_T	A	T	4965	4151	4914	4151	0	0	NA	0	0	0	0
3	143610976	3_143610976_C_T	C	T	4503	3752	4445	3752	0	0	NA	0	0	0	0
3	145628675	3_145628675_C_T	C	T	4567	4275	4527	4275	0	0	NA	0	0	0	0
3	146345091	3_146345091_G_A	G	A	4374	3634	4297	3634	0	0	NA	0	0	0	0
3	151513242	3_151513242_T_C	T	C	5032	4489	5003	4489	0	0	NA	0	0	0	0
3	159006558	3_159006558_C_A	C	A	5167	4327	5130	4327	0	0	NA	0	0	0	0
3	169409210	3_169409210_T_G	T	G	5183	4368	5116	4368	0	0	NA	0	0	0	0
3	170830500	3_170830500_A_T	A	T	3302	2679	3276	2679	0	0	NA	0	0	0	0
3	172023263	3_172023263_T_G	T	G	5297	4468	5239	4468	0	0	NA	0	0	0	0
3	178070332	3_178070332_C_A	C	A	5305	4515	5249	4515	0	0	NA	0	0	0	0
3	179223468	3_179223468_G_T	G	T	5341	4575	5284	4575	0	0	NA	0	0	0	0
3	193924083	3_193924083_C_T	C	T	4780	4016	4722	4016	0	0	NA	0	0	0	0
3	195954429	3_195954429_C_A	C	A	4693	3828	4638	3828	0	0	NA	0	1	0	0
3	196789800	3_196789800_T_C	T	C	4781	4017	4504	4017	0	0	NA	4	0	0	0
4	764430	4_764430_T_C	T	C	4390	3684	4322	3684	0	0	NA	0	0	0	0
4	1952220	4_1952220_G_A	G	A	4600	3925	4546	3925	0	0	NA	1	0	0	0
4	2138011	4_2138011_T_C	T	C	4295	3938	4273	3938	0	0	NA	0	0	0	0
4	7087136	4_7087136_C_T	C	T	5316	4715	5270	4715	0	0	NA	0	0	0	0
4	8710101	4_8710101_A_T	A	T	4833	4102	4787	4102	0	0	NA	0	0	0	0
4	12332773	4_12332773_G_T	G	T	4784	4119	4751	4119	0	0	NA	0	0	0	0
4	12393282	4_12393282_G_T	G	T	5377	4509	5321	4507	0	0	NA	0	0	0	0
4	15876426	4_15876426_A_T	A	T	5057	4173	4991	4173	0	0	NA	0	0	0	0
4	18448644	4_18448644_T_C	T	C	4737	4024	4694	4024	0	0	NA	0	0	0	0
4	18798832	4_18798832_C_A	C	A	5166	4391	5129	4391	0	0	NA	0	0	0	0
4	18951155	4_18951155_A_T	A	T	5143	4607	5045	4607	0	0	NA	0	0	0	0
4	22681672	4_22681672_G_A	G	A	4234	3892	4195	3892	0	0	NA	0	0	0	0
4	25275967	4_25275967_G_T	G	T	5113	4461	5078	4461	0	0	NA	0	0	0	0
4	37433225	4_37433225_A_T	A	T	5092	4445	5065	4445	0	0	NA	0	0	0	0
4	40154500	4_40154500_G_T	G	T	5432	4516	5399	4516	0	0	NA	0	1	0	0
4	41547580	4_41547580_C_T	C	T	5224	4394	5174	4394	0	0	NA	0	0	0	0
4	65131370	4_65131370_A_T	A	T	5105	4395	5069	4395	0	0	NA	0	0	0	0
4	70814766	4_70814766_T_A	T	A	4416	4070	4383	4070	0	0	NA	0	0	0	0
4	82967945	4_82967945_G_A	G	A	5115	4283	5069	4282	1	1	NA	0	1	1	1
4	86751812	4_86751812_C_T	C	T	4668	4162	4628	4162	0	0	NA	0	0	0	0
4	87143486	4_87143486_A_G	A	G	4890	4220	4856	4220	0	0	NA	0	0	0	0
4	92011349	4_92011349_A_G	A	G	4896	4036	4856	4036	0	0	NA	0	0	0	0
4	93477046	4_93477046_C_A	C	A	4585	4141	4539	4141	0	0	NA	0	0	0	0
4	106457667	4_106457667_A_C	A	C	4845	4350	4819	4350	0	0	NA	0	0	0	0
4	106575013	4_106575013_A_G	A	G	5492	4708	5461	4708	0	0	NA	0	0	0	0
4	114460055	4_114460055_C_A	C	A	5261	4280	5193	4280	0	0	NA	0	0	0	0
4	118137117	4_118137117_G_T	G	T	4587	4014	4558	4014	0	0	NA	0	0	0	0
4	123520455	4_123520455_C_A	C	A	4637	4186	4595	4186	0	0	NA	0	0	0	0
4	125753880	4_125753880_T_G	T	G	4711	4353	4693	4353	0	0	NA	0	0	0	0
4	127813027	4_127813027_C_G	C	G	4460	3736	4388	3736	0	0	NA	0	0	0	0
4	138181556	4_138181556_C_T	C	T	5043	3773	4977	3773	0	0	NA	0	0	0	0
4	140877006	4_140877006_T_G	T	G	5082	4194	5028	4194	0	0	NA	0	0	0	0
4	144642585	4_144642585_G_T	G	T	4918	4328	4874	4328	0	0	NA	0	0	0	0
4	145384123	4_145384123_C_A	C	A	4946	4395	4867	4395	0	0	NA	0	0	0	0
4	150753815	4_150753815_G_T	G	T	4894	4426	4856	4426	0	0	NA	0	0	0	0
4	154758078	4_154758078_G_A	G	A	4521	2726	4463	2726	0	0	NA	1	0	0	0
4	163121775	4_163121775_G_T	G	T	5186	4504	5126	4504	0	0	NA	0	0	0	0
4	163151693	4_163151693_A_T	A	T	4921	4430	4872	4430	0	0	NA	0	0	0	0
4	168339652	4_168339652_T_C	T	C	4508	4099	4475	4099	0	0	NA	0	0	0	0
4	169591229	4_169591229_T_C	T	C	4771	4354	4741	4354	0	0	NA	1	0	0	0
4	177576912	4_177576912_T_C	T	C	4734	4288	4701	4288	0	0	NA	0	0	0	0
4	179174196	4_179174196_C_T	C	T	4939	4165	4890	4165	0	0	NA	0	0	0	0
4	182296812	4_182296812_C_G	C	G	5155	4372	5119	4372	0	0	NA	0	0	0	0
4	183744669	4_183744669_C_T	C	T	4014	3360	3976	3360	0	0	NA	0	0	0	0
4	190766263	4_190766263_G_A	G	A	4113	3260	4056	3260	0	0	NA	3	0	0	0
5	5785292	5_5785292_T_A	T	A	4633	4060	4602	4060	0	0	NA	0	0	0	0
5	14181819	5_14181819_C_A	C	A	4719	3931	4659	3931	0	0	NA	0	0	0	0
5	14913317	5_14913317_C_T	C	T	4936	4118	4894	4118	0	0	NA	1	0	0	0
5	19088090	5_19088090_T_C	T	C	4493	4205	4464	4205	0	0	NA	0	0	0	0
5	24684218	5_24684218_A_G	A	G	5110	4221	5075	4221	0	0	NA	0	0	0	0
5	33074304	5_33074304_G_A	G	A	4302	3842	4258	3842	0	0	NA	1	0	0	0
5	34739431	5_34739431_G_A	G	A	4243	3914	4214	3914	0	0	NA	4	0	0	0
5	41283044	5_41283044_C_T	C	T	4477	3936	4407	3936	0	0	NA	0	0	0	0
5	54096410	5_54096410_A_T	A	T	4557	4043	4535	4043	0	0	NA	1	0	0	0
5	68220221	5_68220221_A_G	A	G	4783	4126	4753	4126	0	0	NA	0	0	0	0
5	77093515	5_77093515_C_A	C	A	4587	4213	4545	4213	0	0	NA	0	0	0	0
5	78129586	5_78129586_G_T	G	T	4565	3740	4527	3740	0	0	NA	0	0	0	0
5	82144117	5_82144117_T_A	T	A	4057	3759	4047	3759	0	0	NA	0	0	0	0
5	82551311	5_82551311_C_A	C	A	4963	4428	4919	4428	0	0	NA	0	0	0	0
5	83147651	5_83147651_A_T	A	T	4649	4345	4628	4345	0	0	NA	0	0	0	0
5	89259691	5_89259691_A_G	A	G	5031	4312	4996	4312	0	0	NA	2	0	0	0
5	93516605	5_93516605_C_T	C	T	5044	4226	4995	4226	0	0	NA	0	0	0	0
5	100472243	5_100472243_T_C	T	C	5027	4252	4985	4252	0	0	NA	0	0	0	0
5	105217352	5_105217352_C_A	C	A	5517	4642	5474	4642	0	0	NA	0	0	0	0
5	108602255	5_108602255_G_T	G	T	4677	4175	4643	4175	0	0	NA	1	0	0	0
5	114068006	5_114068006_C_A	C	A	4899	4225	4840	4225	0	0	NA	0	0	0	0
5	115836912	5_115836912_C_T	C	T	4781	4338	4752	4338	0	0	NA	0	0	0	0
5	121774652	5_121774652_G_T	G	T	5340	4483	5294	4483	0	0	NA	0	0	0	0
5	125432542	5_125432542_G_T	G	T	5048	4398	5009	4398	0	0	NA	0	0	0	0
5	125870135	5_125870135_T_A	T	A	4599	4012	4572	4012	0	0	NA	0	0	0	0
5	132679103	5_132679103_T_A	T	A	5029	4221	4997	4221	0	0	NA	0	0	0	0
5	134267096	5_134267096_G_T	G	T	5155	4435	5114	4435	0	0	NA	0	0	0	0
5	145130574	5_145130574_T_A	T	A	5216	4601	5157	4601	0	0	NA	0	0	0	0
5	149939269	5_149939269_G_T	G	T	4880	4147	4835	4147	0	0	NA	0	0	0	0
5	151157630	5_151157630_C_A	C	A	4973	4064	4909	4064	0	0	NA	0	0	0	0
5	151888941	5_151888941_C_A	C	A	4686	4345	4667	4345	0	0	NA	0	0	0	0
5	155057972	5_155057972_C_T	C	T	4750	3995	4716	3995	0	0	NA	0	0	0	0
5	157244676	5_157244676_G_A	G	A	4707	4120	4675	4120	0	0	NA	0	0	0	0
5	158903068	5_158903068_G_A	G	A	5233	4294	5184	4294	0	0	NA	0	0	0	0
5	163022259	5_163022259_T_C	T	C	4818	4028	4770	4028	0	0	NA	0	0	0	0
5	165476925	5_165476925_C_A	C	A	5100	4314	5038	4314	0	0	NA	0	0	0	0
5	170677265	5_170677265_G_A	G	A	5087	4291	5050	4291	0	0	NA	0	0	0	0
5	170964323	5_170964323_C_T	C	T	4754	4082	4687	4082	0	0	NA	2	0	0	0
5	173268480	5_173268480_T_A	T	A	4982	4188	4943	4188	0	0	NA	0	0	0	0
5	177719946	5_177719946_T_A	T	A	4457	3273	4428	3273	0	0	NA	0	0	0	0
6	5877474	6_5877474_A_T	A	T	4865	4243	4821	4243	0	0	NA	0	0	0	0
6	6086245	6_6086245_A_C	A	C	4860	4064	4815	4064	0	0	NA	0	0	0	0
6	6321998	6_6321998_G_T	G	T	4270	3668	4222	3668	0	0	NA	1	0	0	0
6	12441504	6_12441504_G_T	G	T	5256	4416	5220	4416	0	0	NA	0	0	0	0
6	18907309	6_18907309_A_T	A	T	5512	4499	5463	4499	0	0	NA	0	0	0	0
6	27969454	6_27969454_C_T	C	T	4737	3880	4668	3880	0	0	NA	2	0	0	0
6	35324983	6_35324983_T_C	T	C	4949	4089	4904	4089	0	0	NA	0	0	0	0
6	35544660	6_35544660_G_A	G	A	4546	3805	4498	3805	0	0	NA	3	1	1	1
6	37181124	6_37181124_G_A	G	A	5135	4307	5096	4307	0	0	NA	2	0	0	0
6	39867150	6_39867150_C_A	C	A	5064	4294	5027	4294	0	0	NA	0	0	0	0
6	40618113	6_40618113_A_C	A	C	4712	2467	4708	2467	0	0	NA	0	0	0	0
6	45158461	6_45158461_C_A	C	A	4666	4053	4614	4053	0	0	NA	0	0	0	0
6	48357318	6_48357318_T_G	T	G	3850	2944	3828	2944	0	0	NA	0	0	0	0
6	51271189	6_51271189_G_T	G	T	5182	4338	5146	4338	0	0	NA	0	0	0	0
6	51864368	6_51864368_C_G	C	G	4764	4143	4719	4143	0	0	NA	0	0	0	0
6	56009737	6_56009737_C_G	C	G	4846	4249	4813	4249	0	0	NA	0	0	0	0
6	64014575	6_64014575_C_A	C	A	5108	4707	5061	4707	0	0	NA	0	0	0	0
6	65831170	6_65831170_C_G	C	G	4801	4257	4752	4257	0	0	NA	0	0	0	0
6	66202470	6_66202470_G_A	G	A	5253	4448	5205	4448	0	0	NA	1	1	1	1
6	66244844	6_66244844_G_A	G	A	5245	4383	5163	4383	0	0	NA	7	0	0	0
6	69536609	6_69536609_T_A	T	A	5284	4517	5230	4517	0	0	NA	0	0	0	0
6	69563339	6_69563339_G_A	G	A	5045	4260	4993	4260	0	0	NA	0	0	0	0
6	70047536	6_70047536_A_G	A	G	5222	4459	5204	4459	0	0	NA	0	0	0	0
6	70076063	6_70076063_A_T	A	T	4653	4161	4623	4161	0	0	NA	0	0	0	0
6	73173129	6_73173129_C_T	C	T	5027	4167	4967	4167	0	0	NA	0	0	0	0
6	73313708	6_73313708_A_T	A	T	5365	4536	5327	4536	0	0	NA	0	0	0	0
6	74239170	6_74239170_C_A	C	A	4983	4298	4923	4298	0	0	NA	0	0	0	0
6	77060829	6_77060829_C_A	C	A	5235	4488	5167	4488	0	0	NA	0	0	0	0
6	79369069	6_79369069_A_C	A	C	5189	4345	5151	4345	0	0	NA	0	0	0	0
6	85715582	6_85715582_A_C	A	C	5093	4426	4980	4426	0	0	NA	0	0	0	0
6	92858125	6_92858125_A_T	A	T	5116	4509	5090	4509	0	0	NA	0	0	0	0
6	96131449	6_96131449_A_G	A	G	4522	2755	4498	2755	0	0	NA	0	1	0	0
6	97708443	6_97708443_T_C	T	C	5228	4462	5203	4462	0	0	NA	0	0	0	0
6	99008899	6_99008899_T_A	T	A	2973	2236	2950	2236	0	0	NA	0	0	0	0
6	100579749	6_100579749_T_C	T	C	5091	4345	5069	4345	0	0	NA	0	0	0	0
6	103299296	6_103299296_C_T	C	T	4871	4176	4827	4176	0	0	NA	0	0	0	0
6	104215751	6_104215751_A_T	A	T	4628	4200	4593	4200	0	0	NA	0	0	0	0
6	107877382	6_107877382_T_G	T	G	5247	4407	5192	4407	0	0	NA	0	0	0	0
6	110252038	6_110252038_G_A	G	A	4755	4066	4700	4066	0	0	NA	0	0	0	0
6	110259286	6_110259286_T_A	T	A	4714	4111	4684	4111	0	0	NA	0	0	0	0
6	124265346	6_124265346_A_T	A	T	5398	4424	5365	4424	0	0	NA	0	0	0	0
6	128547613	6_128547613_A_T	A	T	4623	4123	4561	4123	0	0	NA	0	0	0	0
6	128998861	6_128998861_G_C	G	C	4896	4129	4833	4120	10	9	NA	0	13	12	12
6	131290473	6_131290473_C_T	C	T	4874	4096	4812	4096	0	0	NA	2	0	0	0
6	132945574	6_132945574_T_C	T	C	5125	4327	5093	4327	0	0	NA	0	0	0	0
6	143367434	6_143367434_C_G	C	G	3858	3509	3796	3509	0	0	NA	0	0	0	0
6	150674002	6_150674002_C_G	C	G	4532	3577	4490	3577	0	0	NA	0	0	0	0
6	150756580	6_150756580_C_A	C	A	4144	3663	4098	3663	0	0	NA	1	0	0	0
6	151613647	6_151613647_C_T	C	T	5094	4362	5055	4362	0	0	NA	0	0	0	0
6	152804952	6_152804952_C_A	C	A	4433	3751	4393	3751	0	0	NA	0	0	0	0
6	154869195	6_154869195_C_T	C	T	4347	3777	4302	3777	0	0	NA	0	0	0	0
6	160678565	6_160678565_G_A	G	A	4936	4260	4892	4260	0	0	NA	1	0	0	0
6	162175055	6_162175055_A_G	A	G	4728	3957	4680	3957	0	0	NA	1	0	0	0
6	169313213	6_169313213_A_C	A	C	4508	1205	4468	1205	0	0	NA	0	0	0	0
7	1766943	7_1766943_A_C	A	C	4369	3993	4332	3993	0	0	NA	0	0	0	0
7	3697020	7_3697020_G_A	G	A	4923	4097	4871	4097	0	0	NA	1	0	0	0
7	8633796	7_8633796_C_A	C	A	4628	3915	4590	3915	0	0	NA	0	0	0	0
7	14411578	7_14411578_G_C	G	C	4647	4078	4611	4078	0	0	NA	0	0	0	0
7	15472312	7_15472312_T_G	T	G	4911	4465	4890	4465	0	0	NA	0	0	0	0
7	15689293	7_15689293_T_A	T	A	5085	4259	5043	4259	0	0	NA	0	0	0	0
7	18792485	7_18792485_T_A	T	A	5028	4395	5003	4395	0	0	NA	0	0	0	0
7	35348822	7_35348822_C_A	C	A	4659	3921	4605	3921	0	0	NA	0	0	0	0
7	36143331	7_36143331_T_A	T	A	4686	4237	4651	4237	0	0	NA	0	0	0	0
7	40600877	7_40600877_G_T	G	T	5081	4336	5018	4336	0	0	NA	0	0	0	0
7	42489937	7_42489937_A_G	A	G	4483	4090	4456	4090	0	0	NA	1	0	0	0
7	49037456	7_49037456_C_T	C	T	4878	4427	4843	4427	0	0	NA	0	0	0	0
7	50502919	7_50502919_C_A	C	A	4836	4431	4792	4431	0	0	NA	1	0	0	0
7	51297243	7_51297243_A_C	A	C	4875	4117	4846	4117	0	0	NA	0	0	0	0
7	51433309	7_51433309_G_C	G	C	5402	4642	5366	4642	0	0	NA	0	0	0	0
7	71570557	7_71570557_T_A	T	A	4159	3637	4119	3637	0	0	NA	1	0	0	0
7	79587768	7_79587768_G_C	G	C	5106	4451	5040	4451	0	0	NA	0	0	0	0
7	80150489	7_80150489_A_G	A	G	5401	4354	2697	2226	2653	2128	NA	1	4014	3281	3281
7	84578202	7_84578202_A_G	A	G	5210	4405	5173	4405	0	0	NA	0	0	0	0
7	91240513	7_91240513_G_T	G	T	4866	4320	4826	4320	0	0	NA	0	0	0	0
7	94298441	7_94298441_A_T	A	T	5122	4539	5090	4539	0	0	NA	0	0	0	0
7	97105012	7_97105012_A_C	A	C	4919	4471	4881	4471	0	0	NA	0	0	0	0
7	98874881	7_98874881_C_T	C	T	5021	4156	4961	4156	0	0	NA	2	1	1	1
7	101249150	7_101249150_A_T	A	T	4715	3925	4672	3925	0	0	NA	0	0	0	0
7	103209181	7_103209181_T_C	T	C	4869	4315	4835	4315	0	0	NA	0	0	0	0
7	104244310	7_104244310_C_T	C	T	5025	4384	4959	4384	0	0	NA	0	0	0	0
7	106794394	7_106794394_A_C	A	C	4779	4422	4736	4422	0	0	NA	1	0	0	0
7	110820473	7_110820473_A_C	A	C	5408	4608	5364	4608	0	0	NA	0	0	0	0
7	127947847	7_127947847_T_A	T	A	4770	4049	4728	4049	0	0	NA	0	0	0	0
7	130397463	7_130397463_G_T	G	T	5035	4238	4991	4238	0	0	NA	0	0	0	0
7	131334483	7_131334483_G_T	G	T	4805	4121	4753	4121	0	0	NA	0	0	0	0
7	133657566	7_133657566_G_T	G	T	5084	4408	5052	4408	0	0	NA	0	0	0	0
7	137211279	7_137211279_A_G	A	G	4966	4308	4940	4308	0	0	NA	0	0	0	0
7	141727928	7_141727928_A_G	A	G	4867	4089	4816	4089	0	0	NA	1	0	0	0
7	151536829	7_151536829_T_C	T	C	4677	4042	4635	4042	0	0	NA	0	0	0	0
7	154892808	7_154892808_G_T	G	T	5315	4488	5274	4488	0	0	NA	0	0	0	0
7	157532579	7_157532579_G_A	G	A	5312	4487	5229	4487	0	0	NA	4	0	0	0
8	2755004	8_2755004_C_A	C	A	4889	4242	4844	4242	0	0	NA	1	0	0	0
8	4060291	8_4060291_T_G	T	G	4352	3928	4308	3928	0	0	NA	0	0	0	0
8	9201456	8_9201456_T_G	T	G	5068	4374	5031	4374	0	0	NA	0	0	0	0
8	15158943	8_15158943_C_A	C	A	4815	3992	4772	3992	0	0	NA	0	0	0	0
8	22076167	8_22076167_G_A	G	A	5004	4222	4958	4222	0	0	NA	2	0	0	0
8	27971300	8_27971300_C_A	C	A	4961	4166	4916	4166	0	0	NA	1	0	0	0
8	28444608	8_28444608_T_C	T	C	5324	4301	5273	4301	0	0	NA	0	0	0	0
8	35400169	8_35400169_T_C	T	C	5420	4595	5383	4595	0	0	NA	0	0	0	0
8	40999743	8_40999743_A_G	A	G	4971	4096	4935	4096	0	0	NA	0	0	0	0
8	47000429	8_47000429_G_C	G	C	4626	4021	4595	4019	2	2	NA	0	3	3	3
8	49634500	8_49634500_T_A	T	A	4888	4084	4849	4084	0	0	NA	0	0	0	0
8	50164731	8_50164731_C_A	C	A	5365	4574	5308	4574	0	0	NA	0	0	0	0
8	50981179	8_50981179_T_A	T	A	4939	4117	4912	4117	0	0	NA	0	0	0	0
8	51176371	8_51176371_C_T	C	T	5010	4230	4980	4230	0	0	NA	0	1	1	1
8	51640095	8_51640095_A_T	A	T	5153	4338	5111	4338	0	0	NA	0	0	0	0
8	65032607	8_65032607_G_T	G	T	5040	4246	4974	4246	0	0	NA	1	0	0	0
8	70143917	8_70143917_C_T	C	T	4956	4198	4895	4198	0	0	NA	0	0	0	0
8	76490950	8_76490950_G_A	G	A	5003	4243	4951	4243	0	0	NA	0	0	0	0
8	91111600	8_91111600_G_C	G	C	4205	3729	4164	3729	0	0	NA	0	0	0	0
8	93331556	8_93331556_C_T	C	T	4652	3854	4607	3854	0	0	NA	0	0	0	0
8	96494453	8_96494453_T_G	T	G	4304	3976	4275	3976	0	0	NA	0	0	0	0
8	99784897	8_99784897_C_A	C	A	4372	3607	4314	3607	0	0	NA	0	0	0	0
8	100481712	8_100481712_T_A	T	A	4620	4235	4607	4235	0	0	NA	0	0	0	0
8	102998950	8_102998950_A_T	A	T	4470	3887	4435	3887	0	0	NA	0	0	0	0
8	111538617	8_111538617_A_T	A	T	4403	3985	4374	3985	0	0	NA	0	0	0	0
8	117281310	8_117281310_C_G	C	G	5057	4294	5006	4294	0	0	NA	0	0	0	0
8	134092131	8_134092131_C_T	C	T	3968	3147	3936	3147	0	0	NA	0	0	0	0
8	136118331	8_136118331_T_G	T	G	4878	4098	4858	4098	0	0	NA	0	0	0	0
8	137748490	8_137748490_G_T	G	T	5245	4535	5208	4535	0	0	NA	0	0	0	0
8	138044964	8_138044964_G_C	G	C	4620	4194	4587	4193	1	1	NA	0	1	1	1
8	138245917	8_138245917_T_C	T	C	5144	4263	5110	4263	0	0	NA	0	0	0	0
8	139140923	8_139140923_G_T	G	T	4588	4013	4536	4013	0	0	NA	0	0	0	0
8	140444252	8_140444252_T_G	T	G	5296	4395	5241	4395	0	0	NA	0	0	0	0
9	12622886	9_12622886_C_G	C	G	4637	3710	4572	3710	0	0	NA	0	0	0	0
9	16509911	9_16509911_T_G	T	G	5184	4451	5112	4451	0	0	NA	0	0	0	0
9	73018818	9_73018818_G_T	G	T	4694	4104	4654	4104	0	0	NA	0	0	0	0
9	82644356	9_82644356_C_A	C	A	4681	4227	4641	4227	0	0	NA	0	0	0	0
9	92968195	9_92968195_C_A	C	A	2998	2335	2955	2335	0	0	NA	0	0	0	0
9	99282291	9_99282291_A_T	A	T	4228	3756	4208	3756	0	0	NA	0	0	0	0
9	102897537	9_102897537_C_G	C	G	4577	4251	4544	4251	0	0	NA	0	0	0	0
9	105111103	9_105111103_C_A	C	A	5119	4421	5063	4421	0	0	NA	0	0	0	0
9	109991471	9_109991471_C_G	C	G	4739	3997	4661	3997	0	0	NA	0	0	0	0
9	116005122	9_116005122_C_G	C	G	4886	4248	4834	4248	0	0	NA	0	0	0	0
9	128069907	9_128069907_T_G	T	G	4987	4210	4958	4210	0	0	NA	0	0	0	0
9	128793433	9_128793433_A_C	A	C	4696	3770	4575	3770	0	0	NA	0	0	0	0
9	129047031	9_129047031_T_A	T	A	5212	4403	5178	4403	0	0	NA	0	0	0	0
10	3050036	10_3050036_C_T	C	T	5278	4419	5272	4419	0	0	NA	0	0	0	0
10	5316326	10_5316326_G_A	G	A	5162	4547	5118	4547	0	0	NA	1	0	0	0
10	8321918	10_8321918_T_A	T	A	3935	2551	3882	2551	0	0	NA	0	0	0	0
10	8540847	10_8540847_A_C	A	C	4838	4090	4804	4090	0	0	NA	0	0	0	0
10	11459227	10_11459227_T_A	T	A	5056	4111	5004	4111	0	0	NA	0	0	0	0
10	24422977	10_24422977_G_A	G	A	5133	4308	5097	4308	0	0	NA	0	0	0	0
10	25892894	10_25892894_G_A	G	A	4663	4036	4618	4036	0	0	NA	0	0	0	0
10	26372290	10_26372290_T_A	T	A	4572	4047	4544	4047	0	0	NA	0	0	0	0
10	27929245	10_27929245_G_A	G	A	4856	4171	4829	4171	0	0	NA	0	0	0	0
10	29178479	10_29178479_T_A	T	A	4291	4024	4260	4024	0	0	NA	0	0	0	0
10	34756350	10_34756350_C_G	C	G	4053	3360	4016	3360	0	0	NA	0	0	0	0
10	49952694	10_49952694_G_A	G	A	4872	4174	4831	4174	0	0	NA	0	0	0	0
10	60547048	10_60547048_G_A	G	A	4522	3656	4466	3656	0	0	NA	0	0	0	0
10	62841480	10_62841480_C_A	C	A	4764	4007	4724	4007	0	0	NA	0	0	0	0
10	64059570	10_64059570_C_T	C	T	4916	4178	4864	4178	0	0	NA	0	0	0	0
10	67703556	10_67703556_T_A	T	A	5073	4526	5026	4526	0	0	NA	0	0	0	0
10	79265032	10_79265032_G_T	G	T	5015	4214	4984	4214	0	0	NA	0	0	0	0
10	80615321	10_80615321_C_A	C	A	4988	4108	4909	4108	0	0	NA	0	0	0	0
10	80788044	10_80788044_T_G	T	G	5002	4088	4942	4088	0	0	NA	0	0	0	0
10	93467553	10_93467553_A_T	A	T	4836	4611	4817	4611	0	0	NA	1	0	0	0
10	93852857	10_93852857_A_G	A	G	4277	3940	4255	3940	0	0	NA	0	1	1	1
10	94245272	10_94245272_C_A	C	A	4874	4100	4828	4100	0	0	NA	0	0	0	0
10	95397542	10_95397542_G_C	G	C	4832	4453	4790	4453	0	0	NA	1	0	0	0
10	109613347	10_109613347_T_C	T	C	5253	4395	5215	4395	0	0	NA	1	0	0	0
10	113541510	10_113541510_C_T	C	T	5126	4405	5073	4405	0	0	NA	0	0	0	0
10	127140394	10_127140394_C_T	C	T	4777	4182	4740	4182	0	0	NA	1	0	0	0
11	618540	11_618540_G_T	G	T	4670	3935	4613	3935	0	0	NA	0	0	0	0
11	8538166	11_8538166_G_T	G	T	4999	4192	4957	4192	0	0	NA	0	0	0	0
11	9004161	11_9004161_A_T	A	T	4936	4227	4912	4227	0	0	NA	0	0	0	0
11	13989606	11_13989606_G_C	G	C	5672	4723	5620	4723	0	0	NA	0	0	0	0
11	15732660	11_15732660_G_A	G	A	5372	4595	5324	4595	0	0	NA	0	0	0	0
11	20121757	11_20121757_C_A	C	A	4875	4324	4838	4324	0	0	NA	0	0	0	0
11	21270356	11_21270356_G_A	G	A	5421	4675	5388	4675	1	0	NA	0	1	0	0
11	21468314	11_21468314_T_A	T	A	5330	4503	5294	4503	0	0	NA	0	0	0	0
11	25852432	11_25852432_C_G	C	G	4942	4329	4888	4329	0	0	NA	0	0	0	0
11	40720380	11_40720380_C_A	C	A	5099	4242	5039	4242	0	0	NA	0	0	0	0
11	43214756	11_43214756_A_C	A	C	4959	4272	4903	4272	0	0	NA	0	0	0	0
11	74852160	11_74852160_T_G	T	G	4834	3876	4786	3876	0	0	NA	0	0	0	0
11	75788971	11_75788971_C_G	C	G	4673	4156	4626	4156	0	0	NA	0	0	0	0
11	83654686	11_83654686_C_T	C	T	4782	4379	4740	4379	0	0	NA	0	0	0	0
11	88272369	11_88272369_G_C	G	C	5036	4380	4998	4380	0	0	NA	0	0	0	0
11	92213093	11_92213093_G_A	G	A	5119	4258	5090	4258	0	0	NA	0	0	0	0
11	97098853	11_97098853_G_C	G	C	4840	4112	4805	4112	0	0	NA	0	0	0	0
11	100108139	11_100108139_A_T	A	T	4751	4199	4719	4199	0	0	NA	0	0	0	0
11	102388337	11_102388337_G_T	G	T	4764	4385	4727	4385	0	0	NA	0	0	0	0
11	104617443	11_104617443_G_T	G	T	5210	4394	5177	4394	0	0	NA	0	0	0	0
11	113709182	11_113709182_A_T	A	T	5409	4530	5288	4530	0	0	NA	0	0	0	0
11	115498913	11_115498913_A_T	A	T	5441	4516	5387	4516	0	0	NA	0	0	0	0
11	120512385	11_120512385_G_T	G	T	5361	4528	5319	4528	0	0	NA	0	0	0	0
11	125126580	11_125126580_C_A	C	A	4918	4090	4878	4090	0	0	NA	0	0	0	0
11	129789468	11_129789468_G_T	G	T	5188	4461	5146	4461	0	0	NA	0	0	0	0
11	130617763	11_130617763_G_A	G	A	5072	4631	4996	4631	0	0	NA	0	0	0	0
12	1650140	12_1650140_G_C	G	C	5117	4289	5056	4289	0	0	NA	0	0	0	0
12	2460510	12_2460510_G_T	G	T	5070	4348	5042	4347	1	1	NA	0	1	1	1
12	2631361	12_2631361_C_A	C	A	4992	4243	4938	4243	0	0	NA	0	0	0	0
12	3159249	12_3159249_C_T	C	T	5297	4356	5258	4356	0	0	NA	0	0	0	0
12	4099713	12_4099713_G_A	G	A	4726	3967	4697	3967	0	0	NA	0	0	0	0
12	7166223	12_7166223_T_G	T	G	5412	4708	5385	4708	0	0	NA	0	0	0	0
12	17292099	12_17292099_A_T	A	T	5448	4654	5415	4654	0	0	NA	0	0	0	0
12	24683238	12_24683238_C_A	C	A	5368	4638	5326	4638	0	0	NA	0	0	0	0
12	26588519	12_26588519_G_T	G	T	5127	4571	5088	4571	0	0	NA	0	0	0	0
12	29160643	12_29160643_G_A	G	A	4689	4284	4653	4284	0	0	NA	0	0	0	0
12	43162254	12_43162254_T_A	T	A	5316	4467	5283	4467	0	0	NA	0	0	0	0
12	47668441	12_47668441_T_G	T	G	5250	4615	5223	4615	0	0	NA	0	0	0	0
12	49272655	12_49272655_G_C	G	C	5374	4559	5324	4559	0	0	NA	0	0	0	0
12	62004232	12_62004232_A_G	A	G	4966	4272	4930	4272	0	0	NA	0	0	0	0
12	65997895	12_65997895_C_G	C	G	5156	4261	5100	4261	0	0	NA	0	0	0	0
12	68946198	12_68946198_G_A	G	A	4337	3443	4278	3443	0	0	NA	2	0	0	0
12	75121787	12_75121787_T_G	T	G	5943	5210	5909	5210	0	0	NA	0	0	0	0
12	82040114	12_82040114_C_T	C	T	5300	4395	5238	4395	0	0	NA	0	0	0	0
12	82672732	12_82672732_C_A	C	A	4793	4012	4729	4012	0	0	NA	0	0	0	0
12	83540296	12_83540296_G_T	G	T	5350	4799	5235	4728	77	71	NA	1	121	112	112
12	87907687	12_87907687_G_T	G	T	4709	4241	4642	4241	0	0	NA	1	0	0	0
12	92479370	12_92479370_G_T	G	T	4947	4155	4888	4155	0	0	NA	0	0	0	0
12	96357939	12_96357939_C_T	C	T	4811	3854	4770	3854	0	0	NA	1	1	1	1
12	97531304	12_97531304_T_C	T	C	5429	4605	5397	4605	0	0	NA	0	0	0	0
12	101176025	12_101176025_C_A	C	A	5915	5003	5873	5003	0	0	NA	0	0	0	0
12	113510858	12_113510858_T_G	T	G	4883	3899	4828	3899	0	0	NA	0	0	0	0
12	116732019	12_116732019_A_G	A	G	5001	4297	4956	4297	0	0	NA	0	0	0	0
12	123593703	12_123593703_G_T	G	T	4995	4242	4940	4242	0	0	NA	0	0	0	0
12	130304948	12_130304948_G_T	G	T	5126	4266	5064	4266	0	0	NA	0	0	0	0
12	130581464	12_130581464_C_A	C	A	4450	4065	4413	4065	0	0	NA	0	0	0	0
13	26298352	13_26298352_A_T	A	T	5215	4282	5195	4282	0	0	NA	0	0	0	0
13	28313597	13_28313597_C_T	C	T	5183	4499	5135	4499	0	0	NA	0	0	0	0
13	29690186	13_29690186_T_C	T	C	5266	4284	5217	4284	0	0	NA	0	0	0	0
13	35338377	13_35338377_G_A	G	A	5580	4663	5544	4663	0	0	NA	0	0	0	0
13	37557334	13_37557334_C_T	C	T	5173	4391	5088	4391	0	0	NA	1	0	0	0
13	43227675	13_43227675_A_G	A	G	5185	4491	5147	4491	0	0	NA	0	0	0	0
13	44692191	13_44692191_G_T	G	T	5416	4662	5370	4662	0	0	NA	0	0	0	0
13	45391723	13_45391723_C_T	C	T	5149	4396	5113	4396	0	0	NA	1	0	0	0
13	50046640	13_50046640_C_A	C	A	5067	4314	5029	4314	0	0	NA	0	0	0	0
13	57969791	13_57969791_T_C	T	C	5294	4580	5250	4580	0	0	NA	0	0	0	0
13	59027743	13_59027743_T_G	T	G	4984	4252	4950	4252	0	0	NA	0	0	0	0
13	67668663	13_67668663_C_A	C	A	4955	4397	4904	4397	0	0	NA	0	0	0	0
13	68586887	13_68586887_T_A	T	A	5453	4782	5421	4782	0	0	NA	0	0	0	0
13	68717401	13_68717401_G_T	G	T	5631	4760	5603	4760	0	0	NA	0	0	0	0
13	73082512	13_73082512_G_C	G	C	5543	4703	5503	4703	0	0	NA	0	0	0	0
13	76762060	13_76762060_C_A	C	A	5104	4247	5033	4247	0	0	NA	0	0	0	0
13	76785838	13_76785838_C_A	C	A	5379	4431	5331	4431	0	0	NA	0	0	0	0
13	80164069	13_80164069_C_T	C	T	5182	4444	5143	4444	0	0	NA	1	0	0	0
13	85310461	13_85310461_G_T	G	T	5102	4234	5024	4234	0	0	NA	1	0	0	0
13	86265900	13_86265900_A_G	A	G	5208	4502	5168	4502	0	0	NA	0	0	0	0
13	88934705	13_88934705_C_G	C	G	5128	4402	5067	4402	0	0	NA	0	0	0	0
13	95579532	13_95579532_A_G	A	G	4974	4536	4929	4536	0	0	NA	0	0	0	0
13	95639628	13_95639628_G_T	G	T	4959	4013	4907	4013	0	0	NA	0	0	0	0
13	110192882	13_110192882_C_T	C	T	5090	4241	5030	4241	0	0	NA	0	0	0	0
14	23861017	14_23861017_T_G	T	G	5238	4330	5196	4330	0	0	NA	0	0	0	0
14	26572638	14_26572638_C_T	C	T	5498	4740	5455	4740	0	0	NA	0	0	0	0
14	30337282	14_30337282_C_A	C	A	5021	4278	4974	4278	0	0	NA	0	0	0	0
14	57618814	14_57618814_C_A	C	A	5749	4988	5708	4988	0	0	NA	0	0	0	0
14	64486409	14_64486409_G_A	G	A	5332	4205	5285	4205	0	0	NA	3	1	0	0
14	66998928	14_66998928_C_A	C	A	4938	4288	4908	4288	0	0	NA	0	0	0	0
14	72637698	14_72637698_T_A	T	A	5178	4643	5125	4624	22	19	NA	0	41	34	34
14	72927327	14_72927327_A_T	A	T	5438	4602	5395	4602	0	0	NA	0	0	0	0
14	77425788	14_77425788_T_C	T	C	5200	4452	5175	4452	0	0	NA	1	0	0	0
14	77742860	14_77742860_C_A	C	A	5336	4584	5293	4584	0	0	NA	0	0	0	0
14	78299438	14_78299438_A_C	A	C	5142	4312	5113	4312	0	0	NA	0	0	0	0
14	82846963	14_82846963_C_A	C	A	4861	4110	4821	4110	0	0	NA	0	0	0	0
14	83004349	14_83004349_T_G	T	G	5616	4805	5561	4805	0	0	NA	0	0	0	0
14	93915017	14_93915017_G_T	G	T	5278	4474	5240	4474	0	0	NA	0	0	0	0
14	94603428	14_94603428_G_A	G	A	4729	4005	4688	4005	0	0	NA	1	0	0	0
14	96523493	14_96523493_A_G	A	G	5296	4462	5251	4462	0	0	NA	0	1	0	0
15	26157469	15_26157469_G_T	G	T	5488	4648	5404	4648	0	0	NA	0	0	0	0
15	26870336	15_26870336_T_C	T	C	4813	3935	4779	3935	0	0	NA	0	0	0	0
15	28411599	15_28411599_T_C	T	C	5096	4576	5063	4576	0	0	NA	0	0	0	0
15	33490647	15_33490647_G_T	G	T	5453	4778	5423	4778	0	0	NA	0	0	0	0
15	38406737	15_38406737_T_G	T	G	5318	4490	5288	4490	0	0	NA	0	0	0	0
15	40700320	15_40700320_A_T	A	T	5537	4800	5500	4800	0	0	NA	0	0	0	0
15	51663817	15_51663817_G_A	G	A	5146	4358	5109	4358	0	0	NA	0	0	0	0
15	54163113	15_54163113_C_A	C	A	5241	4473	5204	4473	0	0	NA	0	0	0	0
15	58756698	15_58756698_T_G	T	G	4631	4181	4597	4181	0	0	NA	0	0	0	0
15	60938202	15_60938202_C_T	C	T	5112	4236	5074	4236	0	0	NA	0	0	0	0
15	63465563	15_63465563_G_T	G	T	5186	4415	5146	4415	0	0	NA	0	0	0	0
15	64553170	15_64553170_A_C	A	C	5265	4344	5167	4344	0	0	NA	0	0	0	0
15	65056652	15_65056652_C_A	C	A	4926	4042	4905	4042	0	0	NA	0	0	0	0
15	67709671	15_67709671_T_G	T	G	5265	4550	5236	4550	0	0	NA	1	0	0	0
15	76463987	15_76463987_G_T	G	T	5114	4304	5088	4304	0	0	NA	0	0	0	0
15	84695227	15_84695227_A_G	A	G	5619	4751	5597	4751	0	0	NA	0	0	0	0
15	85947498	15_85947498_A_C	A	C	5434	4540	5392	4540	0	0	NA	0	0	0	0
15	88815883	15_88815883_G_T	G	T	4952	4244	4907	4244	0	0	NA	0	0	0	0
15	92902993	15_92902993_G_A	G	A	4638	3896	4591	3896	0	0	NA	0	0	0	0
16	4616535	16_4616535_T_A	T	A	4601	4192	4575	4192	0	0	NA	0	0	0	0
16	7225301	16_7225301_T_A	T	A	5370	4468	5346	4468	0	0	NA	0	0	0	0
16	7921451	16_7921451_T_C	T	C	4363	3749	4312	3749	0	0	NA	0	0	0	0
16	8761924	16_8761924_T_C	T	C	5457	4600	5419	4600	0	0	NA	0	0	0	0
16	12675819	16_12675819_T_C	T	C	5126	4218	5094	4218	0	0	NA	0	0	0	0
16	15912098	16_15912098_T_A	T	A	5180	4335	5142	4335	0	0	NA	0	0	0	0
16	28071235	16_28071235_A_C	A	C	4866	4142	4823	4142	0	0	NA	0	0	0	0
16	35166123	16_35166123_T_A	T	A	5278	4490	5249	4490	0	0	NA	0	0	0	0
16	46958677	16_46958677_A_C	A	C	4903	4089	4861	4089	0	0	NA	0	0	0	0
16	48684885	16_48684885_G_A	G	A	5455	4692	5386	4692	0	0	NA	2	0	0	0
16	49643958	16_49643958_G_T	G	T	4996	4137	4932	4137	0	0	NA	2	0	0	0
16	60782488	16_60782488_C_T	C	T	5002	4277	4930	4277	0	0	NA	0	0	0	0
16	61974800	16_61974800_C_T	C	T	5362	4556	5307	4556	0	0	NA	0	0	0	0
16	62753092	16_62753092_A_G	A	G	5466	4709	5407	4709	0	0	NA	0	0	0	0
16	65672450	16_65672450_T_A	T	A	5283	4442	5232	4442	0	0	NA	0	1	0	0
16	66408925	16_66408925_C_A	C	A	4248	3408	4204	3408	0	0	NA	0	0	0	0
16	66938497	16_66938497_C_T	C	T	4900	4006	4825	4006	0	0	NA	0	0	0	0
16	71424066	16_71424066_G_C	G	C	4907	4016	4868	4016	0	0	NA	0	0	0	0
16	77426916	16_77426916_G_A	G	A	4904	3983	4864	3983	0	0	NA	1	0	0	0
16	87596761	16_87596761_C_G	C	G	4979	4138	4927	4138	0	0	NA	0	0	0	0
17	8038411	17_8038411_C_T	C	T	4275	3828	4239	3828	0	0	NA	0	0	0	0
17	10263519	17_10263519_G_C	G	C	5051	4143	5015	4143	0	0	NA	0	0	0	0
17	27876413	17_27876413_A_T	A	T	5093	4290	5064	4290	0	0	NA	0	0	0	0
17	31015317	17_31015317_T_A	T	A	5152	4144	5111	4144	0	0	NA	0	0	0	0
17	41784795	17_41784795_A_T	A	T	4982	4273	4952	4273	0	0	NA	0	0	0	0
17	44925744	17_44925744_C_G	C	G	5219	4309	5180	4309	0	0	NA	0	0	0	0
17	47940509	17_47940509_G_T	G	T	4659	3839	4598	3839	0	0	NA	0	0	0	0
17	52262191	17_52262191_C_T	C	T	5172	4441	5101	4441	0	0	NA	0	0	0	0
17	53224320	17_53224320_T_A	T	A	5662	4826	5629	4826	0	0	NA	0	0	0	0
17	56467447	17_56467447_T_A	T	A	5197	4159	5109	4159	0	0	NA	0	0	0	0
17	58505711	17_58505711_A_G	A	G	5058	4166	5012	4166	0	0	NA	0	0	0	0
17	62601723	17_62601723_A_T	A	T	3562	3079	3528	3079	0	0	NA	0	0	0	0
17	73015793	17_73015793_A_T	A	T	5368	4483	5333	4483	0	0	NA	0	0	0	0
17	73058133	17_73058133_G_A	G	A	5156	4314	5115	4314	0	0	NA	0	1	0	0
17	75785961	17_75785961_G_T	G	T	5181	4175	5115	4175	0	0	NA	0	0	0	0
17	80993444	17_80993444_A_C	A	C	4506	3758	4482	3758	0	0	NA	0	0	0	0
18	6258261	18_6258261_C_A	C	A	5481	4616	5442	4616	0	0	NA	0	0	0	0
18	10315050	18_10315050_A_T	A	T	3739	2889	3718	2889	0	0	NA	0	0	0	0
18	19283424	18_19283424_C_G	C	G	4791	4032	4762	4032	0	0	NA	0	0	0	0
18	23666270	18_23666270_A_C	A	C	5375	4658	5352	4657	1	1	NA	0	1	1	1
18	27545397	18_27545397_A_C	A	C	4792	4436	4769	4436	0	0	NA	0	0	0	0
18	27942344	18_27942344_C_A	C	A	5340	4494	5305	4494	0	0	NA	0	0	0	0
18	30326519	18_30326519_G_A	G	A	4755	4245	4701	4245	0	0	NA	0	0	0	0
18	30642686	18_30642686_T_G	T	G	5341	4571	5294	4571	0	0	NA	0	0	0	0
18	35104482	18_35104482_G_A	G	A	4960	4173	4905	4173	0	0	NA	0	0	0	0
18	39991943	18_39991943_T_C	T	C	5255	4385	5217	4385	0	0	NA	0	0	0	0
18	40847603	18_40847603_T_A	T	A	5592	4757	5557	4757	0	0	NA	0	0	0	0
18	44849649	18_44849649_G_A	G	A	5173	4329	5132	4329	0	0	NA	0	1	1	1
18	52250150	18_52250150_G_A	G	A	5161	4461	5119	4461	0	0	NA	0	2	2	2
18	68331888	18_68331888_T_G	T	G	5168	4630	5129	4630	0	0	NA	0	1	0	0
18	70539853	18_70539853_C_A	C	A	5006	4195	4927	4195	0	0	NA	0	0	0	0
18	72981218	18_72981218_C_A	C	A	5497	4736	5470	4736	0	0	NA	0	0	0	0
18	74295957	18_74295957_G_T	G	T	5106	4294	5053	4294	0	0	NA	0	0	0	0
19	14949896	19_14949896_G_T	G	T	4931	4000	4888	4000	0	0	NA	0	0	0	0
19	21411196	19_21411196_T_G	T	G	5174	4385	5150	4385	0	0	NA	1	0	0	0
19	29516234	19_29516234_A_C	A	C	4502	3826	4482	3826	0	0	NA	0	0	0	0
19	41915256	19_41915256_T_A	T	A	4797	4096	4762	4096	0	0	NA	0	0	0	0
19	42669581	19_42669581_C_T	C	T	4916	4149	4865	4149	0	0	NA	0	0	0	0
20	1675554	20_1675554_A_C	A	C	4843	4008	4736	4008	0	0	NA	0	0	0	0
20	3144926	20_3144926_A_T	A	T	4192	3516	4160	3516	0	0	NA	0	0	0	0
20	10958277	20_10958277_A_G	A	G	5134	4356	5074	4356	0	0	NA	0	0	0	0
20	14992672	20_14992672_G_T	G	T	5332	4541	5290	4541	0	0	NA	1	0	0	0
20	21055439	20_21055439_C_T	C	T	5385	4335	5320	4335	0	0	NA	0	0	0	0
20	21628588	20_21628588_T_C	T	C	5237	4272	5167	4272	0	0	NA	0	0	0	0
20	24830825	20_24830825_T_A	T	A	5178	4387	5151	4387	0	0	NA	0	0	0	0
20	30756462	20_30756462_T_G	T	G	5051	4302	5022	4302	0	0	NA	1	0	0	0
20	45858208	20_45858208_T_C	T	C	5245	4563	5201	4563	0	0	NA	1	0	0	0
20	53111244	20_53111244_T_A	T	A	4539	4081	4505	4081	0	0	NA	0	0	0	0
20	54310643	20_54310643_T_G	T	G	5353	4713	5335	4713	0	0	NA	0	0	0	0
20	58854805	20_58854805_T_A	T	A	5379	4567	5320	4567	0	0	NA	0	0	0	0
20	59500428	20_59500428_T_A	T	A	5294	4486	5255	4486	0	0	NA	0	0	0	0
20	59771123	20_59771123_G_C	G	C	5144	3858	5107	3858	0	0	NA	0	0	0	0
20	60492395	20_60492395_T_A	T	A	4823	3975	4777	3975	0	0	NA	0	0	0	0
21	17326794	21_17326794_G_T	G	T	5164	4236	5126	4236	0	0	NA	0	0	0	0
21	32588884	21_32588884_C_T	C	T	4667	3887	4630	3887	0	0	NA	0	0	0	0
21	33218294	21_33218294_G_T	G	T	4867	4431	4825	4431	0	0	NA	1	0	0	0
21	34451380	21_34451380_T_G	T	G	5141	4397	5109	4397	0	0	NA	0	0	0	0
21	39074192	21_39074192_T_C	T	C	5037	4264	5003	4264	0	0	NA	0	0	0	0
21	40375156	21_40375156_T_G	T	G	5085	4114	5028	4114	0	0	NA	0	0	0	0
21	41366161	21_41366161_G_A	G	A	4592	2050	4505	2049	1	1	NA	0	1	1	1
21	43324706	21_43324706_A_C	A	C	4831	4120	4799	4120	0	0	NA	0	0	0	0
21	47042699	21_47042699_A_T	A	T	5440	4626	5394	4626	0	0	NA	0	0	0	0
22	21425899	22_21425899_G_A	G	A	5251	4388	5216	4388	0	0	NA	0	0	0	0
22	26025201	22_26025201_G_C	G	C	5539	4738	5509	4738	0	0	NA	0	0	0	0
22	28355612	22_28355612_C_T	C	T	5124	4353	5082	4353	0	0	NA	0	0	0	0
22	30683425	22_30683425_C_T	C	T	5268	4375	2621	2233	2594	2142	NA	1	3763	3134	3134
22	33634221	22_33634221_A_C	A	C	4789	4213	4752	4213	0	0	NA	0	0	0	0
22	39674084	22_39674084_T_C	T	C	4515	3847	4468	3847	0	0	NA	0	0	0	0
22	39770052	22_39770052_T_C	T	C	4596	3782	4546	3782	0	0	NA	0	0	0	0
22	47154585	22_47154585_G_T	G	T	4726	4052	4692	4052	0	0	NA	0	0	0	0
22	48394917	22_48394917_C_T	C	T	5272	4511	5213	4511	0	0	NA	0	0	0	0
22	49767241	22_49767241_A_C	A	C	5121	4136	5080	4136	0	0	NA	0	0	0	0
X	22182467	X_22182467_A_C	A	C	2836	2633	2825	2633	0	0	NA	0	0	0	0
X	33048061	X_33048061_G_A	G	A	3048	2645	3029	2645	0	0	NA	0	0	0	0
X	37332737	X_37332737_A_C	A	C	2773	2415	2756	2415	0	0	NA	0	0	0	0
X	43936247	X_43936247_A_C	A	C	2875	2543	2862	2543	0	0	NA	0	0	0	0
X	44207941	X_44207941_C_T	C	T	2767	2392	2752	2392	0	0	NA	0	0	0	0
X	55804962	X_55804962_C_A	C	A	2900	2504	2869	2504	0	0	NA	0	0	0	0
X	68088210	X_68088210_G_T	G	T	2825	2453	2813	2453	0	0	NA	0	0	0	0
X	73339458	X_73339458_T_G	T	G	2897	2534	2887	2534	0	0	NA	0	0	0	0
X	82166727	X_82166727_G_A	G	A	3001	2655	2984	2655	0	0	NA	0	0	0	0
X	87718964	X_87718964_A_G	A	G	2963	2628	2960	2628	0	0	NA	0	0	0	0
X	88219182	X_88219182_C_A	C	A	2954	2587	2933	2587	0	0	NA	0	0	0	0
X	89279937	X_89279937_G_A	G	A	2540	2259	2515	2259	0	0	NA	1	1	1	1
X	92421896	X_92421896_C_A	C	A	2686	2327	2671	2327	0	0	NA	0	0	0	0
X	95536368	X_95536368_T_A	T	A	2938	2576	2920	2576	0	0	NA	0	0	0	0
X	108699337	X_108699337_G_T	G	T	2874	2474	2861	2474	0	0	NA	0	0	0	0
X	111616582	X_111616582_G_A	G	A	3015	2621	3002	2621	0	0	NA	0	0	0	0
X	122849971	X_122849971_C_G	C	G	3067	2705	3055	2705	0	0	NA	0	0	0	0
X	129975305	X_129975305_C_T	C	T	2903	2526	2881	2526	0	0	NA	0	0	0	0
X	131970197	X_131970197_C_T	C	T	2800	2379	2775	2379	0	0	NA	0	0	0	0
X	132865144	X_132865144_A_G	A	G	2899	2585	2890	2585	0	0	NA	0	0	0	0
X	146276613	X_146276613_A_T	A	T	2899	2542	2892	2542	0	0	NA	0	0	0	0
