chrom	ref_pos	ref	alt	type	dist_to_fragend	snv_base_qual	read_count	read_name	family_size	numN	numQ60	olen	flen	prim_AS	sec_AS	qual3p	qual5p
1	10168850	G	A	SNV	35	60	2	A01397:377:HLCLKDSX3:1:2515:19551:33223	1	0	103	121	121	116	0	]]]	]J]
1	63351846	G	A	SNV	31	60	2	A01397:377:HLCLKDSX3:1:2427:5665:31970	1	0	107	117	117	112	21	]]]	]]]
1	110371587	G	GA	INS	53	-2	2	A01397:377:HLCLKDSX3:1:1406:16396:13823	1	0	103	115	115	103	19	]]]	]]]
1	113675297	G	A	SNV	35	60	2	A01397:377:HLCLKDSX3:1:2401:27796:7639	1	0	110	142	142	137	19	]]]	]]]
1	156430077	G	A	SNV	42	60	2	A01397:377:HLCLKDSX3:1:2661:3296:33692	1	0	80	90	90	85	20	]]]	]]]
1	185674933	CA	C	DEL	18	-2	2	A01397:377:HLCLKDSX3:1:2375:1362:18756	1	0	45	59	59	51	21	]X]	]]]
2	1350599	C	T	SNV	32	60	2	A01397:377:HLCLKDSX3:1:1455:25617:23907	1	1	60	77	77	70	31	]]]	]JJ
2	18287324	A	G	SNV	26	60	2	A01397:377:HLCLKDSX3:1:2541:9209:27868	1	0	95	109	109	104	22	X]]	]]]
2	46203774	A	G	SNV	31	60	2	A01397:377:HLCLKDSX3:1:2142:14570:31548	1	1	75	92	92	85	0	]]]	]X]
2	81963668	C	A	SNV	30	60	2	A01397:377:HLCLKDSX3:1:1216:13874:19633	1	1	96	125	125	118	0	]]]	]]]
2	81963668	C	A	SNV	30	60	2	A01397:377:HLCLKDSX3:1:1216:14850:18724	1	1	113	125	125	118	0	XX]	]]]
2	116229533	A	G	SNV	39	60	2	A01397:377:HLCLKDSX3:1:1526:13268:1830	1	0	92	102	102	97	20	]]]	]]]
2	155387717	G	A	SNV	32	60	2	A01397:377:HLCLKDSX3:1:1528:7663:26882	1	1	114	140	140	133	19	]]]	]]]
3	7911207	C	T	SNV	31	60	2	A01397:377:HLCLKDSX3:1:2634:9227:21418	1	0	99	106	106	101	0	]]]	]]]
3	24450953	T	C	SNV	37	60	2	A01397:377:HLCLKDSX3:1:2613:3658:26584	1	0	103	116	116	111	20	X]]	]]]
3	24450953	T	C	SNV	37	60	2	A01397:377:HLCLKDSX3:1:1325:2094:5024	1	0	94	116	116	111	20	J]]	]]]
3	96454941	A	G	SNV	29	60	2	A01397:377:HLCLKDSX3:1:1611:3052:18490	1	0	96	103	103	98	21	]]]	]]]
3	105890332	A	G	SNV	14	60	2	A01397:377:HLCLKDSX3:1:1348:8576:29935	1	0	105	118	118	113	0	]]]	]]]
3	112319219	A	G	SNV	42	60	2	A01397:377:HLCLKDSX3:1:2134:15040:22310	1	0	80	93	93	88	20	]]]	]]X
3	137746354	T	C	SNV	53	60	2	A01397:377:HLCLKDSX3:1:2464:8368:20744	1	0	116	126	126	121	26	]]]	]XX
3	185696774	C	T	SNV	14	60	2	A01397:377:HLCLKDSX3:1:1150:11559:7357	1	0	82	103	103	93	21	J]]	]]]
3	194584148	CT	C	DEL	14	-2	2	A01397:377:HLCLKDSX3:1:2106:4526:22921	1	0	67	79	79	66	21	]]]	]J]
3	197068924	C	T	SNV	59	60	2	A01397:377:HLCLKDSX3:1:1128:22941:29105	1	0	99	124	124	119	22	J]]	]]]
4	35153866	G	T	SNV	27	60	2	A01397:377:HLCLKDSX3:1:2426:19958:19492	1	1	78	103	103	96	0	]]]	X]]
4	69985688	T	C	SNV	19	60	2	A01397:377:HLCLKDSX3:1:2654:10230:25567	1	1	96	121	121	114	23	X]]	]]]
4	107587380	G	A	SNV	50	60	2	A01397:377:HLCLKDSX3:1:2541:18177:2503	1	0	91	103	103	98	30	]]]	]]]
4	152391336	C	G	SNV	44	60	2	A01397:377:HLCLKDSX3:1:2533:24994:13557	1	0	107	116	116	111	21	]]]	]]]
4	152391336	C	G	SNV	44	60	2	A01397:377:HLCLKDSX3:1:2533:25608:16344	1	0	104	116	116	111	21	]]]	]]X
4	166115437	CT	C	DEL	52	-2	2	A01397:377:HLCLKDSX3:1:2435:19018:21966	1	1	88	115	115	105	0	]]]	X]]
4	166448443	T	C	SNV	41	60	2	A01397:377:HLCLKDSX3:1:2330:4363:4476	1	2	99	124	124	115	19	]]]	]S]
4	169257487	C	T	SNV	24	60	2	A01397:377:HLCLKDSX3:1:1478:11379:3818	1	1	104	126	126	119	19	]]]	]]]
4	169428025	A	G	SNV	35	60	2	A01397:377:HLCLKDSX3:1:2543:28565:2613	1	0	79	82	82	77	21	]]]	]J]
4	174354368	T	TG	INS	28	-2	2	A01397:377:HLCLKDSX3:1:1552:19361:19304	1	0	88	99	99	92	22	]]]	]]]
5	31332496	GA	G	DEL	37	-2	2	A01397:377:HLCLKDSX3:1:1461:6958:5682	1	0	100	109	109	101	20	]X]	]]]
5	35370067	T	C	SNV	32	60	2	A01397:377:HLCLKDSX3:1:2270:25500:3505	1	0	67	88	88	83	21	]]]	]]J
5	44248186	T	G	SNV	21	60	2	A01397:377:HLCLKDSX3:1:1213:9652:5118	1	0	84	94	94	89	19	]]]	]]]
5	73469118	C	T	SNV	25	60	2	A01397:377:HLCLKDSX3:1:1323:24008:18208	1	0	75	92	92	87	0	]]]	]]]
5	97921714	A	T	SNV	18	60	2	A01397:377:HLCLKDSX3:1:2140:9842:20666	1	1	96	101	101	94	19	]]]	]]]
5	114404054	A	G	SNV	22	60	2	A01397:377:HLCLKDSX3:1:2353:8458:35524	1	2	84	112	112	103	20	J]]	]]]
5	119472791	C	T	SNV	44	60	2	A01397:377:HLCLKDSX3:1:2157:5312:28573	1	0	90	97	97	92	20	]]]	X]]
5	119472791	C	T	SNV	44	60	2	A01397:377:HLCLKDSX3:1:2158:2510:4210	1	0	82	97	97	92	20	]]]	]]]
5	122534831	G	A	SNV	13	60	2	A01397:377:HLCLKDSX3:1:2265:11939:29590	1	0	93	108	108	103	19	X]]	]]]
5	155887140	G	C	SNV	27	60	2	A01397:377:HLCLKDSX3:1:2615:18620:13667	1	0	81	83	83	78	20	]]]	]]]
6	5692666	C	T	SNV	51	60	2	A01397:377:HLCLKDSX3:1:2374:31286:12305	1	1	91	113	113	106	0	J]]	]X]
6	10030484	AC	A	DEL	52	-2	2	A01397:377:HLCLKDSX3:1:2642:19235:23750	1	3	85	111	111	97	20	]]]	]]]
6	48172710	T	A	SNV	36	60	2	A01397:377:HLCLKDSX3:1:1371:13042:8202	1	0	79	87	87	82	20	]]]	]]]
6	52977011	T	C	SNV	32	60	2	A01397:377:HLCLKDSX3:1:1117:10429:19179	1	1	81	101	101	94	22	]J]	X]]
6	66920960	C	T	SNV	13	60	2	A01397:377:HLCLKDSX3:1:2128:5972:28714	1	0	89	97	97	92	44	]]]	]]]
6	76943132	T	G	SNV	34	60	2	A01397:377:HLCLKDSX3:1:2530:6090:26757	1	1	90	119	119	112	19	]]]	]]]
6	113719799	C	A	SNV	36	60	2	A01397:377:HLCLKDSX3:1:2116:18674:16924	1	0	107	114	114	109	21	]]X	]]]
6	118603185	A	C	SNV	19	60	2	A01397:377:HLCLKDSX3:1:1267:14705:32972	1	0	91	98	98	93	20	]]X	]]]
7	13409463	C	G	SNV	20	60	2	A01397:377:HLCLKDSX3:1:1421:23773:6684	1	0	89	107	107	102	0	]]]	]]X
7	82427032	G	A	SNV	36	60	2	A01397:377:HLCLKDSX3:1:2321:18349:34366	1	0	95	108	108	101	21	]X]	]]]
8	1874476	C	T	SNV	26	60	2	A01397:377:HLCLKDSX3:1:2363:8124:28526	1	0	107	140	140	135	19	X]X	]]]
8	5733038	A	G	SNV	31	60	2	A01397:377:HLCLKDSX3:1:2475:8983:4523	1	0	92	100	100	95	27	]]]	]]]
8	31001006	C	A	SNV	52	60	2	A01397:377:HLCLKDSX3:1:2614:16269:33833	1	0	84	109	109	104	21	]]]	]]]
8	92226819	A	G	SNV	62	60	2	A01397:377:HLCLKDSX3:1:1150:29993:26036	1	1	110	143	145	138	21	]]]	]X]
8	105861921	C	A	SNV	26	60	2	A01397:377:HLCLKDSX3:1:1237:28890:5869	1	1	93	117	117	105	0	X]]	XXS
9	72886231	A	G	SNV	20	60	2	A01397:377:HLCLKDSX3:1:2258:3694:4570	1	0	93	103	103	98	0	]]]	]]]
9	101877402	T	C	SNV	40	60	2	A01397:377:HLCLKDSX3:1:2150:8332:5776	1	0	104	123	123	118	20	]]]	]]]
10	15928946	TG	T	DEL	35	-2	2	A01397:377:HLCLKDSX3:1:2162:29098:10645	1	0	82	107	107	99	20	]]]	]]]
10	83054018	G	A	SNV	26	60	2	A01397:377:HLCLKDSX3:1:1425:16821:14246	1	0	92	97	97	92	34	]]]	]]]
10	91628310	G	C	SNV	32	60	2	A01397:377:HLCLKDSX3:1:1108:21278:7435	1	1	97	128	128	121	38	X]]	]XX
11	35139104	A	G	SNV	44	60	2	A01397:377:HLCLKDSX3:1:2320:21016:35603	1	1	78	97	97	90	19	]]X	]J]
11	78878096	T	C	SNV	32	60	2	A01397:377:HLCLKDSX3:1:1625:11966:6308	1	0	83	94	94	89	21	]]]	]]]
11	114072357	G	C	SNV	27	60	2	A01397:377:HLCLKDSX3:1:2627:25048:27868	1	0	79	80	80	75	21	]]]	]]]
12	2721277	GA	G	DEL	31	-2	2	A01397:377:HLCLKDSX3:1:1458:9019:9189	1	1	77	101	101	91	21	]]]	]]X
12	3106633	AC	A	DEL	43	-2	2	A01397:377:HLCLKDSX3:1:2528:6017:5619	1	1	70	92	92	82	20	]]]	X]X
12	56099578	A	G	SNV	53	60	2	A01397:377:HLCLKDSX3:1:1154:22860:27492	1	0	92	111	111	106	20	]]]	XX]
12	56099578	A	G	SNV	53	60	2	A01397:377:HLCLKDSX3:1:2566:1976:23860	1	0	86	111	111	106	20	]]]	]X]
12	61500278	A	T	SNV	38	60	2	A01397:377:HLCLKDSX3:1:1549:27959:3818	1	0	108	121	121	116	42	]]]	]]]
12	69816217	G	T	SNV	49	60	2	A01397:377:HLCLKDSX3:1:2434:6225:4883	1	0	112	127	127	117	53	J]]	]X]
12	81566420	C	A	SNV	41	60	2	A01397:377:HLCLKDSX3:1:2637:19705:21057	1	1	101	129	129	122	28	]X]	]J]
12	93787554	C	T	SNV	29	60	2	A01397:377:HLCLKDSX3:1:1234:16622:2284	1	0	78	82	82	77	19	]]]	]]]
12	94055319	C	T	SNV	48	60	2	A01397:377:HLCLKDSX3:1:2358:11261:10535	1	0	93	118	118	113	21	X]]	X]X
13	46398615	T	C	SNV	15	60	2	A01397:377:HLCLKDSX3:1:1242:25446:27931	1	1	77	100	100	93	19	]]]	]]X
13	57193522	A	G	SNV	14	60	2	A01397:377:HLCLKDSX3:1:2317:3088:22874	1	0	88	96	96	91	20	]]]	]]]
13	59508228	C	G	SNV	46	60	2	A01397:377:HLCLKDSX3:1:1123:30056:12493	1	0	89	112	112	107	21	]]]	X]]
13	69155508	T	A	SNV	33	60	2	A01397:377:HLCLKDSX3:1:2174:13548:9017	1	3	105	131	131	120	20	X]J	]X]
13	71928605	C	T	SNV	23	60	2	A01397:377:HLCLKDSX3:1:2221:13711:8985	1	0	78	84	84	79	20	]]]	]]]
13	82775683	A	G	SNV	28	60	2	A01397:377:HLCLKDSX3:1:1155:20437:30279	1	0	112	132	132	127	19	]]]	]]]
13	96228625	A	G	SNV	12	60	2	A01397:377:HLCLKDSX3:1:2441:17146:22764	1	0	83	90	90	85	26	XX]	]]]
13	100093177	C	A	SNV	51	60	2	A01397:377:HLCLKDSX3:1:2221:29541:33082	1	0	96	117	117	112	21	]]]	J]]
15	48827821	G	GA	INS	38	-2	2	A01397:377:HLCLKDSX3:1:1338:13141:15953	1	0	92	97	97	90	20	]]]	]]]
15	60806113	T	G	SNV	27	60	2	A01397:377:HLCLKDSX3:1:1203:20130:14309	1	0	87	103	103	94	19	]X]	XX]
15	64503299	A	G	SNV	38	60	2	A01397:377:HLCLKDSX3:1:2575:15130:17675	1	1	91	120	120	113	48	]XJ	]]]
15	88451293	C	A	SNV	35	60	2	A01397:377:HLCLKDSX3:1:1646:25654:24377	1	0	88	94	94	89	0	]]]	X]X
16	873063	C	T	SNV	20	60	2	A01397:377:HLCLKDSX3:1:2558:23204:3255	1	0	90	115	115	110	24	]X]	]]]
16	5453936	A	C	SNV	23	60	2	A01397:377:HLCLKDSX3:1:1229:5294:11193	1	2	92	117	117	108	19	]]]	]]]
16	25194599	C	G	SNV	13	60	2	A01397:377:HLCLKDSX3:1:1262:1407:5556	1	1	90	106	106	99	31	]J]	J]X
16	88499905	A	AG	INS	26	-2	2	A01397:377:HLCLKDSX3:1:1403:12979:35963	1	0	77	97	97	90	0	]X]	]]]
17	12001961	A	G	SNV	41	60	2	A01397:377:HLCLKDSX3:1:2568:5339:31845	1	0	94	103	103	98	20	]]]	]]]
17	12001961	A	G	SNV	41	60	2	A01397:377:HLCLKDSX3:1:2568:5719:31407	1	0	95	103	103	98	20	]]]	]]X
17	13853220	CAAATT	C	DEL	15	-2	2	A01397:377:HLCLKDSX3:1:2330:22471:15796	1	0	85	100	100	84	20	]]]	]]]
17	65120496	A	G	SNV	34	60	2	A01397:377:HLCLKDSX3:1:1540:3884:13761	1	0	82	106	106	101	20	]]]	]]]
18	28403372	A	G	SNV	34	60	2	A01397:377:HLCLKDSX3:1:1355:12237:27821	1	0	96	117	117	112	20	E]]	XX]
18	42279890	A	AT	INS	15	-2	2	A01397:377:HLCLKDSX3:1:2628:20365:16908	1	0	117	122	122	115	20	]]]	]]]
18	43244531	A	AG	INS	30	-2	2	A01397:377:HLCLKDSX3:1:1647:12237:15201	1	0	97	98	98	91	19	]]]	]]]
18	48219242	T	C	SNV	24	60	2	A01397:377:HLCLKDSX3:1:2633:6424:1532	1	0	89	110	110	105	0	X]]	]X]
19	7458429	A	G	SNV	13	60	2	A01397:377:HLCLKDSX3:1:1347:18701:6167	1	1	96	124	124	117	45	]]]	]]]
19	13432316	TG	T	DEL	16	-2	2	A01397:377:HLCLKDSX3:1:2538:23963:24142	1	0	84	100	100	92	25	]]]	X]]
19	51666633	G	A	SNV	48	60	2	A01397:377:HLCLKDSX3:1:2154:18123:21418	1	0	100	116	116	111	33	]]]	]]]
19	51666633	G	A	SNV	48	60	2	A01397:377:HLCLKDSX3:1:2236:24813:13996	1	0	87	116	116	111	33	]]]	]]]
20	2729527	A	C	SNV	26	60	2	A01397:377:HLCLKDSX3:1:1536:4725:10426	1	0	85	105	105	100	19	]]X	]J]
21	33052159	G	C	SNV	23	60	2	A01397:377:HLCLKDSX3:1:1129:14705:16282	1	1	78	88	88	81	21	X]]	]]]
22	28041852	A	AC	INS	48	-2	2	A01397:377:HLCLKDSX3:1:2132:8232:17816	1	0	83	97	97	90	0	]]]	]]]
22	46836573	T	C	SNV	14	60	2	A01397:377:HLCLKDSX3:1:1549:3694:9706	1	0	110	126	126	121	21	J]]	]]]
X	31278117	C	T	SNV	28	60	2	A01397:377:HLCLKDSX3:1:2601:12201:8093	1	2	94	124	124	115	40	]J]	]X]
X	67195653	C	T	SNV	57	60	2	A01397:377:HLCLKDSX3:1:1530:7374:6464	1	0	112	140	140	135	35	]X]	]]]
X	98238515	A	T	SNV	45	60	2	A01397:377:HLCLKDSX3:1:2442:10456:3349	1	2	98	125	163	154	0	]]X	]X]
X	104824711	A	C	SNV	24	60	2	A01397:377:HLCLKDSX3:1:2357:9561:26036	1	0	94	124	124	119	0	]]J	]]]
X	145274861	T	C	SNV	31	60	2	A01397:377:HLCLKDSX3:1:2317:1777:14278	1	0	86	114	114	109	20	]]X	]]]
