chrom	ref_pos	ref	alt	type	dist_to_fragend	snv_base_qual	read_count	read_name	family_size	numN	numQ60	olen	flen	prim_AS	sec_AS	qual3p	qual5p
1	40205986	A	T	SNV	59	60	2	A00761:658:HLJMHDRXY:2:2173:12283:24580	1	0	133	168	168	163	20	]]]	]]]
1	40574914	C	G	SNV	40	60	2	A00761:658:HLJMHDRXY:2:2143:3369:25207	1	0	71	92	92	87	23	XJ]	]]]
1	89598669	G	C	SNV	54	60	2	A00761:658:HLJMHDRXY:2:2172:10059:16250	1	0	114	125	125	120	19	]]]	]]X
1	94993082	G	C	SNV	19	60	2	A00761:658:HLJMHDRXY:2:2129:20916:16517	1	0	116	130	130	125	20	]]]	]]]
1	98274187	C	G	SNV	43	60	2	A00761:658:HLJMHDRXY:2:2277:23158:26036	1	0	119	128	128	123	25	]]]	]]]
1	239812254	A	AT	INS	28	-2	2	A00761:658:HLJMHDRXY:2:2172:20048:20337	1	0	113	120	120	113	21	]]]	]]]
2	59393391	G	A	SNV	35	60	2	A00761:658:HLJMHDRXY:2:2139:29803:26303	1	0	141	169	169	164	21	]]]	]]]
2	107659750	C	A	SNV	17	60	2	A00761:658:HLJMHDRXY:2:2111:15682:10488	1	0	111	137	137	132	33	]]X	X]J
2	114789107	G	A	SNV	29	60	2	A00761:658:HLJMHDRXY:2:2268:5746:22498	1	0	126	137	137	132	0	]]]	]]]
2	117624852	G	C	SNV	16	60	2	A00761:658:HLJMHDRXY:2:2270:3929:34538	1	0	131	150	150	145	22	]]]	]]]
2	126121166	G	T	SNV	79	60	2	A00761:658:HLJMHDRXY:2:2138:2772:31501	1	0	142	181	181	176	20	]]]	X]]
2	212633334	G	C	SNV	21	60	2	A00761:658:HLJMHDRXY:2:2230:28655:27539	1	0	106	133	133	128	40	]]]	]]]
2	216326421	A	T	SNV	39	60	2	A00761:658:HLJMHDRXY:2:2112:9037:33959	1	0	115	139	139	134	22	]]]	]X]
3	15075525	C	G	SNV	23	60	2	A00761:658:HLJMHDRXY:2:2110:17472:26271	1	0	99	114	114	109	19	J]]	]]]
3	29246298	C	G	SNV	45	60	2	A00761:658:HLJMHDRXY:2:2252:28239:25191	1	0	125	144	144	139	21	]]]	]]]
3	90173696	G	A	SNV	41	60	2	A00761:658:HLJMHDRXY:2:2144:8703:26209	1	0	95	120	120	115	27	]]]	]]]
3	120575551	C	G	SNV	35	60	2	A00761:658:HLJMHDRXY:2:2241:30255:32440	1	0	99	113	113	108	21	]J]	]]]
3	152599440	A	G	SNV	44	60	2	A00761:658:HLJMHDRXY:2:2146:22715:18161	1	0	87	105	105	100	22	]]]	]]]
4	15354539	C	T	SNV	26	60	2	A00761:658:HLJMHDRXY:2:2236:26585:19257	1	0	74	84	84	79	20	]X]	X]]
4	67972687	C	G	SNV	47	60	2	A00761:658:HLJMHDRXY:2:2146:1660:24502	1	0	112	133	133	127	23	]]]	]X]
4	96355134	T	A	SNV	33	60	2	A00761:658:HLJMHDRXY:2:2234:14055:8985	1	0	111	140	140	135	20	X]]	]]]
4	101122237	C	G	SNV	47	60	2	A00761:658:HLJMHDRXY:2:2162:26503:29731	1	0	112	141	141	132	22	X]]	X]]
4	103395751	C	G	SNV	41	60	2	A00761:658:HLJMHDRXY:2:2250:25183:33458	1	0	110	113	113	103	21	]]]	]]]
4	141676429	A	AG	INS	11	-2	2	A00761:658:HLJMHDRXY:2:2235:10438:31876	1	0	112	129	129	122	20	]]]	]]]
4	144560973	C	G	SNV	49	60	2	A00761:658:HLJMHDRXY:2:2272:14199:3129	1	0	109	136	136	131	21	]]]	]]]
4	168878617	C	G	SNV	41	60	2	A00761:658:HLJMHDRXY:2:2155:15094:22060	1	0	75	92	92	87	19	]]]	]X]
5	52721713	A	T	SNV	15	60	2	A00761:658:HLJMHDRXY:2:2270:6940:15765	1	0	99	122	122	117	22	]]]	]]]
5	110224038	CA	C	DEL	40	-2	2	A00761:658:HLJMHDRXY:2:2161:5240:14669	1	0	100	125	125	117	46	]]]	]]]
5	113987813	TG	T	DEL	46	-2	2	A00761:658:HLJMHDRXY:2:2129:29821:10770	1	0	107	115	115	107	20	]]]	]]]
5	130544496	G	C	SNV	34	60	2	A00761:658:HLJMHDRXY:2:2275:26910:30217	1	0	68	88	88	83	40	]]]	]]]
5	167598134	G	C	SNV	48	60	2	A00761:658:HLJMHDRXY:2:2173:28465:5541	1	0	108	126	126	116	23	]]]	]]]
5	174483293	C	G	SNV	84	60	2	A00761:658:HLJMHDRXY:2:2207:25418:10661	1	0	145	185	185	170	33	]]]	]]]
6	713267	T	C	SNV	42	60	2	A00761:658:HLJMHDRXY:2:2105:4969:15107	1	0	114	137	137	132	21	]]]	]]]
6	34942894	C	G	SNV	18	60	2	A00761:658:HLJMHDRXY:2:2135:8775:1188	1	0	116	133	133	128	21	]]]	]]]
6	47072849	T	C	SNV	50	60	2	A00761:658:HLJMHDRXY:2:2274:26820:5791	1	0	108	118	118	113	19	]]]	XX]
6	47176852	T	A	SNV	45	60	2	A00761:658:HLJMHDRXY:2:2124:4164:5353	1	0	92	101	101	96	19	]]]	]]]
7	32517877	G	C	SNV	35	60	2	A00761:658:HLJMHDRXY:2:2264:20473:1846	1	0	100	114	114	104	43	]]]	]]J
7	50174638	G	C	SNV	13	60	2	A00761:658:HLJMHDRXY:2:2121:14018:36166	1	0	122	147	147	142	19	]]]	]J]
7	82748027	C	G	SNV	69	60	2	A00761:658:HLJMHDRXY:2:2145:21793:28119	1	0	135	169	169	159	31	]]]	]]]
7	119176689	GA	G	DEL	19	-2	2	A00761:658:HLJMHDRXY:2:2259:25274:23124	1	0	131	168	168	160	27	]]]	]]X
7	151797239	A	G	SNV	35	60	2	A00761:658:HLJMHDRXY:2:2147:10493:33317	1	0	88	92	92	87	20	]]]	]J]
7	155146732	T	A	SNV	39	60	2	A00761:658:HLJMHDRXY:2:2240:15718:29904	1	0	87	107	107	97	20	]]]	]]X
8	18489030	CA	C	DEL	49	-2	2	A00761:658:HLJMHDRXY:2:2169:19397:27915	1	0	90	108	108	100	19	]]]	]]]
8	25112718	G	C	SNV	47	60	2	A00761:658:HLJMHDRXY:2:2232:6126:9784	1	0	106	117	117	112	34	]X]	]]]
8	60702995	C	G	SNV	40	60	2	A00761:658:HLJMHDRXY:2:2174:27787:5212	1	0	92	120	120	110	21	]]]	]]]
8	118733774	G	A	SNV	44	60	2	A00761:658:HLJMHDRXY:2:2139:2184:18145	1	0	129	154	154	149	40	]]]	]]X
8	140178513	C	G	SNV	32	60	2	A00761:658:HLJMHDRXY:2:2244:19090:22028	1	0	101	121	121	116	19	]]]	]]]
9	25900140	G	C	SNV	13	60	2	A00761:658:HLJMHDRXY:2:2113:2889:23312	1	0	84	102	102	97	31	]]]	]]]
9	89985533	T	C	SNV	37	60	2	A00761:658:HLJMHDRXY:2:2255:13810:21496	1	0	108	112	112	107	0	]]]	]]]
10	57181828	C	G	SNV	61	60	2	A00761:658:HLJMHDRXY:2:2223:24876:36432	1	0	105	127	127	122	21	]X]	J]X
10	122880917	G	C	SNV	47	60	2	A00761:658:HLJMHDRXY:2:2125:29044:9486	1	0	91	106	106	101	20	]]]	]X]
11	25244498	C	G	SNV	14	60	2	A00761:658:HLJMHDRXY:2:2274:29939:35712	1	0	136	153	153	148	19	X]]	X]X
11	59881692	G	T	SNV	39	60	2	A00761:658:HLJMHDRXY:2:2165:18774:32784	1	0	81	99	99	89	32	]]]	]]]
11	95547233	A	AAATAGGG	INS	20	-2	2	A00761:658:HLJMHDRXY:2:2119:23059:11021	1	0	74	77	77	65	24	]]]	]]]
11	103302616	G	A	SNV	54	60	2	A00761:658:HLJMHDRXY:2:2160:29279:5040	1	0	102	130	130	125	50	]]]	]]]
11	108154187	A	T	SNV	32	60	2	A00761:658:HLJMHDRXY:2:2239:13774:17174	1	0	133	170	170	165	19	]]J	]]]
11	115769897	T	A	SNV	58	60	2	A00761:658:HLJMHDRXY:2:2162:22598:11130	1	0	105	125	125	120	20	X]]	]]]
12	9850515	C	G	SNV	13	60	2	A00761:658:HLJMHDRXY:2:2225:27633:20917	1	0	98	120	120	115	28	]]]	]XX
12	13843774	G	A	SNV	63	60	2	A00761:658:HLJMHDRXY:2:2209:19397:21559	1	0	110	126	126	116	22	]X]	]X]
12	55675015	A	G	SNV	19	60	2	A00761:658:HLJMHDRXY:2:2117:12753:8265	1	0	73	82	82	77	25	]]]	]]]
12	112614758	AT	A	DEL	23	-2	2	A00761:658:HLJMHDRXY:2:2162:27615:21825	1	0	78	100	100	92	22	]X]	]]]
12	117669639	C	T	SNV	40	60	2	A00761:658:HLJMHDRXY:2:2130:9607:1814	1	0	97	112	112	107	19	]]]	]]]
12	131195983	G	T	SNV	12	60	2	A00761:658:HLJMHDRXY:2:2119:20419:18787	1	0	127	156	156	151	20	]]X	J]J
13	47345714	G	A	SNV	77	60	2	A00761:658:HLJMHDRXY:2:2210:27932:35994	1	0	144	177	177	172	22	]]]	XJ]
13	88511893	T	C	SNV	18	60	2	A00761:658:HLJMHDRXY:2:2230:7265:29199	1	0	120	136	136	131	20	]]]	]]]
14	88505318	T	A	SNV	17	60	2	A00761:658:HLJMHDRXY:2:2276:18584:23782	1	0	90	110	110	105	19	X]]	]]]
14	104198137	T	C	SNV	51	60	2	A00761:658:HLJMHDRXY:2:2105:29035:15201	1	0	104	120	120	115	0	]]]	]]]
15	78622802	C	G	SNV	37	60	2	A00761:658:HLJMHDRXY:2:2267:4499:20838	1	0	128	167	167	162	20	]]]	]]]
16	9018450	CT	C	DEL	44	-2	2	A00761:658:HLJMHDRXY:2:2202:16251:17018	1	0	105	137	137	129	20	]]]	J]]
16	51417842	C	T	SNV	21	60	2	A00761:658:HLJMHDRXY:2:2148:2528:17174	1	0	109	145	145	140	19	]]]	X]]
16	82972744	C	G	SNV	34	60	2	A00761:658:HLJMHDRXY:2:2140:23628:28761	1	0	82	108	108	103	33	]]]	]]X
17	11143298	A	T	SNV	56	60	2	A00761:658:HLJMHDRXY:2:2235:7979:9173	1	0	139	175	175	170	0	]]]	]]]
17	46763420	C	A	SNV	55	60	2	A00761:658:HLJMHDRXY:2:2262:6370:16031	1	0	107	119	119	109	22	]]]	]]]
17	61720204	G	GC	INS	24	-2	2	A00761:658:HLJMHDRXY:2:2153:21377:14184	1	0	101	129	129	122	48	]]]	J]]
18	5674115	C	T	SNV	42	60	2	A00761:658:HLJMHDRXY:2:2207:7771:22498	1	0	115	134	134	129	20	]]]	X]]
18	40277175	C	A	SNV	45	60	2	A00761:658:HLJMHDRXY:2:2249:3224:12305	1	0	103	110	110	105	23	]]]	X]]
18	40594349	G	C	SNV	37	60	2	A00761:658:HLJMHDRXY:2:2273:16830:24533	1	0	112	125	125	120	21	]]]	]]]
18	51608293	C	G	SNV	49	60	2	A00761:658:HLJMHDRXY:2:2213:32624:15718	1	0	105	128	128	123	43	]]]	J]]
18	64893858	C	T	SNV	61	60	2	A00761:658:HLJMHDRXY:2:2104:16215:35180	1	0	130	144	144	139	20	]]]	]]]
18	72352707	G	A	SNV	54	60	2	A00761:658:HLJMHDRXY:2:2262:21178:10520	1	0	105	137	137	132	22	]]]	]X]
19	8925037	G	A	SNV	64	60	2	A00761:658:HLJMHDRXY:2:2256:4309:30029	1	0	117	131	131	126	23	]X]	]]]
19	15198451	C	G	SNV	37	60	2	A00761:658:HLJMHDRXY:2:2144:18195:2221	1	0	76	97	97	88	20	]]]	]]X
19	57190434	G	A	SNV	31	60	2	A00761:658:HLJMHDRXY:2:2113:6786:26866	1	0	93	122	122	117	48	X]X	]]]
20	9066796	C	T	SNV	41	60	2	A00761:658:HLJMHDRXY:2:2235:16586:30499	1	0	114	142	142	137	21	]X]	X]]
20	24259534	G	T	SNV	56	60	2	A00761:658:HLJMHDRXY:2:2108:25346:16673	1	0	119	137	137	132	20	]]]	]]J
20	44824299	C	A	SNV	35	60	2	A00761:658:HLJMHDRXY:2:2224:10375:32424	1	0	122	148	148	143	20	]]]	]]]
21	19161672	GA	G	DEL	18	-2	2	A00761:658:HLJMHDRXY:2:2210:21811:9925	1	0	106	128	128	120	20	X]X	]]]
21	35503509	G	A	SNV	31	60	2	A00761:658:HLJMHDRXY:2:2153:19190:6793	1	0	140	156	156	151	19	]]]	]]]
X	20176576	C	A	SNV	48	60	2	A00761:658:HLJMHDRXY:2:2237:11180:4633	1	0	120	160	160	155	20	]]]	]]]
X	129695300	T	C	SNV	37	60	2	A00761:658:HLJMHDRXY:2:2117:5032:34820	1	0	73	84	84	79	21	]]X	]]J
X	142121899	G	T	SNV	44	60	2	A00761:658:HLJMHDRXY:2:2238:3604:20854	1	0	90	113	113	108	26	]]]	]]X
